Wavelength	I1	I1 dark	R1	R1dark	XCorrect	I1c	R1c	I1c/R1c	Abs	Percent T
nm	uA	uA	uA	uA		uA	uA	uA/uA	OD	T*100
	Abs Detector Raw	Dark Offset for Abs Detector	Ref Detector Raw	Dark Offset for Ref Detector	Linear interp	Dark subtracted Abs Detector	Corrected Ref Detector	Corrected Intensity 	-Log(T)	% Transmittance
800	0.142004284100548	2.33825855274479E-4	0.208962461018055	0.00496221539421921	1.35067892074585	0.141770458245273	0.27553883159109	0.514520793409133	6.69235662881634E-4	99.8460214626766
798	0.146837269463316		0.216233083929066		1.34199333190918	0.146603443608042	0.283524096800425	0.517075780374452	5.00977573118195E-4	99.8847121583752
796	0.159854998140548		0.235278892187313		1.33337259292603	0.159621172285273	0.307097944529713	0.519772844880859	5.39056953666812E-4	99.8759545494735
794	0.166148924430706		0.24407793466314		1.32502686977386	0.165915098575432	0.316834753016625	0.523664455984492	5.4561110843519E-4	99.8744472829721
792	0.158312411019026		0.232583198152064		1.31713449954987	0.158078585163752	0.299807449211803	0.52726703615718	5.90132903978224E-4	99.8642091565546
790	0.149944460918185		0.220731352954061		1.30966234207153	0.149710635062911	0.282584714043377	0.529790281012618	5.36010701391983E-4	99.8766551073517
788	0.14968344918522		0.220684065432887		1.30193436145782	0.149449623329945	0.280855689082594	0.532122471216864	5.55985566514969E-4	99.8720615034282
786	0.153696312862422		0.226567353144364		1.29363858699799	0.153462487007148	0.286676957270592	0.535315040553804	5.61284722257619E-4	99.8708428962354
784	0.158069989984228		0.232931060775796		1.28498160839081	0.157836164128954	0.292935773601414	0.538808088163772	4.37696630427401E-4	99.8992673957373
782	0.164683806333533		0.242627362235465		1.27644824981689	0.164449980478259	0.303367260727983	0.542082161679648	4.82032058843521E-4	99.8890695900154
780	0.175221420427169		0.258091483572599		1.268270611763	0.174987594571895	0.321036411807715	0.545070864661619	4.91909454859421E-4	99.8867977843183
778	0.18915207970378		0.278396439012094		1.26044166088104	0.188918253848506	0.344647886958633	0.548148591641246	5.57769526833975E-4	99.8716512577627
776	0.206322936797645		0.303215288095052		1.25292003154755	0.20608911094237	0.37368724925748	0.551501586826607	3.77334917084634E-4	99.9131531582037
774	0.235338417943911		0.345348898766538		1.24577045440674	0.235104592088637	0.424043673218736	0.554434854089573	3.38062056265724E-4	99.9221886236381
772	0.307360918876827		0.450415137360386		1.23883104324341	0.307127093021552	0.551840908035171	0.556550064610248	3.11023398195436E-4	99.9284098539562
770	0.403748142612776		0.590643205952895		1.23221707344055	0.403514316757502	0.721686116155974	0.559127171389691	3.18800398939654E-4	99.9266204313594
768	0.44318155523597		0.64529553392055		1.22665858268738	0.442947729380695	0.785470360951014	0.563926726457754	5.2480411043272E-4	99.8792323707247
766	0.392394714618592		0.569937552349107		1.22236526012421	0.392160888763317	0.690606224720622	0.567850208593127	5.99404479055683E-4	99.8620772191986
764	0.335188865848151		0.48757737415037		1.2186872959137	0.334955039992877	0.588156962791492	0.569499404381993	4.68258011663096E-4	99.8922377135663
762	0.321696626217005		0.46933303614954		1.214359998703	0.321462800361731	0.563913349290144	0.57005708548377	4.24777350368316E-4	99.9022392175397
760	0.333697578927841		0.486703237190972		1.20898902416229	0.333463753072566	0.582419607841002	0.572548981152435	3.52237411719083E-4	99.9189272204093
758	0.355117349350064		0.517667903510114		1.2031888961792	0.35488352349479	0.616881790948961	0.575286106190402	4.42567932371517E-4	99.8981468731736
756	0.380729094242842		0.554332348859216		1.19780671596527	0.380495268387567	0.65803923541511	0.578225807686892	3.25373094232433E-4	99.9251081343233
754	0.405091675017076		0.589079555751623		1.1931779384613	0.404857849161801	0.696955923987147	0.580894480164097	4.06448238942302E-4	99.9064556144588
752	0.428770905574314		0.622711312209034		1.18890511989594	0.428537079719039	0.734445064014223	0.583484185157163	3.97357310306015E-4	99.9085469418925
750	0.463121781596722		0.671877764344118		1.1848680973053	0.462887955741448	0.790206957547584	0.585780663306263	3.44678208008354E-4	99.9206663953937
748	0.511304135224996		0.740796268707405		1.18107759952545	0.511070309369721	0.86907711733622	0.588060943240787	3.08086593472725E-4	99.9290855964086
746	0.566698810601794		0.819544887472331		1.17750906944275	0.56646498474652	0.959178484182885	0.590573072778093	3.90232991622468E-4	99.9101858901073
744	0.613924485767094		0.885713555115648		1.174187541008	0.613690659911819	1.034167249827	0.593415291399412	3.3183032928891E-4	99.9236224255672
742	0.671421291872797		0.966249998885638		1.17108881473541	0.671187466017523	1.1257533709886	0.596211819848347	3.4368565285794E-4	99.9208947586116
740	0.761448722543339		1.09350757772284		1.16803753376007	0.761214896688064	1.27146184040029	0.598692679953661	2.93432833540065E-4	99.9324574134507
738	0.872601941093333		1.24952705433331		1.16498303413391	0.872368115238058	1.44989692224364	0.601675954927963	3.13470616593436E-4	99.9278467660878
736	0.952100991373815		1.35897906439401		1.16204738616943	0.95186716551854	1.57343174020958	0.604962478633967	3.66791716483328E-4	99.9155787409523
734	0.982418604778062		1.39873086111017		1.15931880474091	0.982184778922788	1.61582220043676	0.607854489595019	3.46095306573736E-4	99.9203403557872
732	0.986964216942516		1.4043134172402		1.15665113925934	0.986730391087242	1.61856116183908	0.609634293934296	4.04862677465229E-4	99.9068203626264
730	0.98456584231831		1.40205337452462		1.15388596057892	0.984332016463036	1.6120838741695	0.610596031779137	3.1329079395344E-4	99.9278881419139
728	0.986776470971587		1.40819190355283		1.15089321136475	0.986542645116312	1.61496752208722	0.610874603745149	3.16796236203234E-4	99.9270815693187
726	0.999419746983078		1.43015115151196		1.1476241350174	0.999185921127804	1.63558122004848	0.6109057189457	2.58866768055037E-4	99.9404114848922
724	1.01469718008854		1.45583409940738		1.14410185813904	1.01446335423326	1.65994521842115	0.611142670839563	2.44088830139333E-4	99.943812261061
722	1.01711899312818		1.46216342921608		1.14027833938599	1.0168851672729	1.66161498024803	0.611986037295541	1.92715987082456E-4	99.9556353481195
720	0.989196800246583		1.42358928996591		1.13600122928619	0.988962974391309	1.61156210061212	0.613667307028174	2.59827006255432E-4	99.9401905138719
718	0.920473834822945		1.32511889118946		1.13137769699097	0.92024000896767	1.49359581952847	0.616123851537152	3.62050705585012E-4	99.9166694834164
716	0.806403301221131		1.16051728723292		1.12621939182281	0.806169475365856	1.30140853022395	0.619459191055962	3.56583143095541E-4	99.9179273950311
714	0.675127841845779		0.972007263877281		1.12039887905121	0.674894015990505	1.08347618831244	0.622896952670163	3.79526879750398E-4	99.9126488797522
712	0.552523601613025		0.797690385911707		1.11375534534454	0.552289775757751	0.882905237319053	0.625536866713785	3.46013663414257E-4	99.9203591398459
710	0.457154748539511		0.663613850497744		1.10628998279572	0.456920922684236	0.728659706067048	0.627070385366132	1.89265343931946E-4	99.9564295387277
708	0.387343623635357		0.566989949211471		1.09837675094604	0.387109797780082	0.617318196211761	0.627083083174322	2.42926195498627E-4	99.9440798175201
706	0.336368028746272		0.497481703334427		1.09038031101227	0.336134202890997	0.537033552439847	0.625909128701317	8.52483286717333E-5	99.980372773312
704	0.299290502038957		0.448066947367328		1.0826700925827	0.299056676183683	0.479736241189159	0.623377286323811	3.24517311560194E-5	99.9925279919283
702	0.279551213177402		0.423421486345201		1.07555782794952	0.279317387322128	0.450077144549379	0.620598914441173	5.41050605254683E-5	99.9875426254132
700	0.271151601089383		0.41469214617012		1.0694442987442	0.270917775234109	0.438183338493144	0.618274935249159	2.04084870477861E-4	99.9530187615949
698	0.27882024333169		0.428748905147155		1.0649927854538	0.278586417476416	0.451329767158223	0.61725691002063	1.67670767463743E-4	99.9613998308137
696	0.30093671724234		0.463289432658064		1.06259047985077	0.300702891387066	0.487014137721057	0.617441811431144	1.71099387290343E-4	99.9606106697749
694	0.328859749052152		0.505647087518108		1.06203079223633	0.328625923196878	0.531742751402478	0.618016742739083	3.30266082842026E-4	99.9239823321728
692	0.352392069209587		0.540647270788899		1.06277585029602	0.352158243354312	0.569313140237951	0.618566863232988	2.91215948686031E-4	99.9329675265789
690	0.368808576712349		0.564972990601366		1.06392598152161	0.368574750857074	0.595810013674939	0.618611205581651	2.9241869358539E-4	99.9326907703557
688	0.379787757576681		0.581521157954676		1.06461536884308	0.379553931721407	0.613813511293776	0.61835382365793	2.33798705903109E-4	99.9461803464766
686	0.385233775010975		0.589853115013669		1.0645604133606	0.3849999491557	0.622651697869732	0.618323133901175	3.35581929338743E-4	99.9227592512388
684	0.381339958193038		0.583995265610806		1.06376242637634	0.381106132337763	0.615953602450491	0.618725389090318	3.659116857533E-4	99.9157812046548
682	0.377260245684925		0.578174002816684		1.06245732307434	0.377026419829651	0.60901306121953	0.619077724005897	2.55885275256059E-4	99.9410975922511
680	0.379385702829753		0.581985451165712		1.06094348430634	0.379151876974478	0.612189042285123	0.619337901833745	2.86521701378393E-4	99.9340476982564
678	0.386854287089461		0.593869316169496		1.05921316146851	0.386620461234186	0.623778152023433	0.619804428834279	3.3599695209252E-4	99.9226637625771
676	0.394928876290594		0.606526081560816		1.05730748176575	0.39469505043532	0.636037976457872	0.620552647867659	2.70803725085873E-4	99.937664574553
674	0.401736278607143		0.617375694554573		1.05524814128876	0.401502452751869	0.646248185584144	0.621282135421317	2.89713409514753E-4	99.9333132676928
672	0.408206607560781		0.627814087762375		1.05312037467957	0.407972781705507	0.655937997198221	0.621968514475645	2.69674043974048E-4	99.9379245314338
670	0.413644525629873		0.636616396992339		1.0509113073349	0.413410699774598	0.663812521766837	0.62278231611878	2.7706651203151E-4	99.9362234238722
668	0.417910672158236		0.643481418022037		1.0485315322876	0.417676846302962	0.669507517926401	0.623856842708191	2.07396906924704E-4	99.9522564982169
666	0.420886044765976		0.648531695101466		1.04595601558685	0.420652218910702	0.673145368747896	0.624905463872014	2.20508460260747E-4	99.9492389384408
664	0.424439108411447		0.654546345040812		1.04322910308838	0.424205282556172	0.67766506895166	0.625980741802751	3.13069709981864E-4	99.927939011683
662	0.429730982474774		0.663126840001643		1.04042720794678	0.4294971566195	0.684772382749641	0.627211563198407	3.29804000269321E-4	99.9240886497922
660	0.436780286035474		0.674273677725657		1.03775990009308	0.436546460180199	0.694584596280226	0.628500059629997	2.96840511572249E-4	99.9316732996339
658	0.446945263106673		0.69024540922922		1.03528940677643	0.446711437251399	0.709466431219294	0.629644219365921	2.65223824948289E-4	99.9389486013917
656	0.460344895011139		0.71138300527513		1.03309750556946	0.460111069155864	0.729801555908375	0.630460520988023	3.62584962646833E-4	99.9165465687683
654	0.47755907127292		0.738209899699185		1.03115320205688	0.477325245417646	0.756090697571861	0.631306861664278	3.26878007709583E-4	99.924761875304
652	0.493916891031777		0.763595746155365		1.02945709228516	0.493683065176502	0.780980668687391	0.632132247276037	2.73775710298178E-4	99.9369806785852
650	0.502561352972333		0.777151021980107		1.02793705463409	0.502327527117058	0.793761487463314	0.632844418696082	2.79702160600591E-4	99.9356169322496
648	0.503862628601899		0.779505986875482		1.02666783332825	0.503628802746624	0.795199175684557	0.633336676076241	2.9816883054374E-4	99.9313676523369
646	0.504396744200351		0.780711350945373		1.02560043334961	0.504162918345076	0.795608649591848	0.633682047830569	2.5804872427306E-4	99.9405997343694
644	0.510172966406274		0.790184010514456		1.02465677261353	0.509939140550999	0.8045828303737	0.633793217180822	3.53127238789797E-4	99.9187224964745
642	0.519663231871282		0.80520240706089		1.02378344535828	0.519429406016008	0.819272660538672	0.634012864135467	3.341419455809E-4	99.9230905641956
640	0.532801351020445		0.825864423579891		1.02288675308228	0.532567525165171	0.839689994329112	0.634243028691412	3.19769269753714E-4	99.9263975045617
638	0.546948875683152		0.848123965422099		1.02184903621674	0.546715049827878	0.861584021640805	0.634546412300812	3.03769373969704E-4	99.9300789729297
636	0.562303754772188		0.872249766412123		1.02063095569611	0.562069928916914	0.885180522058738	0.634977741726242	3.969539251229E-4	99.9086397398623
634	0.57660619886787		0.894559758998758		1.01923584938049	0.576372373012596	0.906709707962572	0.635674646417691	3.09244260587796E-4	99.9288192230908
632	0.58947377724663		0.914817764899256		1.0177036523819	0.589239951391355	0.925963315871214	0.636353450824297	3.75788334644398E-4	99.9135089633309
630	0.603098820832323		0.936179991986749		1.01619136333466	0.602864994977049	0.946295461957029	0.637079029978932	3.53852212643076E-4	99.9185557008926
628	0.618412851227675		0.960380795723054		1.01451146602631	0.6181790253724	0.969283104598179	0.637769318829373	4.09863174049203E-4	99.9056700352365
626	0.634609273892449		0.98566662081733		1.01275491714478	0.634375448037175	0.993213208857799	0.638710241043522	3.71169414027991E-4	99.9145715948856
624	0.649814738614406		1.0095118746283		1.01092803478241	0.649580912759132	1.01552741285085	0.639648821429242	3.88195379713647E-4	99.9106546473
622	0.662252831826424		1.02902319382524		1.0092089176178	0.66201900597115	1.03349147161699	0.64056552390835	4.32556407538821E-4	99.9004497905433
620	0.671706384034744		1.04405649790335		1.00772297382355	0.671472558179469	1.04711918045315	0.641257051455103	4.62138387885959E-4	99.8936453004583
618	0.680907768885672		1.05854075565798		1.0068142414093	0.680673943030398	1.06075787878077	0.641686436317361	4.65092958660339E-4	99.8929657112549
616	0.68874507110045		1.0709494399956		1.00664889812469	0.688511245245175	1.07307486505998	0.641624613215304	4.10722096826993E-4	99.9054724477139
614	0.695682788052708		1.08196609064738		1.00700271129608	0.695448962197434	1.08454582245632	0.64123520444932	4.23995018729743E-4	99.9024191801139
612	0.702817180114044		1.0933283333388		1.00780045986176	0.70258335425877	1.0968558741625	0.64054300187363	4.12631122124379E-4	99.905033294874
610	0.710954716702622		1.10625310287944		1.00835275650024	0.710720890847348	1.11048970210432	0.640006737118381	4.35080254032239E-4	99.8998692336222
608	0.722811826030244		1.1248844837254		1.0085117816925	0.722578000174969	1.12945480219179	0.639758225625987	4.56286510454474E-4	99.8949913210301
606	0.735106076469399		1.14427703430709		1.00798010826111	0.734872250614125	1.14840667451128	0.63990593830958	5.01109964264843E-4	99.8846817093363
604	0.749008903562284		1.16591855948917		1.00688087940216	0.748775077707009	1.16894474468984	0.640556434432394	5.01643388400404E-4	99.8845590256056
602	0.765482408135131		1.19148513684062		1.00539457798004	0.765248582279856	1.19292371187125	0.641489958380881	5.12075246259453E-4	99.8821598033007
600	0.782654775315049		1.21791795015053		1.00393652915955	0.782420949459774	1.21773057037542	0.642523862416101	5.12190740939477E-4	99.8821332410094
598	0.801570310517786		1.24722190297533		1.00287997722626	0.801336484662512	1.24583736719044	0.643211149196504	5.17054684754412E-4	99.8810146028872
596	0.821021966018675		1.27735370064546		1.00218975543976	0.8207881401634	1.27517771142757	0.643665688952893	5.79379720075331E-4	99.8666818370644
594	0.841954837028781		1.30971808711282		1.00178515911102	0.841721011173507	1.30708506855066	0.643968041121331	6.05005715522941E-4	99.8607892739797
592	0.860265759807177		1.3380224848879		1.00154709815979	0.860031933951902	1.3351226445835	0.644159499084964	6.48261581905165E-4	99.8508436034041
590	0.878172846832791		1.36566292300988		1.00122630596161	0.877939020977517	1.36236934300537	0.644420711230035	6.6325881859107E-4	99.8473955723063
588	0.894766176234261		1.39108900567195		1.00070452690125	0.894532350378987	1.38710335389002	0.644892356341251	6.63341178398511E-4	99.8473766372016
586	0.909878071010303		1.41439097701439		0.999973237514496	0.909644245155028	1.40939104180337	0.645416508388691	6.83448341658171E-4	99.8427539650011
584	0.923562408419002		1.43530311194059		0.999053955078125	0.923328582563727	1.42898772980465	0.646141715079635	6.87422034944743E-4	99.8418404312524
582	0.936481448284372		1.45528378202677		0.998229086399078	0.936247622429098	1.44775317244449	0.64669008519475	7.70567854651314E-4	99.8227275080992
580	0.950955393844213		1.47729995991731		0.997582137584686	0.950721567988938	1.46877783442796	0.647287524160664	7.2985780963334E-4	99.8320851637277
578	0.967326330363271		1.50233185312784		0.997147619724274	0.967092504507996	1.49309857011348	0.647708412469042	7.42377984736467E-4	99.8292071691349
576	0.982677634318043		1.52582970703785		0.996688485145569	0.982443808462768	1.51583111635343	0.648122206929087	7.42722177834755E-4	99.8291280511357
574	0.998806293006037		1.55074355093244		0.996220171451569	0.998572467150763	1.53993854711652	0.648449556003746	8.50717252838639E-4	99.8043068427599
572	1.01853102772947		1.58087764627102		0.9957315325737	1.01829720187419	1.56918868719349	0.648932285954358	8.29204608935204E-4	99.8092507409219
570	1.03708462079498		1.60918083585519		0.995352268218994	1.0368507949397	1.59676264259497	0.649345599202316	8.5733581359564E-4	99.8027858567405
568	1.05558448857994		1.63719129472764		0.995181918144226	1.05535066272467	1.62436486602182	0.649700498207215	8.65112984699399E-4	99.8009986445496
566	1.07590023801049		1.66830988713259		0.995282471179962	1.07566641215521	1.6555007811592	0.649752887100431	9.60719824413018E-4	99.7790305830355
564	1.09902932300107		1.70350359060524		0.995623111724854	1.0987954971458	1.69110704938101	0.649749226430098	9.62340240560126E-4	99.7786582935928
562	1.12367066445535		1.74102085974244		0.996170461177826	1.12343683860007	1.72941034037212	0.649606870257489	0.00100007312834926	99.7699895825594
560	1.15169508786632		1.78356297505097		0.99668163061142	1.15146126201104	1.7726987053414	0.649552717865434	0.00103823754984686	99.7612224975604
558	1.18042283769049		1.82711903810935		0.997178435325623	1.18018901183522	1.81701548939298	0.649520611532864	0.00107094157915335	99.753710380229
556	1.20875339299721		1.86994503525268		0.997675478458405	1.20851956714193	1.86064762711899	0.649515550138418	0.00111490363657746	99.7436131844869
554	1.2377523839702		1.91366606413071		0.99818366765976	1.23751855811493	1.90523700820809	0.649535229886614	0.00112750710138509	99.740718611956
552	1.26543012159154		1.95515287060556		0.998678505420685	1.26519629573627	1.94761348883185	0.64961364407838	0.00115448566173009	99.7345228679826
550	1.29320100832139		1.99688162043882		0.999059557914734	1.29296718246612	1.99004612020564	0.649717194661051	0.00124657730471728	99.713376519777
548	1.32238370565352		2.04032736855624		0.999196529388428	1.32214987979824	2.03372979707764	0.650110885771602	0.00125340660484875	99.7118085348046
546	1.35073414987617		2.08247820334875		0.99907249212265	1.3505003240209	2.07558907551038	0.650658812939074	0.00129998518634391	99.701114902392
544	1.37644836608201		2.12047812629261		0.998806416988373	1.37621454022674	2.11299086704632	0.651311163569063	0.00138477608743323	99.6816513297917
542	1.39983222096905		2.15452771600031		0.998482644557953	1.39959839511377	2.14630384569571	0.652097044843203	0.00142128436177346	99.6732721026374
540	1.4192428922782		2.18260137067329		0.99831360578537	1.41900906642293	2.17396679720605	0.6527280307347	0.00147909546887825	99.6600049787226
538	1.43883025670189		2.21058412935054		0.998360693454742	1.43859643084662	2.2020062235164	0.653311700704146	0.00150932507384938	99.6530682621417
536	1.45915004788046		2.2396191219103		0.998661279678345	1.45891622202519	2.2316653259034	0.653734323462952	0.0015168898942254	99.6513324560765
534	1.48182265032893		2.27199693916374		0.999168038368225	1.48158882447365	2.26514863786144	0.654080178099237	0.00158785710697755	99.6350499569231
532	1.49913575939061		2.29614483945787		0.999805629253387	1.49890193353533	2.29073728518639	0.654331661351282	0.00165815027762143	99.6189247306109
530	1.51716940922089		2.32104046435839		1.0004802942276	1.51693558336562	2.31719064797782	0.654644271367756	0.00169655240327149	99.6101164001066
528	1.53728821041003		2.34926176307375		1.00102841854095	1.53705438455476	2.34671046879992	0.654982540449821	0.00176017558506362	99.5955248070401
526	1.55927512194327		2.37969589381152		1.0014044046402	1.559041296088	2.3780687654145	0.655591343178108	0.00179141546402038	99.5883609116459
524	1.58175059548628		2.41085589856982		1.00163662433624	1.581516769631	2.4098312273279	0.656276983921667	0.00180408024499323	99.5854567845137
522	1.60530675383942		2.44368142089959		1.00181710720062	1.60507292798414	2.44315061973399	0.656968471374434	0.00191366996441238	99.5603305950777
520	1.63317534869876		2.48253404037325		1.0020604133606	1.63294152284349	2.48267664706905	0.657734274324959	0.00195472528646507	99.5509192661041
518	1.66497302801506		2.52748328579911		1.00242054462433	1.66473920215979	2.52862694522162	0.658356981169433	0.00203112126648738	99.5334089787784
516	1.70181787527995		2.57960902045411		1.00289297103882	1.70158404942468	2.58209518370211	0.658993541432894	0.00209255594409068	99.5193301206052
514	1.74474319981546		2.64040695234008		1.00349617004395	1.74450937396018	2.64465869988764	0.659634974461657	0.00212488349497775	99.5119224822265
512	1.78843134905495		2.70222805316727		1.00418245792389	1.78819752319968	2.70854703864908	0.660205452474461	0.00220112134980658	99.4944552797509
510	1.84008708371183		2.77563939320597		1.00497353076935	1.83985325785655	2.78445722600753	0.660758312489725	0.00226484942122501	99.4798566034336
508	1.90666938813328		2.87138970532337		1.00580215454102	1.906435562278	2.88305894520633	0.661254451785607	0.00236498810042756	99.4569213982494
506	1.9818799920808		2.97922190948234		1.00663805007935	1.98164616622552	2.99400297888645	0.661871808478477	0.00241061048442075	99.4464740549666
504	2.06442644804979		3.09763767561073		1.00742840766907	2.06419262219451	3.11564911432312	0.662524098976711	0.00256237532293135	99.4117284112453
502	2.1546992711754		3.22600309257828		1.00814700126648	2.15446544532013	3.24728270128986	0.663467164242999	0.00253779925021683	99.4173541308809
500	2.25195083572821		3.36502128782357		1.00866842269897	2.25171700987294	3.38918548476269	0.664382938023411	0.00263284934149668	99.395597937844
498	2.3809628664627		3.55098871383829		1.00904226303101	2.38072904060743	3.57809060275792	0.665362984037467	0.00271830541711208	99.3760418014794
496	2.57027736033515		3.82550409848357		1.00876116752625	2.57004353447987	3.85401429056813	0.666848470377886	0.00274493450930966	99.3699486716757
494	2.78052311388958		4.12865745908864		1.00816118717194	2.7802892880343	4.15734949241823	0.668764868843653	0.0028741056451901	99.3403977079479
492	2.93061032276252		4.33997255834192		1.00794267654419	2.93037649690724	4.36944192791745	0.670652349945273	0.00300093640081274	99.3113907123471
490	2.9753356717049		4.39401429152442		1.00791668891907	2.97510184584962	4.42379883606651	0.672521955924872	0.0030597607195023	99.2979400941156
488	3.02286836926887		4.45347750417744		1.00887954235077	3.0226345434136	4.48801606868801	0.673490133981897	0.0031591835190675	99.275210472529
486	3.14301752650362		4.62055680038482		1.00954282283783	3.14278370064835	4.65964038640641	0.674469152129594	0.00325517496589517	99.253270248997
484	3.36383321653925		4.93197763410138		1.01009511947632	3.36359939068398	4.97675422802068	0.675862065228351	0.00335425069952484	99.2306301524956
482	3.52910028130857		5.15850025526656		1.01073944568634	3.52886645545329	5.20888418174404	0.677470708183755	0.00349011115610789	99.199592663447
480	3.57165405311119		5.20338567745048		1.01162850856781	3.57142022725591	5.25887337382389	0.679122689097764	0.00357658388026218	99.1798429188968
478	3.55439845015279		5.16334766003234		1.0127238035202	3.55416462429752	5.22401972751717	0.680350536498971	0.00371731002472763	99.1477104916481
476	3.69391417957578		5.35230695126949		1.01399922370911	3.69368035372051	5.4222034110825	0.681213903958483	0.00382049236703346	99.124157169565
474	4.01039099715886		5.79656504031463		1.01552999019623	4.01015717130359	5.88154636001187	0.681820209489174	0.00396898366087847	99.0902710417835
472	4.507095633846		6.49783579434843		1.01726651191711	4.50686180799073	6.60498285798154	0.68234269564297	0.00411575779428891	99.0567881588124
470	5.02568540472304		7.22966556193199		1.01911818981171	5.02545157886776	7.36282659645016	0.682543791169914	0.00427195346172337	99.0211684127801
468	5.40131110634711		7.74770960283074		1.02110064029694	5.40107728049184	7.90612431496886	0.683151069388808	0.00440815557119349	98.9901185653976
466	5.45262738055613		7.78682870911974		1.02326714992523	5.45239355470085	7.96292834813317	0.684722167062964	0.00458526737026317	98.9497571419061
464	5.25216493018526		7.46774510687911		1.02553856372833	5.25193110432999	7.65337164794979	0.686224496328607	0.00472527161164483	98.9178636835937
462	5.06624618825237		7.18398402402859		1.027627825737	5.0660123623971	7.37736257212544	0.686696947976838	0.00482550428933759	98.8950366417822
460	4.91515046864128		6.96106253077872		1.02919805049896	4.914916642786	7.15920488366894	0.68651710946247	0.00498725706846303	98.8582100895199
458	4.75805307913229		6.73550172601595		1.03004312515259	4.75781925327701	6.93274595148378	0.68628207157349	0.00514722909008798	98.8218024534555
456	4.55699029673257		6.45823745954572		1.03006207942963	4.5567564708773	6.64727411712243	0.685507531446574	0.00535271409622433	98.7750563023203
454	4.39090665725949		6.23891699167208		1.02918720245361	4.39067283140422	6.41590647641975	0.684341775794451	0.00547049705644654	98.7482716169259
452	4.25244717783228		6.06570427263764		1.02735614776611	4.252213351977	6.22654061253367	0.682917468396101	0.00565045587715243	98.7073617229601
450	4.07097906820583		5.82997240834521		1.02460694313049	4.07074524235055	5.96834588750347	0.682055852505781	0.00582363836510786	98.6680082904259
448	3.77931642044547		5.43417826930172		1.02102768421173	3.7790825945902	5.54337989460633	0.681728957141692	0.00604449498961528	98.6178443022298
446	3.43608366791071		4.96249078583493		1.01675081253052	3.43584984205544	5.04057120213885	0.681638985795403	0.00626332565840896	98.5681656310568
444	3.19311834905734		4.63121609233442		1.0121191740036	3.19288452320206	4.68232025265967	0.681902208929093	0.00655866590156254	98.5011575271067
442	3.09396978255898		4.49840302157605		1.00782012939453	3.09373595670371	4.52858009471284	0.683158052192932	0.0067790284362976	98.4511903740771
440	3.04639391604987		4.43375171324063		1.0045450925827	3.04616009019459	4.44891875614343	0.684696722318925	0.00711690587724281	98.3746259661077
438	3.01508535172185		4.38741407914845		1.00285410881042	3.01485152586657	4.39495985822983	0.685979308826013	0.00747875910074866	98.2926945776772
436	2.98150340361384		4.33276795387852		1.00277864933014	2.98126957775857	4.33983119300051	0.686955193687465	0.00775051495600202	98.2312080498498
434	2.95150645793292		4.28063003660638		1.00421047210693	2.95127263207765	4.29367040131189	0.687354257834024	0.00807019166524964	98.1589283498832
432	2.93978192672977		4.25174383310853		1.00665414333344	2.9395481008745	4.27504031130438	0.687607107025758	0.00837572973908023	98.0898951390715
430	2.94706949506003		4.25023469493096		1.00962591171265	2.94683566920475	4.28613709762089	0.687527160724853	0.00881925811479503	97.9897708089064
428	2.95601312539539		4.25149704111733		1.01240730285645	2.95577929954011	4.29922286939629	0.687514787981942	0.00913205066769456	97.9192209014616
426	2.9520674808799		4.23980708999216		1.01423370838165	2.95183365502463	4.29512242158451	0.687252507679553	0.00948407343770994	97.8398834227939
424	2.93220857959207		4.21346961939427		1.01462960243225	2.93197475373679	4.27007619415376	0.686632889069055	0.00976888347550297	97.7757411256369
422	2.91260214900635		4.1962308474905		1.01337480545044	2.91236832315107	4.2473260346411	0.685694552148307	0.0100768867099738	97.7064227958464
420	3.35071221317371		4.84840192886893		1.01114857196808	3.35047838731844	4.89743714969343	0.684128919863356	0.0104808866985528	97.6155742102007
418	3.18420847116325		4.63519188577556		1.0079870223999	3.18397464530798	4.66721141847537	0.682200646129735	0.0108338955833958	97.5362612890121
416	2.99240144312108		4.38730285600436		1.00422537326813	2.9921676172658	4.4008576656048	0.679905564920059	0.0112806086613478	97.4359875699652
414	2.82371770356073		4.17122515667245		1	2.82348387770546	4.16626294127823	0.677701795950305	0.0116502623449758	97.353089331028
412	2.68719578271953		3.99946629749548		0.995681941509247	2.68696195686425	3.9772555798332	0.675581918971609	0.0121695677808638	97.2367494358525
410	2.56951773387334		3.8503418229937		0.991583049297333	2.56928390801806	3.81301323700927	0.673819823933597	0.0126963078701867	97.1188859854999
408	2.46999363026711		3.72331950660672		0.988153755664825	2.46975980441184	3.67430872221532	0.672169921236983	0.0132476352235043	96.9956739063319
406	2.39407799092202		3.62591656021858		0.985654711723328	2.39384416506674	3.56901071091119	0.670730451368015	0.013764726711844	96.880255008591
404	2.33974249065085		3.55780311566653		0.98426741361618	2.33950866479558	3.49694552390081	0.669014901377667	0.0143607230719052	96.7473942874846
402	2.32394095018665		3.54308542773706		0.984128773212433	2.32370712433137	3.48196885643739	0.667354367640409	0.0149277488638079	96.6211608823672
400	2.3440823710046		3.57912836216335		0.985299050807953	2.34384854514933	3.52162251184155	0.665559280493033	0.0155625084053746	96.4800437194787
398	2.38770884299825		3.64687721931452		0.987817049026489	2.38747501714297	3.59754573197784	0.663639935392954	0.0162076799164306	96.3368230114437
396	2.42604496589194		3.70275809067326		0.991658091545105	2.42581114003667	3.66694920060257	0.661533882072335	0.0168136615742683	96.2024956351538
394	2.44325024902632		3.72400308082274		0.996615350246429	2.44301642317104	3.70645321467983	0.659125120882464	0.0174940941247947	96.0518880183056
392	2.44331779297136		3.717079484659		1.0025714635849	2.44308396711608	3.72166284364558	0.656449568312574	0.0181888524143638	95.8983528041681
390	2.44426394286992		3.71041836652156		1.0093150138855	2.44403011701465	3.73997252662719	0.653488788918655	0.0189391268798142	95.7328246321012
388	2.4526302734029		3.7146271018563		1.01699423789978	2.45239644754762	3.77270781407108	0.650036146027772	0.0196930608155138	95.5667769026556
386	2.47105008778242		3.73347510226927		1.02549052238464	2.47081626192715	3.82355462807937	0.646209222115462	0.0204524117531461	95.3998272417541
384	2.49808230691269		3.76615478475588		1.03449034690857	2.49784848105741	3.89091740586887	0.641969032107898	0.0212949689316554	95.2149253095281
382	2.52585234830563		3.80124634467425		1.04369103908539	2.52561852245035	3.96214772755164	0.637436737880298	0.0221121777082576	95.0359285364598
380	2.54481433309314		3.82513888852409		1.0526317358017	2.54458050723787	4.02123920250585	0.632785163750568	0.0230511677869932	94.8306728942584
378	2.55285219683056		3.83401422051988		1.06117713451386	2.55261837097528	4.06330243470378	0.628212743696833	0.0239085319235441	94.643647222881
376	2.55122553668081		3.83014507746893		1.06922745704651	2.55099171082553	4.08999054435403	0.623715796689802	0.0248500362036016	94.4386920951422
374	2.54561039998449		3.82179332945543		1.07646524906158	2.54537657412922	4.10868605582391	0.619511089322885	0.0258983839454259	94.2110005270198
372	2.53896936485478		3.81366749208556		1.08239138126373	2.5387355389995	4.1225097652644	0.615822807841591	0.0269612912283714	93.9807072062117
370	2.53778888390246		3.81476339051868		1.08660447597504	2.53755505804719	4.13974700946519	0.612973462447169	0.0280128678327374	93.7534228050345
368	2.54400769002996		3.82824589778902		1.08728444576263	2.54377386417469	4.15699687960596	0.611925853650343	0.0291739387214587	93.5031111043261
366	2.55225836626652		3.84626940601778		1.08414971828461	2.55202454041125	4.16455210855917	0.612796880405509	0.0303927715975611	93.2410656465361
364	2.56306254102804		3.86939287028086		1.07767069339752	2.56282871517276	4.16458366343832	0.615386536155421	0.0316253611631606	92.9768094042776
362	2.58181693304294		3.90530454005924		1.06871128082275	2.58158310718767	4.16833984143995	0.619331245864988	0.0329302027280944	92.6978790024061
360	2.6060524773797		3.95027591194985		1.05907070636749	2.60581865152442	4.17836616345252	0.623645355526064	0.03425442046598	92.4156621483922
358	2.63428295822392		4.00176533313083		1.04836678504944	2.63404913236865	4.1901156350171	0.62863399529018	0.0356236402270919	92.1247579449672
356	2.66356871738425		4.05659228115394		1.03684234619141	2.66333489152897	4.20090162328195	0.63399125482216	0.0370867771140803	91.8149121227004
354	2.69242726951503		4.11051485173926		1.02479386329651	2.69219344365975	4.2073451471672	0.639879389375128	0.0384388112329579	91.5295208283393
352	2.71545949354409		4.15859975633227		1.01273274421692	2.71522566768882	4.20652474531661	0.645479542397046	0.0400955420691349	91.1810224744449
350	2.73313410528987		4.19887377472603		1.00126516819	2.7329002794346	4.19921756282837	0.650811785420774	0.0416685496983713	90.8513636472716
348	2.74684546509837		4.23484828141823		0.990810453891754	2.74661163924309	4.19101533298765	0.655357096316112	0.0433801754297434	90.4940081939236
346	2.75454717893478		4.26327430913667		0.981342911720276	2.7543133530795	4.17886438908688	0.659105703518976	0.0451653139937471	90.1228020277124
344	2.7605800817427		4.29116976068536		0.972720801830292	2.76034625588743	4.16928324026665	0.662067337912713	0.047105232096336	89.7211368591053
342	2.76114348750217		4.31100618882876		0.964752793312073	2.7609096616469	4.15426795149559	0.664595951412555	0.048962936806926	89.3381722708938
340	2.75618933468994		4.32367418682501		0.957048177719116	2.75595550883466	4.13321542235157	0.666782450760012	0.0508889105645796	88.9428598263689
338	2.74847522339264		4.33515851050959		0.950148642063141	2.74824139753736	4.11433012967072	0.667968128692024	0.0529996411966116	88.5116341091822
336	2.7277708606824		4.32759315409451		0.944044172763824	2.72753703482712	4.08075454868863	0.668390368076323	0.0550852423214043	88.0875959732968
334	2.69814757955077		4.30944404772172		0.938558220863342	2.69791375369549	4.04000681028788	0.667799308363851	0.0572702275286662	87.6455301779265
332	2.65971164220435		4.28097758787453		0.933434963226318	2.65947781634907	3.99138225196633	0.666304966165268	0.0595262954893892	87.191410738057
330	2.60146721372614		4.22480101339197		0.928119659423828	2.60123338787087	3.91651534802112	0.664170354696856	0.0618716326995724	86.7218167304896
328	2.52913131069487		4.15097158985885		0.923022568225861	2.5288974848396	3.82686022070684	0.660828287157167	0.0643625359891531	86.2258459791184
326	2.44834786375204		4.06600059166322		0.918195605278015	2.44811403789677	3.72882758995556	0.656537203407128	0.0668867811666586	85.7261300692375
324	2.36097519564413		3.97188114867993		0.913534343242645	2.36074136978886	3.62391668241597	0.651433677060978	0.0695631006963694	85.1994712050224
322	2.27383745185169		3.87972141272006		0.908978700637817	2.27360362599642	3.52207358046967	0.645529848837864	0.0724820503330807	84.6287545686512
320	2.18949066019654		3.78903977978162		0.904343068599701	2.18925683434126	3.42210431639738	0.639739947099568	0.0754113177346604	84.0598638525207
318	2.11419944711848		3.709424409006		0.899914681911469	2.11396562126321	3.3336999166172	0.634119949046976	0.0784182940423063	83.479858827029
316	2.04372220130635		3.63795203868612		0.895963847637177	2.04348837545107	3.25502754050332	0.627794496367024	0.0817437934262819	82.8430741891795
314	1.98539104675427		3.58422093538519		0.892610192298889	1.98515722089899	3.19488281433862	0.621355253466455	0.0850464288811439	82.2154751603184
312	1.93412543660755		3.54172552051593		0.88999992609024	1.93389161075228	3.147719080157	0.614378717257012	0.0884010289300621	81.5828684586196
310	1.87715791242112		3.48881173898908		0.888025283813477	1.87692408656585	3.09374646195377	0.606683226840937	0.0918723350477188	80.9333775497688
308	1.81784969244326		3.43335110688647		0.887133359909058	1.81761586658799	3.04143815638441	0.597617236691975	0.0956386404754791	80.2345386070476
306	1.75467719513709		3.36931511837282		0.887335538864136	1.75444336928182	2.98530989609364	0.587692209635442	0.0994741117362531	79.5290671341851
304	1.69212497614876		3.30661710592803		0.888603985309601	1.69189115029348	2.93386369384528	0.576676808074883	0.103388638943086	78.8154502788129
302	1.61985125085161		3.22824153983496		0.891015827655792	1.61961742499634	2.87199289503237	0.563935038905479	0.107749293761828	78.0280414920855
300	1.54815387320841		3.14789298790992		0.894482612609863	1.54792004735314	2.81129692865178	0.550607099370139	0.112123809828157	77.2460338651269
298	1.46952081444058		3.05227760743261		0.900495111942291	1.46928698858531	2.74409261507708	0.535436369936093	0.116719814846483	76.4328731349543
296	1.38641103449924		2.94543739057436		0.909423410892487	1.38617720864396	2.67413696345701	0.518364327477069	0.121610195805325	75.5770270473199
294	1.2993435592612		2.82987658537206		0.92107892036438	1.29910973340593	2.60196907802101	0.499279466608419	0.126983630689626	74.6476893885398
292	1.21269770267383		2.70801002335901		0.934718489646912	1.21246387681856	2.52658876450425	0.479881765427093	0.132182478030171	73.7594249156192
290	1.12234785928485		2.57614569771404		0.948803901672363	1.12211403342958	2.43954891994058	0.459967834322792	0.137995177381083	72.7787886205569
288	1.02886012741964		2.42990413335699		0.962523102760315	1.02862630156436	2.33406261889107	0.44070210166558	0.143864878353604	71.801765270042
286	0.930687869205959		2.26945205392		0.97529125213623	0.930454043350685	2.20853713006558	0.421298800316324	0.150358507829538	70.7361619977272
284	0.838020458992744		2.11222389292716		0.986907541751862	0.83778663313747	2.07967244200194	0.402845475189833	0.15674783421372	69.7031116030526
282	0.754136750221482		1.96650888130237		0.996903836727142	0.753902924366207	1.95547339716317	0.385534738268443	0.1631026242817	68.6906104138591
280	0.674080755973498		1.82298094242276		1.00535523891449	0.673846930118224	1.82775465166279	0.368674717640682	0.169687750496131	67.6569241028421
278	0.602249455296167		1.69086405818505		1.00982344150543	0.602015629440892	1.70246320092738	0.353614474082586	0.176298477918681	66.6348649831874
276	0.537943397508687		1.56931540876839		1.01022160053253	0.537709571653413	1.58034338680863	0.34024856631904	0.182824595038775	65.6410326958066
274	0.47773758018334		1.45289937773942		1.00653350353241	0.477503754328066	1.45739726491009	0.327641450841835	0.190026578234076	64.5614717079376
272	0.430868092455582		1.36260982487755		0.99854451417923	0.430634266600308	1.35567157263812	0.317653829505548	0.196958083515771	63.5392254583878
270	0.394027378186286		1.29272613008843		0.988452672958374	0.393793552331012	1.27289368361883	0.309368769284375	0.203673510845933	62.5642854967309
268	0.363263075941051		1.23640396478614		0.972882628440857	0.363029250085776	1.19804828592022	0.303017210868872	0.210569250956442	61.5787330166353
266	0.337748214287632		1.19077152142599		0.953488886356354	0.337514388432357	1.13065599463924	0.298512005448703	0.217407176309295	60.616774561004
264	0.315120644492793		1.14962579527204		0.931065678596497	0.314886818637519	1.06575697276364	0.295458370608618	0.224012211339471	59.7018499591673
262	0.294358469282786		1.10998955946851		0.906938552856445	0.294124643427511	1.00219190030154	0.29348136154265	0.230218959907446	58.8546850628037
260	0.273457228216401		1.06713066712268		0.883175373077393	0.273223402361126	0.938081018626315	0.29125778790538	0.236440921478976	58.0175090299633
258	0.253139380397196		1.02126923633669		0.859192788600922	0.252905554541922	0.873203663398257	0.289629516163144	0.242138492929277	57.261340017585
256	0.231969810474462		0.968500903112483		0.834685504436493	0.231735984619187	0.804251775602195	0.28813860491097	0.247668093459792	56.5368888992663
254	0.210839352184871		0.91178144899342		0.80953711271286	0.210605526329597	0.734103824120385	0.286887929758366	0.253039784263712	55.8419037494944
252	0.190392080538059		0.853439457039043		0.784095585346222	0.190158254682784	0.665287259440446	0.285828793478957	0.25846210953067	55.1490315623405
250	0.170752724842608		0.793904454530351		0.758817315101624	0.170518898987334	0.598663031671543	0.284832852483347	0.263863894245257	54.4673324038286
248	0.152280632020911		0.735057463188344		0.735633492469788	0.152046806165637	0.537082516970387	0.28309766443956	0.269191870752308	53.8032028131457
246	0.134313855893362		0.674464522146281		0.715051770210266	0.134080030038088	0.478728809602919	0.280075122592476	0.274872704129885	53.1040074350936
244	0.117046324147784		0.613458539113682		0.697206974029541	0.11681249829251	0.424247880568547	0.275340204731173	0.281225631086454	52.3328478602051
242	0.101254495826486		0.554849506449923		0.681808710098267	0.101020669971212	0.374917944614119	0.269447412220256	0.288209167802149	51.498055647662
240	0.086215905417217		0.495285553440859		0.667849898338318	0.0859820795619425	0.327462391467353	0.262570853332679	0.296011160077812	50.581166397921
