Wavelength	I1	I1 dark	R1	R1dark	XCorrect	I1c	R1c	I1c/R1c	Abs	Percent T
nm	uA	uA	uA	uA		uA	uA	uA/uA	OD	T*100
	Abs Detector Raw	Dark Offset for Abs Detector	Ref Detector Raw	Dark Offset for Ref Detector	Linear interp	Dark subtracted Abs Detector	Corrected Ref Detector	Corrected Intensity 	-Log(T)	% Transmittance
800	0.143908698842083	2.48398417433963E-4	0.213341295534249	0.00495180816579094	1.35067892074585	0.14366030042465	0.28146728789361	0.510397856531558	0.0028751283521178	99.3401637745282
798	0.153169394071803		0.227226418159431		1.34199333190918	0.152920995654369	0.298291044464178	0.512657012311791	0.00288741369775385	99.3373536743847
796	0.165801815133387		0.245568749209491		1.33337259292603	0.165553416715953	0.320832034581366	0.516012738353804	0.00278911709554128	99.3598398671926
794	0.165770372682036		0.245204538319222		1.32502686977386	0.165521974264602	0.318341322989826	0.519951267118066	0.00301910016930585	99.3072372370828
792	0.155506534145777		0.230189596782234		1.31713449954987	0.155258135728343	0.296668461989037	0.523338863482161	0.00278536960432773	99.3606972387432
790	0.150449625367766		0.223290667595323		1.30966234207153	0.150201226950332	0.285950182005709	0.52527061146383	0.00297790978927559	99.3166564146195
788	0.152735081825309		0.226858030747878		1.30193436145782	0.152486683407875	0.288907336200927	0.527804815942175	0.00296898568780779	99.3186972442005
786	0.156995589773372		0.233103374694175		1.29363858699799	0.156747191355938	0.295145670145156	0.531084163555062	0.00287597220322312	99.3399707529056
784	0.161869440194876		0.240338313286787		1.28498160839081	0.161621041777442	0.302467329943868	0.534342144678686	0.00288567913944983	99.3377504253981
782	0.169842329491021		0.252096342605344		1.27644824981689	0.169593931073587	0.315467208437178	0.537596068744368	0.00292348255915398	99.3291038885629
780	0.1822762342799		0.27048955961864		1.268270611763	0.182027835862466	0.336773726481276	0.540504859937719	0.00299238122560857	99.3133470685781
778	0.197949485178576		0.293459843798095		1.26044166088104	0.197701086761142	0.363647547609909	0.543661267786741	0.00303820646376056	99.3028684236187
776	0.218054306494115		0.322927803275074		1.25292003154755	0.217805908076682	0.398398493823685	0.546703643345282	0.00314454072904598	99.27855771876
774	0.261886712935181		0.387315817238983		1.24577045440674	0.261638314517747	0.476337785331893	0.549270544085533	0.00296936575468003	99.3186103268399
772	0.352367122005096		0.520801996820345		1.23883104324341	0.352118723587662	0.63905122736823	0.551002343016809	0.00298987556516825	99.3139200582272
770	0.434654289034692		0.640194728582045		1.23221707344055	0.434405890617258	0.782757172319146	0.554968904762896	0.00320598981756315	99.2645116151022
768	0.429550785637115		0.629486308825029		1.22665858268738	0.429302387219681	0.76609060541803	0.560380696726369	0.00312261968299785	99.2835689377626
766	0.366684060729627		0.536404836418644		1.22236526012421	0.366435662312193	0.649629719124096	0.564068501678561	0.00283320124043979	99.3497546106291
764	0.32578465140819		0.478636494059143		1.2186872959137	0.325536252990756	0.577273508967097	0.563920304559325	0.00296731491381123	99.3190793338259
762	0.327252511814922		0.481328100188524		1.214359998703	0.327004113397488	0.578492313362868	0.565269591045318	0.00301616293148116	99.3079088780362
760	0.345622645713687		0.508098528548352		1.20898902416229	0.345374247296253	0.60829886248577	0.567770661093965	0.0027632160883548	99.3657657925189
758	0.368425273186048		0.541294681674984		1.2031888961792	0.368176874768614	0.645321789951106	0.570532222066312	0.00294494628851949	99.324194960611
756	0.393933448743302		0.578059024789799		1.19780671596527	0.393685050325868	0.686471673040401	0.573490598063904	0.00281720030659435	99.3534150719119
754	0.418519572302288		0.613366351919226		1.1931779384613	0.418271173884854	0.725946811045598	0.576173305703221	0.00299367408982913	99.3130514201476
752	0.444885262809729		0.651230234214219		1.18890511989594	0.444636864392295	0.768363729607262	0.578680183953457	0.0028264648227464	99.3512956540069
750	0.486280634653598		0.711153241176926		1.1848680973053	0.486032236236164	0.836755548246179	0.580853317620513	0.0027699063361711	99.3642350881124
748	0.538449140304518		0.786219750886741		1.18107759952545	0.538200741887084	0.922738066375048	0.583264917206019	0.00272848983955627	99.3737114110052
746	0.59160306770443		0.862181039035363		1.17750906944275	0.591354669286996	1.00939519394035	0.585850490310478	0.00290950147161526	99.3323016064897
744	0.639279079171641		0.929458715158137		1.174187541008	0.639030680754207	1.08554449176625	0.588672952238432	0.0027768399972757	99.3626487165119
742	0.71158371908048		1.03235965621425		1.17108881473541	0.711335320663046	1.20318583902093	0.591209851041699	0.00282409170322442	99.3518385417323
740	0.814163062847839		1.17845559068907		1.16803753376007	0.813914664430405	1.37069646399661	0.593796428172896	0.00287011740906164	99.3413099801476
738	0.918874598073964		1.3257420662358		1.16498303413391	0.91862619965653	1.53869824230091	0.597015174517163	0.0030267060338366	99.3054980697416
736	0.977088921266644		1.40480935107611		1.16204738616943	0.97684052284921	1.6267007987485	0.600504114586246	0.00297085428905199	99.3182699151652
734	0.995103548269856		1.42780290261998		1.15931880474091	0.994855149852422	1.64953803014692	0.603111375227775	0.00294565986854823	99.3240317632722
732	0.993020845641459		1.42472076304489		1.15665113925934	0.992772447224025	1.64217737914595	0.60454641491916	0.00281622364416911	99.3536385029258
730	0.995297719411658		1.42992438088298		1.15388596057892	0.995049320994224	1.64425584586839	0.605166965648647	0.00280708866192567	99.3557283366829
728	1.00431557521059		1.44627647127175		1.15089321136475	1.00406717679315	1.65881077014122	0.605293379369409	0.00267535200313577	99.3858709647207
726	1.0201281041391		1.47335516073874		1.1476241350174	1.01987970572167	1.68517512735317	0.605206953964212	0.00277721488126093	99.3625629464844
724	1.03240015456614		1.49460200361038		1.14410185813904	1.03215175614871	1.70431155658534	0.605612132453449	0.00274169068515009	99.3706908865955
722	1.02702624253927		1.48886231857473		1.14027833938599	1.02677784412184	1.69207101260651	0.606817229579604	0.00279142825262546	99.3593111117137
720	0.979653107352589		1.42087126965207		1.13600122928619	0.979404708935155	1.60848624881866	0.60889840348618	0.00287879836232191	99.3393243029496
718	0.888898215747454		1.28923016452622		1.13137769699097	0.88864981733002	1.45300388911441	0.611594933769683	0.00301749287082751	99.3076047680401
716	0.762865983585039		1.10623526321886		1.12621939182281	0.762617585167605	1.2402867829744	0.614871976091474	0.00303081459318575	99.3045586136361
714	0.627796828240959		0.91190792787475		1.12039887905121	0.627548429823525	1.01615261987055	0.617573007786438	0.00307247249492218	99.2950336914468
712	0.515174029008361		0.751649552965795		1.11375534534454	0.514925630590927	0.83163860462772	0.619169946808123	0.00306794314262695	99.2960692665064
710	0.432000684919318		0.63465929769596		1.10628998279572	0.431752286501884	0.696639087758664	0.6197646587575	0.00293557900771204	99.3263373034172
708	0.370320449875253		0.549123116397121		1.09837675094604	0.370072051457819	0.597705113493187	0.619154902816533	0.00288245819245922	99.3384871670058
706	0.324393962326833		0.486471975290041		1.09038031101227	0.324145563909399	0.525040109587619	0.617372954923371	0.00286021424889674	99.3435752728498
704	0.292693696950571		0.444355631769364		1.0826700925827	0.292445298533137	0.475729378382074	0.614730373658497	0.00315102483173487	99.277075481282
702	0.279296570234084		0.428901847651427		1.07555782794952	0.27904817181665	0.455982783628286	0.611970850294488	0.00335955408093876	99.2294184063454
700	0.277732611500099		0.429920101736714		1.0694442987442	0.277484213082665	0.454479918706476	0.610553297651589	0.00350945274889041	99.1951748421731
698	0.293049159595635		0.455082146924257		1.0649927854538	0.292800761178201	0.47938556329164	0.610783435295218	0.00330034999145293	99.2429465262334
696	0.318597276558979		0.494752660681757		1.06259047985077	0.318348878141545	0.520457722906256	0.611670966017898	0.00347941803781937	99.2020351675121
694	0.345651506187204		0.535854567866155		1.06203079223633	0.34540310776977	0.563835078485031	0.612595989412071	0.00361721711603159	99.1705639397976
692	0.366701297057683		0.567325772879562		1.06277585029602	0.366452898640249	0.597677468533023	0.613128180220168	0.003533230496551	99.1897440265216
690	0.380537213140093		0.588126869903379		1.06392598152161	0.380288814722659	0.620455099958087	0.612919153615384	0.00347254571529206	99.2036049635917
688	0.388875370760584		0.60102286441972		1.06461536884308	0.38862697234315	0.63458640741046	0.612409859090757	0.00362493134138454	99.1688024224031
686	0.389559576385291		0.602091539647384		1.0645604133606	0.389311177967857	0.63569131938008	0.612421730640447	0.0035348531004664	99.1893734361202
684	0.385121749864938		0.59552777166824		1.06376242637634	0.384873351447504	0.628232519894912	0.61262882652411	0.00358709142160883	99.1774433404155
682	0.383459590142576		0.593332692636484		1.06245732307434	0.383211191725142	0.625129579462845	0.613010812981244	0.00345582022196873	99.2074255536568
680	0.38932748715282		0.603135991547507		1.06094348430634	0.389079088735386	0.634639611773938	0.613070916969454	0.00357809739391936	99.1794972783431
678	0.396999403320895		0.615358392926891		1.05921316146851	0.396751004903461	0.646550688425999	0.613642537245356	0.00361083153055666	99.172022090418
676	0.40544830770608		0.628801199880012		1.05730748176575	0.405199909288646	0.659600629354457	0.614310980396139	0.00359956411266095	99.174595061428
674	0.41088933551637		0.637653009537025		1.05524814128876	0.410640937098936	0.667656766738159	0.615047967094118	0.00358732269076626	99.1773905267635
672	0.418040266273929		0.649198625640794		1.05312037467957	0.417791867856495	0.678469449805392	0.61578582200913	0.00357454845933746	99.1803077491193
670	0.422481652669757		0.65645902295065		1.0509113073349	0.422233254252323	0.684676298827675	0.616690332315116	0.00356768461860294	99.1818752643523
668	0.427140005312276		0.664211450593012		1.0485315322876	0.426891606894842	0.691254523049588	0.617560670723044	0.00358612476275337	99.1776640912299
666	0.429424937248946		0.668275368118278		1.04595601558685	0.429176538831512	0.69380726781279	0.618581785954017	0.00363334231941179	99.1668818395362
664	0.434882537629971		0.677119435465751		1.04322910308838	0.434634139212537	0.701224830953181	0.619821375437797	0.00344787132200514	99.2092413656256
662	0.441150143195747		0.687182918091555		1.04042720794678	0.440901744778313	0.709811808874493	0.621153014455233	0.00348006056168749	99.2018884015943
660	0.449716949191789		0.700904080451279		1.03775990009308	0.449468550774355	0.722231360556539	0.622333195872307	0.00357509489112104	99.1801829599713
658	0.460873920887931		0.718776667965312		1.03528940677643	0.460625522470497	0.739015315644114	0.623296314324722	0.00351996935635645	99.192772822048
656	0.476953144456494		0.74398861091877		1.03309750556946	0.47670474603906	0.76349707744813	0.624370099270545	0.00354301501946085	99.1875093368569
654	0.496035268708859		0.774037040669308		1.03115320205688	0.495786870291425	0.793044700150665	0.625168884171641	0.00359016801196299	99.1767407588782
652	0.508541253155958		0.793469570804061		1.02945709228516	0.508292854738524	0.811745203140791	0.626172908409986	0.00344178938098403	99.2106307200955
650	0.512105875639273		0.799363882303947		1.02793705463409	0.511857477221839	0.816605607655337	0.62681112206846	0.00355603270277864	99.1845363029173
648	0.513997452780152		0.802584922635314		1.02666783332825	0.513749054362718	0.818904261423287	0.627361559298522	0.00347295745940427	99.2035109110937
646	0.517151748116669		0.808177125371758		1.02560043334961	0.516903349699235	0.823788233403817	0.627471149428098	0.00362122292293102	99.1696492233697
644	0.524152211955884		0.819478577963318		1.02465677261353	0.52390381353845	0.834610371148054	0.627722625610068	0.00355216405928223	99.1854198308835
642	0.537021914052897		0.840016091614164		1.02378344535828	0.536773515635463	0.854924989204416	0.627860364843211	0.0035003973624687	99.1972431622681
640	0.550406850522851		0.861408803931027		1.02288675308228	0.550158452105417	0.876058515552902	0.627992813651492	0.00370538258262586	99.1504335168418
638	0.566529859186454		0.886753292355146		1.02184903621674	0.56628146076902	0.90106799675338	0.628455857725918	0.00360043773258889	99.1743955635779
636	0.581154264035244		0.909917533290419		1.02063095569611	0.58090586561781	0.923636032906168	0.628933741129634	0.00351421041161326	99.1940881725968
634	0.59520245123497		0.932155252928124		1.01923584938049	0.594954052817536	0.945038990570855	0.629555032917902	0.00363039753562955	99.1675542542861
632	0.608503418589048		0.953397202306135		1.0177036523819	0.608255020171614	0.965236341701416	0.630161747846591	0.00367076574002486	99.1583369369584
630	0.623030937757073		0.9762720236869		1.01619136333466	0.622782539339639	0.987047214044908	0.630955166559342	0.00358043473242046	99.1789635035811
628	0.639625632209807		1.00273409175743		1.01451146602631	0.639377233792373	1.01226156730163	0.631632430239103	0.00367601403628986	99.157138650527
626	0.655622101262099		1.02773026475326		1.01275491714478	0.655373702844665	1.0358239110587	0.632707640601594	0.00356205640066506	99.1831606153062
624	0.670159032051181		1.05087730292981		1.01092803478241	0.669910633633747	1.05735540495061	0.633571862873336	0.00368370290674537	99.1553831604696
622	0.67982120089685		1.06628279450643		1.0092089176178	0.679572802479416	1.07110469595907	0.634459735862631	0.00371168755251833	99.1489940880984
620	0.689626687918216		1.08168856837066		1.00772297382355	0.689378289500782	1.08505237001878	0.635341029197375	0.00357503177097671	99.1801973747709
618	0.696317076380252		1.09251771871801		1.0068142414093	0.696068677962818	1.09497684721525	0.635692599102039	0.00363945136927418	99.1654869077785
616	0.705783961718401		1.10759654708793		1.00664889812469	0.705535563300967	1.10997611145897	0.635631304149061	0.00360756456212355	99.1727681120639
614	0.713100996601273		1.11925540171664		1.00700271129608	0.712852598183839	1.12210673991267	0.635280560064469	0.00351728276783736	99.1933864402265
612	0.721854867721079		1.13319573521807		1.00780045986176	0.721606469303645	1.13704474851952	0.634633307302293	0.0036583497991969	99.1611717914037
610	0.732531363039746		1.15023223264755		1.00835275650024	0.732282964622312	1.15484667299195	0.634095401361922	0.00365018491253149	99.1630360732996
608	0.745325941540867		1.1704561720809		1.0085117816925	0.745077543123433	1.17542488262242	0.63387933515678	0.00367034509332311	99.1584329792737
606	0.758847550983908		1.19180939160007		1.00798010826111	0.758599152566474	1.1963288354406	0.634105883009237	0.00362759699894173	99.1681937357461
604	0.774831059220822		1.21682290926135		1.00688087940216	0.774582660803388	1.22020983999316	0.634794635656871	0.0037226584761625	99.1464894688831
602	0.790976826368221		1.24225603293902		1.00539457798004	0.790728427950787	1.24397895889881	0.635644535861568	0.00373771150351945	99.1430530242219
600	0.808931106386811		1.2700863077912		1.00393652915955	0.808682707969377	1.27011473847393	0.636700514900747	0.00366082475467281	99.160606693766
598	0.830362458535063		1.3035785073644		1.00287997722626	0.830114060117629	1.30236671451771	0.637388878926497	0.00374075930252785	99.1423572589036
596	0.847607947968106		1.33092140734059		1.00218975543976	0.847359549550672	1.32887314831755	0.637652698922762	0.00389159565885233	99.1079297542049
594	0.871067667722999		1.36711026675409		1.00178515911102	0.870819269305565	1.36459012817131	0.638154454827071	0.00381703878756264	99.124945423917
592	0.888481328847265		1.3942005696854		1.00154709815979	0.888232930429831	1.39139806572204	0.638374418013077	0.00377243389150609	99.135126729772
590	0.903675129140557		1.41802242017615		1.00122630596161	0.903426730723123	1.41480346892604	0.638552810030148	0.00393478697470357	99.0980737941909
588	0.924444020964307		1.44986481049081		1.00070452690125	0.924195622546873	1.44593098240511	0.639169942267644	0.00379215901142895	99.1306242367901
586	0.937482819435156		1.47028630088772		0.999973237514496	0.937234421017722	1.46529527672881	0.639621539700889	0.00386325891170149	99.1143965367359
584	0.951003249373807		1.49114265761591		0.999053955078125	0.950754850956373	1.48478484614406	0.640331731176713	0.00390665867812201	99.1044923659142
582	0.965560996202844		1.51346048436999		0.998229086399078	0.96531259778541	1.5058372376724	0.641047102326617	0.00381469559350945	99.1254802444568
580	0.979130507562197		1.5344419769009		0.997582137584686	0.978882109144763	1.52579207194153	0.641556688585464	0.00385455858143672	99.1163821401857
578	0.995796968677242		1.56005076891283		0.997147619724274	0.995548570259808	1.5506632271446	0.642014689477751	0.00380287079477444	99.1281792306508
576	1.01368507285381		1.58772774176366		0.996688485145569	1.01343667443638	1.57753454758253	0.64241805416522	0.00387386196040298	99.1119767455834
574	1.03216435744794		1.6160770824707		0.996220171451569	1.03191595903051	1.60503549699799	0.64292407299438	0.00387898620102667	99.1108073302615
572	1.05212933539551		1.64667412214336		0.9957315325737	1.05188093697807	1.63471467575733	0.643464546184955	0.00386071759271344	99.1149765165545
570	1.06936203491161		1.67300893801713		0.995352268218994	1.06911363649418	1.6603044477164	0.643926261815805	0.00383568665612709	99.1206892582362
568	1.09155400107049		1.70715542530745		0.995181918144226	1.09130560265306	1.69400226077908	0.644217323624566	0.0038403700078559	99.1196203647371
566	1.11337766126161		1.7401532477464		0.995282471179962	1.11312926284418	1.72701557678081	0.644539214243261	0.00381206849374612	99.1260798682701
564	1.14048666536472		1.78166576894283		0.995623111724854	1.14023826694728	1.76893748227382	0.644589352859209	0.00379853033717882	99.1291699496825
562	1.16261505883098		1.81559493445667		0.996170461177826	1.16236666041355	1.80370919814564	0.644431298353723	0.00381838626891467	99.1246378703702
560	1.19530399913005		1.86536426714354		0.99668163061142	1.19505560071262	1.85423892322374	0.644499252898281	0.0038098677732168	99.1265821757153
558	1.22559579893577		1.91128589781942		0.997178435325623	1.22534740051833	1.9009552447287	0.644595607348563	0.00383034259726094	99.1219089607178
556	1.2550722377218		1.95567182598679		0.997675478458405	1.25482383930436	1.94618552711795	0.644760646824145	0.00370093096263727	99.151449837178
554	1.28775958805505		2.00530469474599		0.99818366765976	1.28751118963762	1.99671958094041	0.644813223613117	0.00370470715254045	99.1505877192106
552	1.31586496208825		2.04708054449361		0.998678505420685	1.31561656367082	2.0394300742725	0.645090302564125	0.00361526571354485	99.171009540946
550	1.34512551189809		2.09089827350553		0.999059557914734	1.34487711348066	2.08398475349613	0.645339228717711	0.00364458651010462	99.1643143722031
548	1.37386121277204		2.1334151892292		0.999196529388428	1.37361281435461	2.12675322328892	0.645873155057634	0.0035934494991343	99.1759913918322
546	1.40310982410536		2.17676179550131		0.99907249212265	1.40286142568793	2.16979561646416	0.64654081473996	0.0035061840501098	99.1959214332092
544	1.42454143107539		2.20818099703592		0.998806416988373	1.42429303265796	2.20059945193957	0.647229568017301	0.00363456632687631	99.1666023498405
542	1.4498164019827		2.24486848468229		0.998482644557953	1.44956800356526	2.23651792675766	0.648136098630224	0.00360206420783172	99.1740241464778
540	1.47116863273234		2.27544931952103		0.99831360578537	1.47092023431491	2.26666855748776	0.648934856159643	0.00348999987064071	99.1996180827763
538	1.49054738631702		2.30293479304402		0.998360693454742	1.49029898789958	2.29421588633023	0.649589690656108	0.0035371329455437	99.1888527391724
536	1.51436866155142		2.33750669231994		0.998661279678345	1.51412026313399	2.32943224552936	0.649995408125686	0.00360914593792665	99.1724069996464
534	1.53573969112911		2.36762510040272		0.999168038368225	1.53549129271168	2.36070763870937	0.650436872204621	0.00358947776466308	99.1768983858681
532	1.55323764485558		2.39232883565557		0.999805629253387	1.55298924643815	2.3869129912345	0.650626668060886	0.00368662746548241	99.1547154458708
530	1.57611635570166		2.42490530036915		1.0004802942276	1.57586795728423	2.42111578189673	0.650885004784727	0.00376725978100871	99.1363078158249
528	1.59498546725957		2.45177871334771		1.00102841854095	1.59473706884213	2.44934326733771	0.651087616059432	0.00402747857223421	99.0769255204127
526	1.61803845178659		2.48374878157934		1.0014044046402	1.61779005336916	2.48227820738512	0.651735993393493	0.00400920302837081	99.0810948637313
524	1.64115300857899		2.51587790742752		1.00163662433624	1.64090461016156	2.51503554202228	0.652437940834087	0.0040001257784118	99.0831657932524
522	1.66527360174433		2.54963408405045		1.00181710720062	1.6650252033269	2.54930623637146	0.653128753059029	0.00415692633425775	99.0473986080989
520	1.70307071615629		2.60356290463574		1.0020604133606	1.70282231773886	2.60396530949211	0.653934332969661	0.0042396838040039	99.0285263186755
518	1.73233554453057		2.64443021404275		1.00242054462433	1.73208714611313	2.64586738114334	0.654638686147851	0.00415852174025966	99.0470347523961
516	1.77326602074641		2.70196506488707		1.00289297103882	1.77301762232898	2.70481563796429	0.655504056336865	0.00416290822549409	99.0460343570895
514	1.82257580295905		2.77228891714514		1.00349617004395	1.82232740454161	2.77701219008126	0.656218727109112	0.00413642745237927	99.0520737972315
512	1.8658356614898		2.83322188809307		1.00418245792389	1.86558726307237	2.84009920053397	0.656873979162988	0.00414906283239969	99.0491920143858
510	1.93786995227863		2.93637490281761		1.00497353076935	1.93762155386119	2.94600261761104	0.657712095121096	0.00412756714552246	99.0540946396733
508	2.00845833853221		3.03740551764828		1.00580215454102	2.00820994011478	3.05004847454339	0.658419024115813	0.00406468650243553	99.0684375253533
506	2.09466865007738		3.16087965045569		1.00663805007935	2.09442025165995	3.17687704935382	0.659270163472634	0.00406769347928111	99.0677515956929
504	2.18152961774788		3.28532645171623		1.00742840766907	2.18128121933045	3.30474260371001	0.660045722435894	0.00412587584163086	99.0544803938307
502	2.2795805206764		3.42474564061227		1.00814700126648	2.27933212225897	3.44765489713052	0.661125370800905	0.00402109210627048	99.0783824950956
500	2.4007193263447		3.59946100856648		1.00866842269897	2.40047092792726	3.62566792554512	0.662076885479344	0.00412647058958448	99.0543447429956
498	2.57456526070864		3.85316197190821		1.00904226303101	2.5743168622912	3.88300669224157	0.662969978247735	0.00417246461298715	99.0438549329668
496	2.79278017682888		4.16925716107485		1.00876116752625	2.79253177841145	4.20078952973633	0.664763554242321	0.00418095662501614	99.0419182899297
494	2.97548441193868		4.42957293151905		1.00816118717194	2.97523601352124	4.46073128450585	0.666983914466131	0.00431749067768724	99.0107862593621
492	3.04561805423656		4.52015512109851		1.00794267654419	3.04536965581913	4.55106611237859	0.669155222231539	0.00418629959338075	99.0406998204277
490	3.08315336902798		4.5651444031453		1.00791668891907	3.08290497061055	4.596294221165	0.67073708128048	0.00443352995632257	98.9843350702806
488	3.1941288202447		4.71676415351602		1.00887954235077	3.19388042182727	4.75365108261964	0.67187943883908	0.00425144640871177	99.0258442269516
486	3.39956579452147		5.00699862501255		1.00954282283783	3.39931739610404	5.04978046344646	0.673161421711394	0.00431478465069921	99.0114031833747
484	3.59677302029597		5.27927395351444		1.01009511947632	3.59652462187854	5.32756705756253	0.675078245476655	0.00427325688604854	99.0208712263977
482	3.68889190420523		5.39504610881355		1.01073944568634	3.68864350578779	5.44798092563382	0.677066156460277	0.00422739721756875	99.0313279655076
480	3.65945083986974		5.33358919987944		1.01162850856781	3.65920244145231	5.39060149727794	0.678811528416648	0.00418867010909736	99.0401592266496
478	3.77204720172452		5.48176341803736		1.0127238035202	3.77179880330708	5.54649748471274	0.680032545530385	0.00416169617449688	99.0463107801555
476	4.03538876561366		5.85007657574534		1.01399922370911	4.03514036719623	5.92695197680853	0.680812057021089	0.00417986812610011	99.0421665250795
474	4.50177769197272		6.50629068445136		1.01552999019623	4.50152929355529	6.60230460529664	0.681811816126141	0.00412842727817225	99.0538984603984
472	5.05390041925874		7.2843868727485		1.01726651191711	5.0536520208413	7.40512551687518	0.682453256102787	0.00426827594066005	99.0220069082929
470	5.49503926026947		7.89626357928793		1.01911818981171	5.49479086185204	8.04217936742581	0.683246494614164	0.00425198828883896	99.025720669997
468	5.65742577085107		8.09742751891381		1.02110064029694	5.65717737243364	8.2632321298322	0.68462041045778	0.00443171358643968	98.9847490579055
466	5.49981676269179		7.83206876753272		1.02326714992523	5.49956836427435	8.00923166314285	0.686653676105094	0.00439422553796209	98.9932937329708
464	5.29878836994037		7.51812708177545		1.02553856372833	5.29853997152293	7.70505097913687	0.687670981784533	0.00433860168574632	99.0059734726656
462	5.14430687641702		7.28538062274452		1.027627825737	5.14405847799959	7.48157123315854	0.687563924433543	0.00436169616797983	99.0007087709544
460	4.99478071734653		7.0647179893489		1.02919805049896	4.99453231892909	7.26589759065217	0.687393712423739	0.00426455205890133	99.0228559815405
458	4.79947645787302		6.78947940402292		1.03004312515259	4.79922805945559	6.98835600752065	0.686746361274498	0.00433402577817852	99.007016646339
456	4.62401467878897		6.5510495465772		1.03006207942963	4.62376628037154	6.74288704857763	0.685725008747832	0.00429461473323696	99.0160016719313
454	4.49226864660056		6.38449079480133		1.02918720245361	4.49202024818313	6.56573988259919	0.684160555931872	0.00429201249349465	99.0165949655543
452	4.30689629626705		6.14266900621683		1.02735614776611	4.30664789784962	6.30562149666753	0.682985475757726	0.00426916489331337	99.021804221431
450	4.05073753264218		5.79333979618689		1.02460694313049	4.05048913422474	5.93082252205957	0.682955714685279	0.00413895566635669	99.0514971744122
448	3.6719664892338		5.27072519866578		1.02102768421173	3.67171809081636	5.37650041048596	0.682919708079124	0.0039713395669411	99.0897335108067
446	3.39178047961118		4.88679263184053		1.01675081253052	3.39153208119374	4.96361562411594	0.683278548950454	0.00390744741339595	99.1043123794276
444	3.26162020181096		4.71048921457625		1.0121191740036	3.26137180339352	4.7625646330192	0.684793184911802	0.00375750079980924	99.1385355213899
442	3.21182294859197		4.6411802304782		1.00782012939453	3.21157455017454	4.67248432847749	0.687337682568753	0.00389009190446117	99.1082729182302
440	3.17523082227334		4.58609133909676		1.0045450925827	3.17498242385591	4.60196123423333	0.689919419624327	0.00383966238111624	99.1197818674821
438	3.14057081264621		4.52853777487361		1.00285410881042	3.14032241422878	4.53649677327011	0.692235125732293	0.00387154302315155	99.1125059603861
436	3.10307938213196		4.46233021898581		1.00277864933014	3.10283098371452	4.46976390235543	0.694182299445263	0.00386383716071426	99.1142645692203
434	3.09820147687801		4.44045144710058		1.00421047210693	3.09795307846058	4.45417518644484	0.695516666674543	0.00383854474950969	99.1200369468078
432	3.10240153789638		4.42956847595266		1.00665414333344	3.10215313947895	4.45405870128983	0.696477830114949	0.00375963891634708	99.1380474442224
430	3.11550021948467		4.43300515806783		1.00962591171265	3.11525182106723	4.47067740050709	0.696818746240533	0.0039275037441499	99.0997357084012
428	3.11440666480154		4.41931813419674		1.01240730285645	3.1141582663841	4.46913670595731	0.696814277852133	0.00391565221176387	99.1024400940234
426	3.10298048076516		4.39901891552786		1.01423370838165	3.10273208234773	4.45661097717767	0.696208867733091	0.00383256590957662	99.1214015207064
424	3.08512156970371		4.38071237263226		1.01462960243225	3.08487317128628	4.43977620186333	0.694826277502814	0.00395068994540838	99.0944450929838
422	3.05949471433736		4.35862736295488		1.01337480545044	3.05924631591993	4.41190511832872	0.693407095998203	0.00386583626868161	99.113808335793
420	3.42253168798439		4.89639313229045		1.01114857196808	3.42228328956696	4.94597390975429	0.691933146436062	0.00397443656141035	99.0890268951916
418	3.21239125913657		4.62418457624923		1.0079870223999	3.21214286071914	4.65612668367249	0.689874455517517	0.00397035099192591	99.089959066853
416	3.02280936292145		4.38061729206623		1.00422537326813	3.02256096450402	4.39415430386638	0.687859541446801	0.0039968919092201	99.0839035949137
414	2.88082812569581		4.20106258086963		1	2.88057972727838	4.19611077270384	0.686488008375961	0.00405956347401576	99.0696061642275
412	2.75550726438016		4.04237578951153		0.995681941509247	2.75525886596273	4.01999014844231	0.685389457242911	0.00418988078363329	99.0398831346506
410	2.65357550209215		3.91253705712018		0.991583049297333	2.65332710367471	3.87469529654747	0.68478342181873	0.00426145075697151	99.0235631074278
408	2.56932048533897		3.80350812689178		0.988153755664825	2.56907208692154	3.75355769245344	0.684436552576954	0.00429036236326312	99.0169711862847
406	2.51206230685683		3.72979236790898		0.985654711723328	2.51181390843939	3.67140664812904	0.684155733530477	0.00441543457963885	98.9884594518221
404	2.49198078838238		3.706451254721		0.98426741361618	2.49173238996495	3.64326528676262	0.683928342802366	0.00448186628656493	98.9733188739854
402	2.51081245334619		3.73593996309926		0.984128773212433	2.51056405492876	3.6717727957848	0.683747114693723	0.00453463919602561	98.9612929494442
400	2.55849155471818		3.80398534856956		0.985299050807953	2.55824315630074	3.74318414134741	0.683440370470226	0.00467415319697952	98.9295074464869
398	2.60223593930901		3.86161827070255		0.987817049026489	2.60198754089158	3.80968088410249	0.682993568240708	0.00477933480526577	98.9055506494847
396	2.62370232105917		3.88270905430968		0.991658091545105	2.62345392264174	3.84540935018625	0.68223007844787	0.00478396837007883	98.9044954142615
394	2.63152876145759		3.8815152066582		0.996615350246429	2.63128036304015	3.863442589141	0.681071428480886	0.00486862924863599	98.8852169621235
392	2.63307209641236		3.86964412516267		1.0025714635849	2.63282369799492	3.87463023255687	0.679503214493198	0.00492355307876366	98.8727120566527
390	2.64897408609491		3.87755396399825		1.0093150138855	2.64872568767748	3.90867549868704	0.677653002549637	0.00503356928127121	98.847668628482
388	2.67808330228719		3.90459682277691		1.01699423789978	2.67783490386975	3.96591650971411	0.675212122421304	0.00506202668188084	98.8411917892296
386	2.70773917375072		3.93227547256865		1.02549052238464	2.70749077533329	4.02743319618206	0.672262119182993	0.00511140597776136	98.8299541815692
384	2.74094027225087		3.9658744592508		1.03449034690857	2.74069187383343	4.09753624739895	0.668863362849611	0.00519695399307279	98.8104884178311
382	2.77272419546371		3.99869775013527		1.04369103908539	2.77247579704628	4.16823685201718	0.665143535618558	0.00521147237339744	98.807185257574
380	2.78789327499294		4.00911870956629		1.0526317358017	2.78764487657551	4.21491315586091	0.661376586774804	0.00529039968607745	98.7892299822285
378	2.78840481063543		4.00013462757094		1.06117713451386	2.78815641221799	4.23959665615534	0.65764662026751	0.00532403312499773	98.781579659657
376	2.7926067881577		3.99718338246554		1.06922745704651	2.79235838974027	4.2686036141293	0.654162026311699	0.00539158636549729	98.766215667876
374	2.79018067732755		3.98604262323272		1.07646524906158	2.78993227891012	4.2855059157778	0.651015850576362	0.00543472349804601	98.756406011225
372	2.79730941265063		3.98931370476261		1.08239138126373	2.79706101423319	4.31263897671202	0.648572957146923	0.00552826626685524	98.7351371412978
370	2.81242771093006		4.00484560167321		1.08660447597504	2.81217931251263	4.34630249944993	0.647027976738513	0.00557658765754821	98.7241520748879
368	2.82352443940135		4.01565856549719		1.08728444576263	2.82327604098391	4.36077907376152	0.647424690228256	0.00561867495116219	98.7145852228471
366	2.85127872395842		4.05061248381455		1.08414971828461	2.85103032554098	4.38610188177972	0.650014614887181	0.00566990486685167	98.7029414147227
364	2.87366073070492		4.07825356036426		1.07767069339752	2.87341233228748	4.38967792370906	0.654583862922588	0.00570269939116029	98.6954884215667
362	2.91112244930523		4.12762171202246		1.06871128082275	2.91087405088779	4.40594383336008	0.660669804469089	0.00573480959895756	98.6881914937457
360	2.9534251835112		4.18378928992303		1.05907070636749	2.95317678509376	4.42568436359959	0.667281383503776	0.00578864777573258	98.6759581746408
358	2.993290063723		4.2367334791646		1.04836678504944	2.99304166530556	4.43645934545616	0.674646476445467	0.0058019540096842	98.6729349143292
356	3.03530347908246		4.29315006829464		1.03684234619141	3.03505508066503	4.4461855449659	0.682619978399554	0.00587599093452369	98.6561149492977
354	3.07067412103097		4.34071640111238		1.02479386329651	3.07042572261354	4.44326494754995	0.69102917761107	0.00588710385685546	98.6535905246003
352	3.10472863749646		4.38670559770596		1.01273274421692	3.10448023907903	4.4375455397639	0.699594001066679	0.00593392733838932	98.642954756106
350	3.13169234588481		4.42345509707084		1.00126516819	3.13144394746738	4.42409343871359	0.707815960681409	0.00602932619985513	98.6212888301565
348	3.15343731650105		4.45355197195058		0.990810453891754	3.15318891808361	4.40771954746254	0.715378754054092	0.00605234368607553	98.6160620679082
346	3.16547775834747		4.47099124190043		0.981342911720276	3.16522935993003	4.38271614175872	0.722207247184363	0.00616811798647226	98.5897764842677
344	3.17929139354618		4.49112068517937		0.972720801830292	3.17904299512874	4.36378978719475	0.728505072461886	0.00623043117510225	98.5756316979968
342	3.19065701850076		4.50912636137695		0.964752793312073	3.19040862008333	4.34541498177562	0.734201136937137	0.00635500434783944	98.5473602861026
340	3.18384811960219		4.50294807771023		0.957048177719116	3.18359972118476	4.30479913315489	0.739546636837284	0.00645455759777934	98.5247728804816
338	3.18450075631833		4.50855748930891		0.950148642063141	3.1842523579009	4.27909482232598	0.744141574355213	0.00648470292000832	98.5179342995809
336	3.16447314409367		4.48742724036991		0.944044172763824	3.16422474567624	4.2316548113293	0.747751148606153	0.00659044236462886	98.493950657071
334	3.13037456024555		4.45021642508891		0.938558220863342	3.13012616182811	4.17213965012613	0.750244820240734	0.00666889674121962	98.4761595408992
332	3.08152092274544		4.39676620557592		0.933434963226318	3.08127252432801	4.09947311054334	0.751626475217841	0.0068127092040865	98.4435555013264
330	3.01350268571254		4.32021625470992		0.928119659423828	3.01325428729511	4.0050817684503	0.752357744860985	0.0068942995172319	98.425062781713
328	2.9308974858473		4.227740302931		0.923022568225861	2.93064908742987	3.8977290815128	0.75188629741614	0.00706786324435053	98.3857355318154
326	2.84165101403595		4.12744803038253		0.918195605278015	2.84140261561851	3.78525791401463	0.750649673064136	0.00715349205043469	98.3663389634948
324	2.75064212768085		4.02540724709886		0.913534343242645	2.75039372926342	3.67282411894204	0.748849833314553	0.00735646387193798	98.3203772232623
322	2.66553363192718		3.93090097306243		0.908978700637817	2.66528523350974	3.56860417067787	0.746870514642554	0.00750419811072631	98.2869372040273
320	2.58488891789395		3.84034258719381		0.904343068599701	2.58464051947652	3.4685090663852	0.745173349703875	0.00773259831941933	98.2352606207045
318	2.51064415500702		3.75662790246972		0.899914681911469	2.51039575658959	3.37618839904038	0.74355914418257	0.00794904435085089	98.1863137987182
316	2.45711112299437		3.70205676010966		0.895963847637177	2.45686272457693	3.31247237786208	0.741700592281657	0.0080734180847253	98.1581991195684
314	2.41268275403127		3.65997276369578		0.892610192298889	2.41243435561384	3.2625089579721	0.739441450335006	0.00831030751699376	98.1046725367696
312	2.35532237828391		3.59887074977978		0.88999992609024	2.35507397986647	3.19858759241076	0.736285598510517	0.00862495270932235	98.0336217046882
310	2.29738022763653		3.53768953664534		0.888025283813477	2.29713182921909	3.13716042397163	0.732232821651797	0.00878519129612336	97.9974575993757
308	2.23870174886709		3.47587281325954		0.887133359909058	2.23845335044965	3.07916981322774	0.726966515725613	0.00901420418973016	97.9457950384875
306	2.17026483507805		3.40066065535694		0.887335538864136	2.17001643666062	3.01313313974807	0.720186044232366	0.00934260169730246	97.8717600269482
304	2.10570120008213		3.3308363392297		0.888603985309601	2.10545280166469	2.95539424898294	0.712410130184579	0.00955558465662359	97.8237743686645
302	2.02777555342085		3.24332569504812		0.891015827655792	2.02752715500341	2.88544238907937	0.702674627182669	0.00995330271402943	97.7342303523886
300	1.94328975053578		3.14322515833873		0.894482612609863	1.94304135211834	2.8071309453466	0.692180518097789	0.0102735314643751	97.6621921939658
298	1.85100070061158		3.03003255625196		0.900495111942291	1.85075230219414	2.72407042688233	0.67940692132263	0.0106818075909107	97.5704240345966
296	1.7572187429785		2.91396428278997		0.909423410892487	1.75697034456107	2.64552404700151	0.664129417592122	0.0111198036941836	97.4720715924449
294	1.65622993722969		2.78579798691538		0.92107892036438	1.65598153881225	2.56137879602208	0.646519578199077	0.0116470292802112	97.3538140697192
292	1.54947705679688		2.64468827068235		0.934718489646912	1.54922865837944	2.46741047930936	0.627876338927231	0.0121272656404026	97.2462211725154
290	1.44178861728577		2.50081353981193		0.948803901672363	1.44154021886834	2.3680833490206	0.608737112004329	0.0127476848970432	97.1073975031599
288	1.32552237019176		2.34038028849986		0.962523102760315	1.32527397177432	2.24790386716596	0.589559896725102	0.0133625376408541	96.970014903828
286	1.20967216313514		2.17882025496574		0.97529125213623	1.2094237647177	2.12015487945896	0.570441233532115	0.0139883474002642	96.8303836572146
284	1.10028865527143		2.02393251144401		0.986907541751862	1.100040256854	1.99254728271676	0.55207736669322	0.0145093200866651	96.7142971256142
282	0.999192276586038		1.87913966534289		0.996903836727142	0.998943878168604	1.86838506556727	0.534656317146973	0.0150731844753775	96.5888100107968
280	0.901734481260128		1.73681086952489		1.00535523891449	0.901486082842694	1.7411335803989	0.517758139290013	0.0157645265596557	96.4351751137714
278	0.814937748513689		1.6091292645053		1.00982344150543	0.814689350096255	1.61993599974619	0.502914528860338	0.0163823862724678	96.2980767893084
276	0.740715858551476		1.49897989513342		1.01022160053253	0.740467460134042	1.50929944525699	0.490603413696982	0.0169382558059222	96.1749001732579
274	0.672831956845188		1.3982141301552		1.00653350353241	0.672583558427754	1.4023652062917	0.479606564260303	0.0177420690700777	95.9970596380506
272	0.624154369149069		1.32772419208237		0.99854451417923	0.623905970731635	1.32084710746768	0.47235290686125	0.018408423364246	95.849880692934
270	0.584940421246678		1.27102633311703		0.988452672958374	0.584692022829244	1.25145474835256	0.467209880020789	0.0190294550304958	95.7129153996435
268	0.550311417478798		1.22131283539087		0.972882628440857	0.550063019061364	1.18337651329976	0.464825026421688	0.0196031050514627	95.5865737759366
266	0.521598572744897		1.18157955765657		0.953488886356354	0.521350174327463	1.12190148251795	0.464702277741328	0.02012380902637	95.4720374756303
264	0.494358616188703		1.14271534272397		0.931065678596497	0.494110217771269	1.05933257738576	0.466435403120181	0.0207028461459721	95.3448311234873
262	0.465124114657569		1.09766318531122		0.906938552856445	0.464875716240135	0.991022075078049	0.46908714541351	0.0212425618759144	95.2264157502084
260	0.434748814180798		1.04895902290818		0.883175373077393	0.434500415763364	0.922041461375596	0.471237394373928	0.0217426335108709	95.1168296843051
258	0.402757409584509		0.993979656062433		0.859192788600922	0.402509011167075	0.849765594638284	0.473670637769712	0.022212316619246	95.0140178337321
256	0.368996582082691		0.932989107600084		0.834685504436493	0.368748183665257	0.774619281414194	0.476037961502904	0.0227671347176467	94.8927134175273
254	0.336270569029864		0.87182513384546		0.80953711271286	0.33602217061243	0.701766129158514	0.478823580464554	0.023365221818207	94.7621221971232
252	0.304244011235473		0.809763657958192		0.784095585346222	0.303995612818039	0.631049418456548	0.481730279637316	0.0241665493199099	94.5874354681089
250	0.274124670840687		0.749096624814375		0.758817315101624	0.273876272423253	0.564669971816068	0.485020075607037	0.0248250730030093	94.4441205771243
248	0.245193846676504		0.688517550959757		0.735633492469788	0.24494544825907	0.50285385470423	0.487110610702473	0.0256076414171816	94.2740920842453
246	0.216739186756023		0.626673671507166		0.715051770210266	0.216490788338589	0.444563318960675	0.486974023958417	0.0266018590040443	94.0585200229318
244	0.1894586769163		0.565010781128559		0.697206974029541	0.189210278498866	0.390477021817464	0.484561876696848	0.0279767799290451	93.7612136133663
242	0.163927288163338		0.504329310118589		0.681808710098267	0.163678889745904	0.340479930458532	0.480729920043964	0.0294909013888847	93.4348942967518
240	0.139849195303007		0.444329568231871		0.667849898338318	0.139600796885573	0.293438392392249	0.475741417976975	0.0315066392211752	93.0022297048734
238	0.11661719561709		0.383187425226671		0.657016694545746	0.116368797199656	0.24850711488081	0.468271490961009	0.0345094407355599	92.3614110588308
236	0.0974205242078948		0.329783066004029		0.649702370166779	0.0971721257904608	0.211043638121759	0.460436176400629	0.0381142680921661	91.5979453222489
234	0.0786908777907303		0.275212021300209		0.645702123641968	0.0784424793732964	0.174507593556825	0.449507541617398	0.0431055788725337	90.5512440135928
232	0.0625508345965558		0.226078949597121		0.644411623477936	0.0623024361791218	0.142496900204799	0.437219589265309	0.0494667959907917	89.2345841331678
230	0.0478208505627015		0.179781213232741		0.644490897655487	0.0475724521452675	0.112675960208173	0.42220587299523	0.0588904096269014	87.3191682791389
228	0.035820072412412		0.141132152947111		0.646355271339417	0.0355716739949781	0.0880208837022255	0.404127662650116	0.0708353574812016	84.9502463279209
226	0.0267471943740195		0.11132527306896		0.649210751056671	0.0264987959565855	0.0690587970422869	0.383713546883237	0.0854423195506029	82.1405639876308
224	0.0198939803282224		0.0883553655908581		0.652522802352905	0.0196455819107885	0.0544227230172063	0.360981237645484	0.103641958702378	78.7694913960446
222	0.0152440709935463		0.0722505598995945		0.655378818511963	0.0149956725761124	0.0441061763986301	0.339990309760293	0.121754462449066	75.5519255695506
220	0.0117758136755566		0.0600903172952913		0.656985223293304	0.0115274152581227	0.0362251857325047	0.318215490825743	0.145054859268245	71.6052954027417
218	0.00924483224035745		0.0510550868855325		0.657121121883392	0.00899643382292348	0.0302954382348193	0.296956715172506	0.170147933338307	67.5852721074744
216	0.00742850419890908		0.0444255462778676		0.655903518199921	0.00718010578147512	0.0258909637042134	0.277320916420993	0.19605708087258	63.6711830101612
214	0.00612095925746324		0.0395296646445985		0.654084265232086	0.00587256084002928	0.0226168318482414	0.259654441410454	0.222295327681873	59.9383346703784
212	0.0051533622535781		0.0358337414263345		0.652615189552307	0.00490496383614414	0.0201540187285713	0.243373984226313	0.249092205287	56.3518002324824
210	0.00438041752018592		0.0327457045200335		0.652986526489258	0.00413201910275196	0.0181490398379593	0.227671498858563	0.275042330697465	53.0832701428439
208	0.00366467245544946		0.0299382219548814		0.655270755290985	0.0034162740380155	0.0163728662355904	0.208654611163279	0.305471065368167	49.4913083134813
206	0.00301402510392335		0.0272664365632594		0.661797821521759	0.00276562668648938	0.0147677724615122	0.187274464967358	0.341338665898618	45.56814337711
204	0.00241166137685334		0.0248054756603884		0.668592393398285	0.00216326295941938	0.0132740110679467	0.16296980229609	0.388456082523009	40.883109254497
202	0.00180952247850254		0.0221981852121275		0.687935590744019	0.00156112406106857	0.0118643965815656	0.131580569676353	0.456886631291701	34.9231467346479
200	0.00125803927872556		0.0193796949089059		0.715800225734711	0.0010096408612916	0.0103274845875966	0.0977625144562494	0.551339895432107	28.097009904722
