Wavelength	I1	I1 dark	R1	R1dark	XCorrect	I1c	R1c	I1c/R1c	Abs	Percent T
nm	uA	uA	uA	uA		uA	uA	uA/uA	OD	T*100
	Abs Detector Raw	Dark Offset for Abs Detector	Ref Detector Raw	Dark Offset for Ref Detector	Linear interp	Dark subtracted Abs Detector	Corrected Ref Detector	Corrected Intensity 	-Log(T)	% Transmittance
800	0.144989486305721	2.49605664209534E-4	0.213551327805749	0.0049500191586112	1.35067892074585	0.144739880641512	0.281753390429687	0.513711229599674	6.82604082763908E-4	99.8429480573014
798	0.153985628657165		0.22693927082934		1.34199333190918	0.153736022992955	0.297908095497627	0.516051847252266	6.08516534065222E-4	99.8599820067724
796	0.166728621579574		0.24542202965899		1.33337259292603	0.166479015915364	0.320638788167025	0.519210470034097	5.53841054984282E-4	99.8725546649239
794	0.16709925870883		0.245550762911955		1.32502686977386	0.166849653044621	0.318802450360757	0.523363772316723	7.0971652032169E-4	99.8367151869507
792	0.157252954045415		0.231272663146009		1.31713449954987	0.157003348381206	0.298097362425144	0.526684795544379	6.83241999984063E-4	99.8428014022281
790	0.151743901027878		0.223655924094108		1.30966234207153	0.151494295363668	0.286430887682697	0.528903487292512	4.32676436633553E-4	99.9004221803402
788	0.153824470668307		0.226920204781748		1.30193436145782	0.153574865004097	0.288990611881934	0.531418180002469	5.75368751944746E-4	99.8676041695935
786	0.157860330332356		0.232818510460389		1.29363858699799	0.157610724668146	0.294779473108995	0.534673337345541	5.34161872352372E-4	99.8770802917855
784	0.162632755774102		0.239840879435625		1.28498160839081	0.162383150109892	0.301830435435058	0.537994618984774	4.4548752232284E-4	99.8974752997192
782	0.170966900333085		0.252011852401824		1.27644824981689	0.170717294668876	0.315361644639852	0.541338167055279	4.39036399577915E-4	99.8989592137185
780	0.183050763352428		0.26982205416629		1.268270611763	0.182801157688218	0.3359294178781	0.544165375104338	6.17247348820686E-4	99.8579744974047
778	0.198624042861733		0.29244608342617		1.26044166088104	0.198374437197523	0.362372016742164	0.547433101984448	4.39265900651487E-4	99.898906422552
776	0.218925160105443		0.321836859370742		1.25292003154755	0.218675554441233	0.397033869835585	0.55077304747776	3.71953047335008E-4	99.9143913109567
774	0.259891199408609		0.381724768066988		1.24577045440674	0.259641593744399	0.469374850156574	0.5531646905619	3.24128315554768E-4	99.9253945409607
772	0.349774119696122		0.513383707665417		1.23883104324341	0.349524514031912	0.62986343675298	0.554921104539346	3.07131162281431E-4	99.9293054368033
770	0.435267651153823		0.63661760609878		1.23221707344055	0.435018045489613	0.77835158536667	0.558896588210433	3.97593945536738E-4	99.9084925044621
768	0.434264739780877		0.632064178992951		1.22665858268738	0.434015134116668	0.769254966485577	0.564201926572554	4.7306660065061E-4	99.8911316943213
766	0.371607229655267		0.539927254617459		1.22236526012421	0.371357623991058	0.653937587582184	0.567879306898516	3.71703656805664E-4	99.9144486861045
764	0.328092143464399		0.478658054728002		1.2186872959137	0.32784253780019	0.57730196492065	0.567887444909791	3.23817171928154E-4	99.9254661310041
762	0.329152925320512		0.480871538911052		1.214359998703	0.328903319656302	0.577940056109305	0.569095905673127	3.56152283310906E-4	99.9180265227885
760	0.346713195941263		0.506214274100314		1.20898902416229	0.346463590277053	0.606022982429408	0.571700414542299	1.38604958776168E-4	99.9680901210959
758	0.370183450364082		0.540190581642774		1.2031888961792	0.369933844699872	0.643995501565654	0.574435448385128	2.23085808168474E-4	99.9486457851584
756	0.395597430365071		0.57651127699325		1.19780671596527	0.395347824700862	0.684619913219888	0.577470530825596	1.39005230303898E-4	99.9679979846231
754	0.420450909269668		0.611971213374996		1.1931779384613	0.420201303605459	0.724284297117425	0.580160725943964	1.85318561915386E-4	99.9573379270393
752	0.446821449020254		0.64958238723594		1.18890511989594	0.446571843356044	0.766406722857777	0.58268257576195	2.61509443422735E-5	99.9939787038263
750	0.48773664813655		0.708295648414907		1.1848680973053	0.48748704247234	0.833371797484905	0.584957451096334	1.08519742489576E-4	99.9750155275041
748	0.539412383403697		0.782300326463926		1.18107759952545	0.539162777739487	0.918111034942533	0.587252257319001	1.10414741039502E-4	99.9745792979317
746	0.593902278815848		0.859469141768368		1.17750906944275	0.593652673151639	1.00620401688525	0.589992350646063	7.81749926412057E-5	99.9820011627151
744	0.641067696107854		0.92575857784382		1.174187541008	0.640818090443644	1.0812019372617	0.592690475626234	1.71137085059694E-4	99.9606019929622
742	0.710490149138561		1.02368042498672		1.17108881473541	0.710240543474351	1.19302378349617	0.595328067469856	1.24953454872982E-4	99.971232542376
740	0.814481663310433		1.17088707265291		1.16803753376007	0.814232057646224	1.36185824048296	0.597883122811276	8.6102668485145E-5	99.9801760931041
738	0.923100118381786		1.32239451986246		1.16498303413391	0.922850512717577	1.534800491733	0.601283696277391	8.57037971014648E-5	99.9802679184695
736	0.98208176945226		1.40185049183501		1.16204738616943	0.98183216378805	1.62326454301245	0.604850372673063	1.2598830612724E-4	99.9709943279007
734	1.00023503781234		1.42511718943491		1.15931880474091	0.99998543214813	1.64642650637699	0.607367184793828	1.64038609293707E-4	99.9622358468085
732	1.0016492010147		1.42707093851157		1.15665113925934	1.00139959535049	1.64489778153414	0.608791383022303	8.33883939881611E-5	99.9808009559598
730	1.00278164577336		1.43053904457682		1.15388596057892	1.00253204010915	1.64496716198545	0.609454135789012	6.89198543386686E-5	99.9841318761988
728	1.0087056249367		1.44242472873343		1.15089321136475	1.00845601927249	1.65437988475816	0.609567384470407	-1.32756184020532E-4	100.030572913596
726	1.02731922349513		1.4731274736669		1.1476241350174	1.02706961783092	1.68491588128211	0.609567296053611	-1.67214047669938E-4	100.038509870498
724	1.03968265423186		1.49443423017356		1.14410185813904	1.03943304856765	1.70412165349096	0.609952374255874	-1.07736993519785E-4	100.024810436804
722	1.03438462721446		1.48901694809071		1.14027833938599	1.03413502155025	1.69224937326035	0.611100844763703	-6.59220188113659E-5	100.015180257866
720	0.989317780165534		1.4248695331859		1.13600122928619	0.989068174501324	1.61303031342245	0.613173953564931	9.91538596255932E-5	99.9771715861703
718	0.901688315794004		1.29813766265958		1.13137769699097	0.901438710129794	1.4630836578813	0.616122465228799	1.91660934495322E-5	99.9955869412715
716	0.772486227382047		1.11214533399603		1.12621939182281	0.772236621717838	1.24694483410527	0.619302955989989	1.71438715816078E-4	99.9605325673011
714	0.637657631424214		0.91942116637012		1.12039887905121	0.637408025760004	1.02457244826045	0.622120989923374	1.68183624442542E-4	99.9612817867828
712	0.524649433328409		0.75974654084848		1.11375534534454	0.524399827664199	0.84065866067956	0.623796377997572	4.52404378111621E-5	99.9895835467797
710	0.438542707598256		0.639324438973706		1.10628998279572	0.438293101934046	0.701802065983283	0.62452523749693	-8.66880470764531E-5	100.019962652766
708	0.375182646205922		0.552115663992585		1.09837675094604	0.374933040541713	0.600994023202038	0.623854857231534	9.47303150938934E-5	99.9781899176054
706	0.328188684296533		0.488250262026099		1.09038031101227	0.327939078632323	0.526981069130156	0.622297645669939	-6.58189507007025E-5	100.015156521957
704	0.29640161319552		0.446265432481948		1.0826700925827	0.296152007531311	0.477798999400951	0.619825508011982	-4.6757164725563E-5	100.010766814629
702	0.2818115177338		0.428910688593775		1.07555782794952	0.281561912069591	0.455994216753711	0.61746816456154	-1.38390510893932E-4	100.031870670359
700	0.279258430890974		0.428430113034172		1.0694442987442	0.279008825226765	0.452888372026877	0.61606533190083	-1.74047378062983E-4	100.040083921278
698	0.293948196762453		0.452679191306418		1.0649927854538	0.293698591098243	0.476828338174615	0.61594198076099	-3.48829393140934E-5	100.008032416188
696	0.31969805933046		0.492205576646525		1.06259047985077	0.31944845366625	0.517753116641036	0.616989919324286	-1.61499784355329E-4	100.037193614708
694	0.347396370071834		0.53389493500045		1.06203079223633	0.347146764407624	0.561755788020886	0.617967401156029	-2.40287274683148E-4	100.055343498538
692	0.368147186334132		0.564692682680123		1.06277585029602	0.367897580669923	0.594880985171034	0.618438964836216	-1.1729291430043E-4	100.027011339004
690	0.383021022029094		0.587040213718756		1.06392598152161	0.382771416364884	0.619300881581505	0.618070194551319	-6.52975446687764E-5	100.015036445657
688	0.392045207173699		0.600610614665508		1.06461536884308	0.39179560150949	0.634149424590863	0.617828521664694	-1.81436196958275E-4	100.041785956144
686	0.393398915054032		0.602724352144855		1.0645604133606	0.393149309389823	0.63636689102019	0.617802897884185	-1.65225399339633E-4	100.038051792009
684	0.388494613620992		0.595504288391967		1.06376242637634	0.388245007956782	0.628209442346582	0.618018421541948	-1.41016784743313E-4	100.032475586818
682	0.385976290877148		0.592261417311175		1.06245732307434	0.385726685212939	0.623993295892221	0.618158380470106	-5.4122457803094E-5	100.012462933012
680	0.392415393024271		0.602500992465572		1.06094348430634	0.392165787360061	0.633967811670929	0.618589430158043	-1.29770941413239E-4	100.029885328295
678	0.401175549239267		0.616434946267316		1.05921316146851	0.400925943575057	0.64769288283315	0.619006251576086	-1.07835155865825E-4	100.02483304513
676	0.407073260397341		0.625894612672388		1.05730748176575	0.406823654733132	0.656529364484107	0.619657972271825	-1.26785996873425E-4	100.029197816373
674	0.415257353077042		0.638963182566458		1.05524814128876	0.415007747412832	0.669041212238736	0.620302217294118	-3.78966959937411E-5	100.008726417457
672	0.420699316251097		0.647646292578149		1.05312037467957	0.420449710586888	0.676836540268744	0.621198303537136	-1.70286363044982E-4	100.039217572189
670	0.426589484989768		0.657141856810226		1.0509113073349	0.426339879325559	0.685395776739609	0.622034587597891	-9.58673685844354E-5	100.022076713929
668	0.429773478507319		0.662558436988778		1.0485315322876	0.42952387284311	0.689523161992687	0.622928853617923	-5.07888238302365E-5	100.011695242704
666	0.432822082315938		0.667682757952188		1.04595601558685	0.432572476651729	0.693189294867493	0.624032251874891	-1.51265376059156E-4	100.034836206398
664	0.438318133319368		0.676780508770328		1.04322910308838	0.438068527655158	0.700873119105058	0.625032571108629	-1.22908077599024E-4	100.028304635735
662	0.443710082760713		0.685383876350697		1.04042720794678	0.443460477096504	0.707941898230818	0.626408012020102	-1.3334842457262E-4	100.030709323807
660	0.452299731163891		0.699089816542512		1.03775990009308	0.452050125499681	0.720350446783747	0.6275419520013	-1.98585034979449E-5	100.004572693957
658	0.463522678811917		0.716711274907159		1.03528940677643	0.463273073147708	0.73687888823036	0.628696357769557	-8.97379124535197E-5	100.020665052877
656	0.479165790932028		0.741159384245504		1.03309750556946	0.478916185267818	0.760576058648144	0.629675598938848	-1.00916710927408E-4	100.023239631406
654	0.497520872035442		0.770009480260596		1.03115320205688	0.497271266371233	0.788893513079227	0.630340163947188	-8.24002708748451E-5	100.018975163594
652	0.511129123934191		0.790961013685179		1.02945709228516	0.510879518269982	0.809164592929484	0.631366625200941	-1.27593168695944E-4	100.029383728993
650	0.517038994821221		0.800339201208741		1.02793705463409	0.516789389157012	0.817610013084431	0.632073214474741	-8.80531836548199E-5	100.020277050323
648	0.517454337531964		0.801291493075053		1.02666783332825	0.517204731867754	0.817578175615216	0.632605844057133	-1.40356991390438E-4	100.032323614562
646	0.520701134699166		0.806865746897994		1.02560043334961	0.520451529034957	0.822445117879378	0.63281004132763	-7.04748763045812E-5	100.016228756681
644	0.528609615502526		0.819642922750259		1.02465677261353	0.528360009838317	0.83478060126536	0.632932783820598	-1.11710380842708E-4	100.025725574225
642	0.540768161901697		0.838710862432368		1.02378344535828	0.540518556237488	0.853590548731629	0.633229312391822	-1.18262089668227E-4	100.027234560407
640	0.555315515969545		0.861651017370001		1.02288675308228	0.555065910305336	0.876308102422793	0.633414102609236	-7.81923961585494E-5	100.018006085479
638	0.569880181133516		0.884355829901347		1.02184903621674	0.569630575469306	0.898619980150862	0.633894847712685	-1.74533024855658E-4	100.04019579047
636	0.584490908003845		0.907409855077782		1.02063095569611	0.584241302339635	0.921078444811535	0.634301351454576	-1.19701285281079E-4	100.027566038244
634	0.598270873158744		0.929159558970367		1.01923584938049	0.598021267494535	0.94198749531559	0.634850537261306	-7.25653069847199E-5	100.016710175407
632	0.613364763479291		0.952580129250318		1.0177036523819	0.613115157815082	0.96440662414739	0.635743412025113	-1.25352791475827E-4	100.028867712824
630	0.627817746514802		0.97535826941809		1.01619136333466	0.627568140850592	0.986120482822378	0.636401080580364	-1.61681207410042E-4	100.037235404456
628	0.643392484001396		1.00001688290599		1.01451146602631	0.643142878337187	1.00950674273455	0.637086263133859	-1.26357783881206E-4	100.029099187947
626	0.659834077868804		1.02569395342106		1.01275491714478	0.659584472204595	1.03376343857	0.638041980974869	-9.20632105631552E-5	100.021200584632
624	0.674367308401553		1.0483057376935		1.01092803478241	0.674117702737343	1.05475754611747	0.639121004840167	-2.1752160676038E-4	100.050098746145
622	0.684510895091978		1.0643341555982		1.0092089176178	0.684261289427768	1.06913991767767	0.64001098276649	-1.63183302455775E-4	100.037581404007
620	0.694261740389929		1.07955543697049		1.00772297382355	0.69401213472572	1.08290456732428	0.640880236049364	-1.93837198197234E-4	100.044642626159
618	0.701664300785155		1.09149917318985		1.0068142414093	0.701414695120945	1.09395316226988	0.641174338456643	-1.29892768085867E-4	100.02991338831
616	0.711310681361844		1.10661946579301		1.00664889812469	0.711061075697635	1.10899433455216	0.64117647272272	-1.69870020776726E-4	100.039121668288
614	0.719564154229256		1.11968339701522		1.00700271129608	0.719314548565046	1.12253953387385	0.64079217422545	-1.8851300390405E-4	100.043416145344
612	0.727051967004512		1.13175899053387		1.00780045986176	0.726802361340302	1.13559859952833	0.640016958141879	-9.8093939508159E-5	100.022589515329
610	0.736842421066954		1.14701264647878		1.00835275650024	0.736592815402744	1.1516019983542	0.639624467876436	-2.00910601091265E-4	100.046272077734
608	0.749061827146057		1.16615510550873		1.0085117816925	0.748812221481847	1.17108901054536	0.639415291868495	-1.36760230129797E-4	100.031495165407
606	0.764324510190539		1.18998210126313		1.00798010826111	0.764074904526329	1.1944887664126	0.639666881774928	-1.68102257588114E-4	100.038714467358
604	0.779565803464599		1.21373079196414		1.00688087940216	0.779316197800389	1.21709824752685	0.640306729045057	-1.5113751478479E-4	100.034806754999
602	0.797976533371502		1.24219652061016		1.00539457798004	0.797726927707292	1.24392092418416	0.641300352938825	-1.45288363183164E-4	100.03345947836
600	0.815477836402156		1.26918554638122		1.00393652915955	0.815228230737946	1.26921222724006	0.642310413689196	-2.06248688210774E-4	100.047501794023
598	0.834162199120466		1.29804099212774		1.00287997722626	0.833912593456256	1.29681504552276	0.643046667553197	-1.44820404097178E-4	100.033351690804
596	0.854728144472858		1.32988291399757		1.00218975543976	0.854478538808649	1.32783417385275	0.643512989524403	-1.46097123056267E-4	100.033645764686
594	0.876798714758204		1.36381223667694		1.00178515911102	0.876549109093994	1.36128800278656	0.643911580282569	-1.48372557694107E-4	100.03416988053
592	0.895640476462701		1.39284415794765		1.00154709815979	0.895390870798492	1.39004134725715	0.64414693315799	-1.87645766659427E-4	100.043216370091
590	0.912141513994423		1.41832791791663		1.00122630596161	0.911891908330213	1.41511113250127	0.644395968193965	-1.02328772390084E-4	100.023564846663
588	0.930511345769165		1.44624924654041		1.00070452690125	0.930261740104955	1.44231466146023	0.644978356638999	-2.16419080969238E-4	100.049844753339
586	0.944080258983989		1.46716452355645		0.999973237514496	0.94383065331978	1.46217537190336	0.645497572627809	-1.75119078121017E-4	100.040330788555
584	0.958397957596212		1.48911672988963		0.999053955078125	0.958148351932003	1.48276262235111	0.646191330620901	-1.89125163686026E-4	100.043557161639
582	0.973738802261475		1.51255316778426		0.998229086399078	0.973489196597266	1.50493331370496	0.646865337973454	-1.75209107724132E-4	100.040351526999
580	0.988804128129012		1.53544021603265		0.997582137584686	0.988554522464802	1.52678968215001	0.647472624436869	-1.0956727461427E-4	100.025231980049
578	1.00433085536189		1.55919051958765		0.997147619724274	1.00408124969768	1.54980721548188	0.647874935454783	-2.31683840875801E-4	100.053361407965
576	1.02239262286785		1.58683473487026		0.996688485145569	1.02214301720364	1.57664628097757	0.648302050711003	-1.58806869778456E-4	100.03657331951
574	1.04238412364246		1.61724796869649		0.996220171451569	1.04213451797825	1.60620373971964	0.648818385991401	-1.68590391762278E-4	100.038826907983
572	1.06159375643923		1.64651705885053		0.9957315325737	1.06134415077502	1.63456006425491	0.64931486703049	-2.13156085254638E-4	100.049093049134
570	1.07853841121772		1.67212187442205		0.995352268218994	1.07828880555351	1.65942328764733	0.649797320298106	-1.95165766360939E-4	100.04494867732
568	1.10014723223733		1.70492129140524		0.995181918144226	1.09989762657312	1.69178067150448	0.650141974724768	-1.96328814832577E-4	100.04521659986
566	1.12193750162047		1.7379358039076		0.995282471179962	1.12168789595627	1.72481037436472	0.650325341630324	-1.75888006068123E-4	100.040507912321
564	1.14622820129148		1.77469707542819		0.995623111724854	1.14597859562727	1.76200107112902	0.650384732679517	-2.39570348879067E-4	100.055178329048
562	1.17425305316924		1.81734745825337		0.996170461177826	1.17400344750503	1.80545679274054	0.650252862447619	-1.74623268061408E-4	100.040216578091
560	1.20280830665622		1.86028056965409		0.99668163061142	1.20255870099201	1.84917387839102	0.650322133058881	-1.61771804513699E-4	100.03725627298
558	1.23364273188701		1.90662317200797		0.997178435325623	1.2333931262228	1.89630745905907	0.650418327645455	-2.05804534431118E-4	100.047399475308
556	1.26390703840671		1.95245366498891		0.997675478458405	1.2636574327425	1.94297663165323	0.650371915007174	-1.8006821270852E-4	100.041470835005
554	1.29310536134912		1.99622514766313		0.99818366765976	1.29285575568491	1.9876583110903	0.650441652104549	-1.24172638971626E-4	100.028595894592
552	1.32553786396611		2.0446416956264		0.998678505420685	1.3252882583019	2.03699623497386	0.65060908584296	-1.31392786141885E-4	100.030258884147
550	1.35317944100409		2.08543420187209		0.999059557914734	1.35292983533989	2.07852760783033	0.650907801389341	-1.68237237409544E-4	100.038745559648
548	1.38349394283609		2.13047185428002		0.999196529388428	1.38324433717188	2.12381404079264	0.651302002248574	-1.42089333837302E-4	100.032722630882
546	1.4103574009807		2.17014872179726		0.99907249212265	1.41010779531649	2.16319046378593	0.651864835262161	-5.10434609291799E-5	100.011753881938
544	1.43733126256725		2.20943674654262		0.998806416988373	1.43708165690304	2.20185548947685	0.652668471555548	-9.48241446301449E-5	100.021836449994
542	1.45981331508973		2.24181947346401		0.998482644557953	1.45956370942552	2.23347532826576	0.653494440235807	-1.60662894918914E-4	100.037000842307
540	1.48076757831166		2.27182619941832		0.99831360578537	1.48051797264745	2.26305333338404	0.654212585628094	-1.32814700881287E-5	100.003058218266
538	1.50492014169171		2.30645432427996		0.998360693454742	1.5046705360275	2.29773143405002	0.654850481535758	-1.45855861338373E-5	100.003358511717
536	1.52512647858607		2.3346125883276		0.998661279678345	1.52487687292186	2.32654380254504	0.655425817151509	-9.99663934239463E-5	100.023020762101
534	1.54736135245963		2.36605848663945		0.999168038368225	1.54711174679542	2.35914411582743	0.655793656867288	-8.66931626156241E-5	100.019963830898
532	1.56722452987049		2.39359188496693		0.999805629253387	1.56697492420628	2.38817758370547	0.656138360437577	6.42863074278936E-6	99.9985197640239
530	1.58714390082361		2.4208119776316		1.0004802942276	1.5868942951594	2.41702228302632	0.656549302959869	-4.63960897859956E-5	100.010683665134
528	1.6073668392804		2.44838999265812		1.00102841854095	1.60711723361619	2.44595285247197	0.657051599335606	-8.34311591219274E-5	100.019212579708
526	1.63085453144729		2.48073385239216		1.0014044046402	1.63060492578308	2.47926083553707	0.657698013218465	-4.41607916116847E-5	100.010168915045
524	1.65544717356094		2.51473608614302		1.00163662433624	1.65519756789673	2.5138936439404	0.658419886571771	-2.20667313652325E-6	100.000508106558
522	1.68390425199948		2.55405306596638		1.00181710720062	1.68365464633527	2.55373504030925	0.65929104615778	-6.62799016445222E-5	100.015262675977
520	1.7180500663772		2.60136528501561		1.0020604133606	1.71780046071299	2.60176495456043	0.660244292130229	-7.05884086811299E-5	100.016254902723
518	1.74725622775952		2.64189857342787		1.00242054462433	1.74700662209531	2.64333140591693	0.660910931631482	-1.99927999320338E-5	100.004603618272
516	1.78946588030082		2.70139869526043		1.00289297103882	1.78921627463661	2.70424942402944	0.66163137865094	-4.1563262349248E-5	100.009570752797
514	1.83434371978214		2.76410167352551		1.00349617004395	1.83409411411793	2.7687981177276	0.662415256054568	6.11440768465433E-7	99.9998592106592
512	1.88239844828885		2.8314155648581		1.00418245792389	1.88214884262464	2.8382871189177	0.663128416459273	-5.57069546082483E-5	100.012827823021
510	1.93865542438242		2.91121722469548		1.00497353076935	1.93840581871821	2.92072161490755	0.66367359656068	1.70592414648497E-5	99.9960720416368
508	2.02016458695956		3.02772135020651		1.00580215454102	2.01991498129535	3.04030991745279	0.664377986500685	7.27206744361228E-5	99.9832568477313
506	2.1060640311964		3.14944118614592		1.00663805007935	2.10581442553219	3.16536445682783	0.665267603226495	2.66166806754765E-5	99.9938714705872
504	2.19033348734161		3.26869245520067		1.00742840766907	2.1900838816774	3.28798684538381	0.666086570495919	4.12659257621465E-5	99.9904986208588
502	2.29003564758775		3.41063398295381		1.00814700126648	2.28978604192354	3.43343007536147	0.666909181682541	1.55966913119299E-4	99.9640937389265
500	2.40539876968538		3.57466137487651		1.00866842269897	2.40514916402117	3.6006551226626	0.667975432826962	8.00412534452121E-5	99.9815715185525
498	2.58914223818945		3.83898821708204		1.00904226303101	2.58889263252525	3.86870657977997	0.66918815866167	4.90829720902681E-5	99.9886988666407
496	2.79467462262209		4.13421952693751		1.00876116752625	2.79442501695788	4.16544672969756	0.670858421267286	4.06134070014322E-5	99.9906488546931
494	2.98814962184901		4.40827277291276		1.00816118717194	2.9879000161848	4.43925909492598	0.673062768424563	1.25295838320657E-4	99.9711537283841
492	3.07212231438456		4.51823649317649		1.00794267654419	3.07187270872035	4.54913404863226	0.67526537487809	1.87082577629055E-4	99.9569319215199
490	3.11447510962548		4.56764498907281		1.00791668891907	3.11422550396127	4.5988164066236	0.677179784667182	1.30621931085022E-4	99.969927711486
488	3.20096666201426		4.68457405354699		1.00887954235077	3.20071705635005	4.72117695418741	0.677948970650464	1.73747694836366E-4	99.96000111648
486	3.4086427842313		4.97539291224822		1.00954282283783	3.40839317856709	5.01787494904391	0.679250322732039	2.55518649369369E-4	99.9411819612922
484	3.62004009783972		5.26638688081203		1.01009511947632	3.61979049217551	5.31455169538891	0.681109282522582	2.39496241978999E-4	99.9448691549773
482	3.72111032448665		5.39500722941918		1.01073944568634	3.72086071882244	5.44794343691643	0.682984462285179	2.76427616892616E-4	99.9363704412003
480	3.70128334702681		5.34775111388535		1.01162850856781	3.7010337413626	5.40492990303287	0.684751478328301	2.89380620160778E-4	99.9333898442023
478	3.79015356151545		5.46072802993782		1.0127238035202	3.78990395585124	5.52519625823821	0.685931101578591	3.10115568431476E-4	99.9286187400539
476	4.04059396578818		5.80688249632809		1.01399922370911	4.04034436012397	5.88315502786251	0.686764897574342	2.66442665882238E-4	99.9386681246286
474	4.51014940824786		6.46202278912044		1.01552999019623	4.50989980258365	6.55735104677566	0.68776244712432	3.08630177298592E-4	99.9289605204453
472	5.03701233338872		7.19753009819321		1.01726651191711	5.03676272772451	7.31677084868405	0.688386015072536	3.66848444917278E-4	99.9155656897758
470	5.50845699703226		7.84782999793849		1.01911818981171	5.50820739136805	7.99282164688463	0.689144289052789	3.95148136208486E-4	99.9090551591151
468	5.70474745034949		8.09510948913791		1.02110064029694	5.70449784468528	8.26086701490018	0.690544689122344	4.36018859190857E-4	99.8996533284353
466	5.56667853000274		7.85951403109493		1.02326714992523	5.56642892433853	8.03731733039937	0.692572993638655	4.85397561439347E-4	99.8882955170431
464	5.34919557188739		7.52385239913539		1.02553856372833	5.34894596622318	7.71092434757492	0.693684145391131	3.76121772756352E-4	99.9134322528029
462	5.17881399297836		7.26954641870623		1.027627825737	5.17856438731415	7.46530140292396	0.693684569156959	4.49846668440921E-4	99.8964726033362
460	5.04708993344611		7.07438837505245		1.02919805049896	5.0468403277819	7.27585217400853	0.693642504971539	4.17850600115273E-4	99.9038326142052
458	4.84972473648083		6.79744771453796		1.03004312515259	4.84947513081662	6.99656555374029	0.693122231696113	3.95322455225547E-4	99.90901505719
456	4.66469968839203		6.54911192451463		1.03006207942963	4.66445008272782	6.74089302035517	0.691963226332593	5.04354440016107E-4	99.8839355054799
454	4.52479599022059		6.37199547014423		1.02918720245361	4.52454638455638	6.55288169559489	0.690466667145533	4.88415959719872E-4	99.8876012839265
452	4.35498561492255		6.1538116209184		1.02735614776611	4.35473600925835	6.3170707683309	0.689360016526925	3.58305490082261E-4	99.9175311362549
450	4.0842664387582		5.79109974492631		1.02460694313049	4.08401683309399	5.92852918301419	0.688875217953738	4.81408522201126E-4	99.8892130054682
448	3.7158860569294		5.28930963462668		1.02102768421173	3.71563645126519	5.39547746072336	0.68865758004057	5.06225983361147E-4	99.8835050677936
446	3.43199147798566		4.90432869134077		1.01675081253052	3.43174187232145	4.9814472458359	0.688904589964315	4.13343523987E-4	99.9048694141976
444	3.28413350738506		4.70616799877321		1.0121191740036	3.28388390172085	4.7581928583384	0.690153593914563	4.86366094921608E-4	99.8880727533313
442	3.22562049492356		4.62673456403201		1.00782012939453	3.22537088925935	4.65792749804795	0.69244763698255	5.44500953708953E-4	99.8747025849297
440	3.19825694522821		4.58543038939237		1.0045450925827	3.198007339564	4.60129907758972	0.695022706769845	6.08419774639849E-4	99.8600042552603
438	3.15938527790306		4.52240469384343		1.00285410881042	3.15913567223885	4.53034798187253	0.697327376369241	6.45235803444557E-4	99.851539277876
436	3.12782283906434		4.46599406174461		1.00277864933014	3.12757323340013	4.47343971962665	0.69914281390186	6.89309335838264E-4	99.8414065524143
434	3.11634603246957		4.43596248227477		1.00421047210693	3.11609642680536	4.44966911749758	0.700298459171229	7.73453272449221E-4	99.8220642960858
432	3.1215486569605		4.42646959901192		1.00665414333344	3.12129905129629	4.45094100488924	0.701267225934387	8.17027183907619E-4	99.8120493873673
430	3.14313566859299		4.4405988714164		1.00962591171265	3.14288606292878	4.47834601649792	0.701796165671568	7.81635020802812E-4	99.8201837487818
428	3.14485234339082		4.43039505065639		1.01240730285645	3.14460273772661	4.48035286827812	0.701864971393456	7.36819843278956E-4	99.8304848008544
426	3.12726673555093		4.40195047069192		1.01423370838165	3.12701712988672	4.45958607371443	0.701189993465515	8.53193559244836E-4	99.8037377695846
424	3.10391726054658		4.37411570517815		1.01462960243225	3.10366765488237	4.43308484296663	0.700114652623112	7.62577345919172E-4	99.8245641460186
422	3.0762698973758		4.34941366670263		1.01337480545044	3.07602029171159	4.40257000361643	0.698687423297037	7.89747224421832E-4	99.8183192210779
420	3.45400444176489		4.90361176019129		1.01114857196808	3.45375483610068	4.95327482399986	0.697266951425019	9.17164160358176E-4	99.7890379859679
418	3.24898391035754		4.64050414405512		1.0079870223999	3.24873430469333	4.67257839952801	0.695276574711191	9.9974726935152E-4	99.7700644418135
416	3.05812292479206		4.39704199903185		1.00422537326813	3.05787331912785	4.41065020791615	0.693293091716872	9.77742135835764E-4	99.7751197885926
414	2.90793040830236		4.2080365798652		1	2.90768080263815	4.20308656070659	0.691796554898772	0.00101393631729465	99.7668048583711
412	2.78919860946038		4.05924567469802		0.995681941509247	2.78894900379617	4.03678896975999	0.690883032204181	0.00100218236739222	99.7695050305904
410	2.67830507963005		3.91798805807496		0.991583049297333	2.67805547396584	3.88010219064513	0.690202304573987	0.00118334491497418	99.7278956407368
408	2.5942869647314		3.8098974457139		0.988153755664825	2.59403735906719	3.75987308965782	0.689926839871945	0.00107928551523128	99.7517938682263
406	2.53553528039584		3.73506716036838		0.985654711723328	2.53528567473163	3.67660753551335	0.689572017204072	0.00120694760248692	99.7224758564801
404	2.50739347142626		3.69996286363365		0.98426741361618	2.50714386576205	3.63688073571001	0.689366533563987	0.00121875062501277	99.7197656893383
402	2.5283441549363		3.73265547824911		0.984128773212433	2.52809454927209	3.66854220035202	0.689127836400383	0.00129339941928776	99.7026268103804
400	2.57274627878231		3.79536692819384		0.985299050807953	2.5724966731181	3.73469418263882	0.68881052833634	0.00133544856651436	99.6929738959257
398	2.6212609026119		3.85933484786011		0.987817049026489	2.62101129694769	3.80742704730038	0.688394357760863	0.00138077010272015	99.6825708096142
396	2.64541501628491		3.88465077793473		0.991658091545105	2.6451654106207	3.84733665021402	0.687531570826679	0.00144826643022779	99.6670797432573
394	2.65650970618199		3.88792920809741		0.996615350246429	2.65626010051778	3.86983666438384	0.686401088956737	0.00149989849008028	99.6552313064123
392	2.66094871983612		3.88052410558794		1.0025714635849	2.66069911417191	3.88553998406316	0.684769459350559	0.00157719008095147	99.6374971966823
390	2.66853188630973		3.87581855140752		1.0093150138855	2.66828228064552	3.90692572637575	0.682962120992442	0.00162795864829868	99.6258503590062
388	2.70024646137832		3.90615995753629		1.01699423789978	2.69999685571411	3.96750802816745	0.680527131021636	0.00160984634557962	99.630005353517
386	2.72534928110223		3.92675098528604		1.02549052238464	2.72509967543802	4.02176972144262	0.677587197722629	0.00169835295616126	99.609703424767
384	2.76561937371476		3.96955579468531		1.03449034690857	2.76536976805055	4.10134640408033	0.67425901047991	0.00171797765023706	99.6052024101967
382	2.79204257917558		3.99523573843036		1.04369103908539	2.79179297351137	4.16462544859431	0.670358717241591	0.00186785991936775	99.5708329246517
380	2.81698181247436		4.01855555034889		1.0526317358017	2.81673220681016	4.22484855712012	0.666706076851709	0.00184840352931	99.5752937972632
378	2.81030498144636		3.99981612171284		1.06117713451386	2.81005537578215	4.23926056347502	0.662864509908463	0.00197351647376412	99.5466119594776
376	2.81190095311967		3.99258192984721		1.06922745704651	2.81165134745546	4.26368552750308	0.659441539325258	0.00201645631040157	99.5367700109285
374	2.81348774510551		3.9876108849452		1.07646524906158	2.8132381394413	4.28719602081679	0.656195360739613	0.00212000737175372	99.5130397773811
372	2.81062661230445		3.97684734739055		1.08239138126373	2.81037700664024	4.2991474353427	0.653705658832845	0.00221013005214241	99.4923914574533
370	2.8240917123483		3.98949005974238		1.08660447597504	2.82384210668409	4.32961904280007	0.652214912852434	0.00226473974173741	99.4798817267118
368	2.84512812583846		4.01493078229697		1.08728444576263	2.84487852017425	4.35998971156772	0.652496613151713	0.00242745071015052	99.442617988007
366	2.86624116286347		4.0406436239911		1.08414971828461	2.86599155719926	4.37529608476214	0.655039453713925	0.00250461296353609	99.4249513235979
364	2.89160373600432		4.07291464436997		1.07767069339752	2.89135413034011	4.38392625836811	0.659535302360764	0.00266126311089658	99.3890951814611
362	2.92756302541141		4.12000087465057		1.06871128082275	2.9273134197472	4.39780127042358	0.665631127862504	0.00273724744509899	99.3717075472041
360	2.96068016395096		4.1636762040659		1.05907070636749	2.96043055828675	4.40438507823875	0.672155251118638	0.00286255772958383	99.3430392100362
358	3.00910805682385		4.22848942402176		1.04836678504944	3.00885845115964	4.427818427406	0.679535193344042	0.00294506598271496	99.3241675862637
356	3.04808555910951		4.2810259716634		1.03684234619141	3.0478359534453	4.43361662308771	0.687437866768619	0.00302531265630112	99.3058166790675
354	3.087513305534		4.33433507789569		1.02479386329651	3.08726369986979	4.43672724004136	0.695842573329122	0.00315138725660318	99.2769926331974
352	3.12310184298945		4.38242007526215		1.01273274421692	3.12285223732524	4.43320726264513	0.704422791967988	0.00325785846625682	99.2526569661329
350	3.14003848842959		4.40528621286609		1.00126516819	3.13978888276538	4.40590335908508	0.712632263322585	0.00334820841788777	99.2320107447212
348	3.17407332716078		4.45290051931646		0.990810453891754	3.17382372149657	4.40707585394946	0.720165440005374	0.003448720418114	99.2090474002358
346	3.17920518749184		4.46095086108117		0.981342911720276	3.17895558182763	4.37286484084028	0.726973208075821	0.00362229737926529	99.1694038752697
344	3.19988272647171		4.49107301672253		0.972720801830292	3.1996331208075	4.36374515929968	0.733230975688094	0.00373085845701555	99.1446174864517
342	3.20664760681578		4.50256944001643		0.964752793312073	3.20639800115157	4.33909089952721	0.738956172017723	0.00381515395602589	99.1253756256267
340	3.20071721133166		4.49796271396062		0.957048177719116	3.20046760566745	4.30002961202912	0.744289666451203	0.00403204933332738	99.0758827842228
338	3.20201646669756		4.50512484772107		0.950148642063141	3.20176686103335	4.27583500240534	0.74880505427179	0.00419309190013887	99.0391508494364
336	3.18478027291878		4.48832321204601		0.944044172763824	3.18453066725457	4.23250233707089	0.752399033395082	0.00431329801279685	99.0117421109061
334	3.15394611776855		4.45621688893212		0.938558220863342	3.15369651210434	4.17777311388256	0.754875007842034	0.0044350623533175	98.9839858071969
332	3.10107863751105		4.39724883496852		0.933434963226318	3.10082903184684	4.09992528361453	0.756313546551541	0.00462020933619174	98.9417962764087
330	3.03578758552584		4.3252703440452		0.928119659423828	3.03553797986163	4.00977422853558	0.757034637576153	0.00472330579162491	98.9183114331391
328	2.95202294963008		4.2320505079919		0.923022568225861	2.95177334396587	3.9017091493517	0.75653341419781	0.00501318396456633	98.8523085408161
326	2.85745562823061		4.12547902404274		0.918195605278015	2.8572060225664	3.7834516237052	0.755185028576706	0.00520552320121919	98.8085387746187
324	2.77007428092352		4.02996580420955		0.913534343242645	2.76982467525931	3.67699015173779	0.753285856354621	0.00544845170450341	98.7532843346678
322	2.68792899316582		3.94154872692613		0.908978700637817	2.68767938750161	3.57828437831903	0.751108381375825	0.00568818564567668	98.6987867944329
320	2.60128557310187		3.84318426198714		0.904343068599701	2.60103596743766	3.47108053316401	0.74934474800754	0.00591672454150904	98.6468621700706
318	2.52866570034517		3.76393226035069		0.899914681911469	2.52841609468096	3.38276330789323	0.747441031059203	0.00628514334045074	98.5632139796553
316	2.47425096667588		3.70964605451292		0.895963847637177	2.47400136101167	3.31927371416224	0.745344184920914	0.00662011482700476	98.4872214483666
314	2.42442452644529		3.66045087648684		0.892610192298889	2.42417492078108	3.26293732320851	0.742942533262436	0.00689350666249827	98.4252424681962
312	2.37312190213857		3.60981368186496		0.88999992609024	2.37287229647436	3.20832839337404	0.739597698719027	0.0072642872549251	98.341247397696
310	2.30890747368422		3.54032565724028		0.888025283813477	2.30865786802001	3.13950295439472	0.735357762536365	0.00767418242537801	98.2484748952759
308	2.24643572100415		3.47424155105902		0.887133359909058	2.24618611533994	3.07772425319885	0.72982045516435	0.00800676626075494	98.1732647613047
306	2.17981825300863		3.40244891218574		0.887335538864136	2.17956864734442	3.01472151103453	0.722975120377364	0.00837065784180999	98.0910406861534
304	2.11596930306844		3.3355032337423		0.888603985309601	2.11571969740423	2.95954285976477	0.714880573674948	0.00877560366099684	97.9996210490097
302	2.03405502116919		3.242129637924		0.891015827655792	2.03380541550498	2.8843782772847	0.705110502156315	0.00922935571158585	97.8972842497856
300	1.95053633253807		3.14450126917347		0.894482612609863	1.95028672687386	2.80827400453586	0.694478787940139	0.00966540291424288	97.7990412008059
298	1.86334852771068		3.04086539312274		0.900495111942291	1.86309892204647	2.73382695452515	0.681498482909675	0.0101276857145102	97.6949948386616
296	1.763053825963		2.91445648249503		0.909423410892487	1.76280422029879	2.64597329190114	0.666221471582657	0.0105779608019591	97.5937574803536
294	1.66508303778025		2.79244275007242		0.92107892036438	1.66483343211604	2.56750079511365	0.648425673434835	0.0112819169337521	97.4356940534067
292	1.55800730578623		2.65174571694321		0.934718489646912	1.55775770012202	2.47400887703716	0.629649195918637	0.0118553578049939	97.3071252131647
290	1.45213831206864		2.51181555392812		0.948803901672363	1.45188870640443	2.37852380035729	0.610415883240828	0.0124772783088178	97.1678787147692
288	1.33584195022865		2.35178308386446		0.962523102760315	1.33559234456444	2.25888104310117	0.591262806265721	0.0131197222977269	97.0242462880981
286	1.21839638185028		2.18866993754357		0.97529125213623	1.21814677618607	2.12976293351649	0.571963553790826	0.0139114900693785	96.8475212993075
284	1.11080313276848		2.03788769937653		0.986907541751862	1.11055352710427	2.0063215285186	0.553527194578959	0.0146015510190169	96.6937601327193
282	1.00793583581624		1.89058246314873		0.996903836727142	1.00768623015203	1.87979421807093	0.536061990437512	0.0152220058243946	96.5557172246633
280	0.909017115203196		1.74657571323587		1.00535523891449	0.908767509538987	1.75095251576866	0.519013223576793	0.016012529264782	96.380121784851
278	0.822353956369797		1.61965569878941		1.00982344150543	0.822104350705588	1.63056764642314	0.504182915997985	0.0166612614263167	96.2362603913401
276	0.744385931473823		1.50312980508998		1.01022160053253	0.744136325809613	1.51349358122907	0.491667976024924	0.01738611015558	96.0757735478823
274	0.678776524692528		1.40741391802127		1.00653350353241	0.678526919028319	1.41162690169996	0.480670153148258	0.0181429075065737	95.9084986251046
272	0.626036700989692		1.32936771014221		0.99854451417923	0.625787095325482	1.3224900198136	0.473188520102168	0.0189326027829967	95.7342627689733
270	0.586646863500601		1.27256507365043		0.988452672958374	0.586397257836392	1.25297748889472	0.46800302721613	0.0195103493136379	95.6069911434753
268	0.553640017013838		1.2271284191689		0.972882628440857	0.553390411349628	1.18903613422565	0.465410928583779	0.0202500508854765	95.4442894464945
266	0.522196438037918		1.18164415268805		0.953488886356354	0.521946832373708	1.12196477896104	0.465207858714638	0.0209110075202126	95.2991424117771
264	0.496261979218207		1.14591279449342		0.931065678596497	0.496012373553997	1.06231128067045	0.466918108260088	0.0215355751047002	95.1621893092784
262	0.467712467613535		1.10265954149243		0.906938552856445	0.467462861949326	0.995555085642171	0.469549971358736	0.0220739142921345	95.0443020241014
260	0.437193732994271		1.05397464788813		0.883175373077393	0.436944127330061	0.92647271784557	0.471621148592628	0.0227652136265295	94.8931331740741
258	0.404631695465691		0.997768535441825		0.859192788600922	0.404382089801482	0.853022509580004	0.474057935470641	0.0232906011214085	94.7784056716038
256	0.372619866980323		0.941227489525173		0.834685504436493	0.372370261316113	0.781497232645438	0.476483147682567	0.0238285981106938	94.661068406316
254	0.339431369188133		0.879261480251293		0.80953711271286	0.339181763523923	0.707787575824732	0.479214068046759	0.024454936904548	94.5246467649482
252	0.307031576837127		0.816238650302924		0.784095585346222	0.306781971172918	0.636127834121835	0.482264656122814	0.0251826855880402	94.3663841428933
250	0.276708099785442		0.755583541902712		0.758817315101624	0.276458494121233	0.569593714353952	0.485360858370425	0.0260491719308593	94.1782959413181
248	0.247987665329891		0.695875638088559		0.735633492469788	0.247738059665681	0.508268026090287	0.487416179946118	0.0269249976111302	93.9885614214607
246	0.219587775306653		0.634662958279442		0.715051770210266	0.219338169642443	0.450277351842659	0.48711792575143	0.0280115997005614	93.7536965637642
244	0.191814247890775		0.572002086642615		0.697206974029541	0.191564642226565	0.395352656087717	0.484541179316277	0.0295484688879684	93.4225099424947
242	0.16608630152141		0.511454464203887		0.681808710098267	0.165836695857201	0.345339142335358	0.480214014362025	0.0314256542528373	93.0195738923528
240	0.141421236617526		0.450226235688778		0.667849898338318	0.141171630953316	0.297377675942143	0.474721683482329	0.0339113412267146	92.4886965133806
238	0.118114898400412		0.389664131133409		0.657016694545746	0.117865292736202	0.252763594194783	0.466306443820281	0.0376329383850315	91.6995198412343
236	0.0986552596918526		0.336352023497312		0.649702370166779	0.0984056540276431	0.215312667696875	0.457036063322489	0.0423037448459581	90.7185823975419
234	0.0794117188141562		0.280965620825559		0.645702123641968	0.0791621131499466	0.178223860154664	0.444172363236041	0.0495466913425188	89.2181695273252
232	0.0627856828088132		0.231314613943876		0.644411623477936	0.0625360771446036	0.145871976023498	0.428705217063283	0.0594288855063495	87.210969509281
230	0.0475132522591821		0.184093511799494		0.644490897655487	0.0472636465949725	0.115456350381262	0.409363767682746	0.0734395710748861	84.4423729168288
228	0.0353191214103854		0.145411364546528		0.646355271339417	0.0350695157461759	0.0907879310109067	0.386279490629243	0.091818616867178	80.9433888735541
226	0.0259445591843556		0.114964149397193		0.649210751056671	0.025694953520146	0.0714223561190363	0.359760653615535	0.115197811791717	76.7012052301438
224	0.0188586140832751		0.0912632137466583		0.652522802352905	0.0186090084190655	0.0563213276126241	0.330407843846608	0.143867176789544	71.801385271382
222	0.0140067925370339		0.0743753655322785		0.655378818511963	0.0137571868728244	0.0454999014811578	0.302356410123689	0.175022768072969	66.8308880272843
220	0.0104876185474948		0.0618233975801143		0.656985223293304	0.0102380128832853	0.0373649692216958	0.274000302864978	0.212263224987117	61.3390117994475
218	0.00789888955774729		0.0522369617282221		0.657121121883392	0.00764928389353775	0.0310732487517782	0.246169428714788	0.253653533525517	55.7630431546327
216	0.00612743766243613		0.0453881280992776		0.655903518199921	0.0058778319982266	0.0265234979235348	0.221608477704258	0.296117577736257	50.5687737240852
214	0.0048725579067082		0.0403050421057947		0.654084265232086	0.00462295224249866	0.0231251642066721	0.199910028797324	0.338541486437632	45.8625832990041
212	0.00397926157314995		0.0363526442028865		0.652615189552307	0.00372965590894041	0.0204938300957098	0.181989208045654	0.377956627018182	41.8835392112062
210	0.00331182292568568		0.0332043593033571		0.652986526489258	0.00306221726147614	0.0184497034293636	0.16597650326468	0.415079373595432	38.4521498759742
208	0.00272232784137126		0.0302665740234241		0.655270755290985	0.00247272217716173	0.0165891980276316	0.149056161307078	0.455051261109661	35.0710476076352
206	0.00222488321368976		0.0275820423931445		0.661797821521759	0.00197527754948023	0.014977823673244	0.131880144443736	0.497772795011949	31.7853651515856
204	0.00176908435114642		0.0250266614867599		0.668592393398285	0.00151947868693689	0.0134230903455782	0.113198872079217	0.551053579185686	28.1155394580816
202	0.0013329868740224		0.0224279496727267		0.687935590744019	0.00108338120981287	0.012023690453211	0.0901038839970759	0.626551011746884	23.6291983691692
200	9.22360702643774E-4		0.0196741318393395		0.715800225734711	6.7275503843424E-4	0.0105395231806087	0.0638316389561172	0.743108804950294	18.0672142658658
