Wavelength	I1	I1 dark	R1	R1dark	XCorrect	I1c	R1c	I1c/R1c	Abs	Percent T
nm	uA	uA	uA	uA		uA	uA	uA/uA	OD	T*100
	Abs Detector Raw	Dark Offset for Abs Detector	Ref Detector Raw	Dark Offset for Ref Detector	Linear interp	Dark subtracted Abs Detector	Corrected Ref Detector	Corrected Intensity 	-Log(T)	% Transmittance
800	0.144892312233844	2.4834965606636E-4	0.213435804467892	0.00494513895919833	1.35067892074585	0.144643962577778	0.281603947074867	0.513643235758066	7.40090279111559E-4	99.8297330345323
798	0.153528613239985		0.226288694812653		1.34199333190918	0.153280263583918	0.297041576016403	0.516022927293699	6.32855426431698E-4	99.8543857734529
796	0.166430699064895		0.245030574391695		1.33337259292603	0.166182349408829	0.320123339566402	0.519119754385664	6.29726943135407E-4	99.8551050869974
794	0.166679825307491		0.24501701314297		1.32502686977386	0.166431475651425	0.318101683970468	0.523202120699481	8.43877983801298E-4	99.8058785732533
792	0.157219781819596		0.231261734038387		1.31713449954987	0.156971432163529	0.298089395199457	0.526591803302821	7.59928442116253E-4	99.8251730104758
790	0.151309362188366		0.223149545731568		1.30966234207153	0.1510610125323	0.285774094423832	0.52860289116431	6.79572807066552E-4	99.8436449405703
788	0.153698413997668		0.226852133416664		1.30193436145782	0.153450064341601	0.288908341132005	0.53113753566391	8.0478220980086E-4	99.81486363724
786	0.157801211108044		0.232859381889669		1.29363858699799	0.157552861451978	0.29483865918129	0.534369752899675	7.80821814086063E-4	99.8203706600212
784	0.1623487252424		0.23955280151014		1.28498160839081	0.162100375586333	0.301466531565518	0.537706042340903	6.78502619461547E-4	99.8438909753862
782	0.170684382519578		0.251683716531248		1.27644824981689	0.170436032863512	0.314949025504153	0.541154342645408	5.86536593617075E-4	99.8650361165831
780	0.182632217821873		0.269255453368994		1.268270611763	0.182383868165807	0.335217004151782	0.544077018489271	6.87769854970971E-4	99.8417604694314
778	0.198478688591379		0.292288095450727		1.26044166088104	0.198230338935312	0.362179033322651	0.547326931425974	5.23502238155943E-4	99.8795317763215
776	0.218592016300316		0.321413217404661		1.25292003154755	0.21834366664425	0.39650919482968	0.55066482566196	4.57296285879604E-4	99.8947590560711
774	0.259914893446905		0.381798916626262		1.24577045440674	0.259666543790839	0.469473301849194	0.553101832986127	3.73481157301323E-4	99.9140397524753
772	0.349695796332177		0.513230556726087		1.23883104324341	0.34944744667611	0.629679754357567	0.554960587914464	2.76231631161203E-4	99.9364155398784
770	0.43560886056408		0.637244096879968		1.23221707344055	0.435360510908014	0.779129571468641	0.558778060608545	4.89706410824411E-4	99.8873044809984
768	0.43336804636405		0.630885790020609		1.22665858268738	0.433119696707984	0.767815471877404	0.564093473720908	5.5655621719774E-4	99.8719302744464
766	0.371129460186962		0.539376328411165		1.22236526012421	0.370881110530895	0.653270119912942	0.567730100039354	4.85826903008205E-4	99.8881967679729
764	0.327861975313463		0.478534176249493		1.2186872959137	0.327613625657397	0.57715694322968	0.567633517192261	5.18052966853182E-4	99.8807850137065
762	0.32895506307765		0.480519335543318		1.214359998703	0.328706713421584	0.577518280747074	0.569171097054055	2.98775232419989E-4	99.9312281190731
760	0.346096550130738		0.505518300897529		1.20898902416229	0.345848200474672	0.605187458573656	0.57147284791689	3.11511261313701E-4	99.9282975998055
758	0.369809480333838		0.539709212626143		1.2031888961792	0.369561130677771	0.643422195511623	0.574368017229979	2.74069252246898E-4	99.9369131306716
756	0.396074993839726		0.577295998364626		1.19780671596527	0.395826644183659	0.685565703284315	0.577372296028501	2.12890315650442E-4	99.9509922060184
754	0.420095315399019		0.611565209043122		1.1931779384613	0.419846965742952	0.723805684651988	0.58005480565522	2.64615202579001E-4	99.9390886564116
752	0.446965173079738		0.64979981277218		1.18890511989594	0.446716823423672	0.766671023285077	0.58267080645562	3.49231243056143E-5	99.9919589767649
750	0.487694581181152		0.708362245399505		1.1848680973053	0.487446231525085	0.833456488519924	0.584849045198156	1.89011830143965E-4	99.9564878870179
748	0.540795754369849		0.78427705222507		1.18107759952545	0.540547404713782	0.920451465353633	0.587263343109684	1.02216471524144E-4	99.9764665571902
746	0.594739191349125		0.860715348428427		1.17750906944275	0.594490841693059	1.00767718300894	0.589961598532877	1.00812271114878E-4	99.9767898107153
744	0.640684294620128		0.925113044093958		1.174187541008	0.640435944964061	1.08044968984466	0.592749436631462	1.2793550398536E-4	99.9705461000789
742	0.711820787255802		1.02571018114316		1.17108881473541	0.711572437599736	1.19540652337456	0.595255608603346	1.77815738409521E-4	99.9590647938865
740	0.814896812234556		1.17147608174479		1.16803753376007	0.814648462578489	1.3625519254661	0.597884342866285	8.52164373852047E-5	99.9803801151111
738	0.922539333471918		1.32144872824026		1.16498303413391	0.922290983815852	1.53370434588883	0.601348614736664	3.88170996382677E-5	99.9910624319264
736	0.980781557360287		1.40036492818127		1.16204738616943	0.980533207704221	1.62154391867461	0.604691119624851	2.40350187724531E-4	99.9446726352989
734	0.999950665865234		1.42499729502621		1.15931880474091	0.999702316209168	1.64629316824135	0.607244405488907	2.51840134040282E-4	99.942028476139
732	1.00213705043902		1.42773633157532		1.15665113925934	1.00188870078295	1.64567305386759	0.608801789898884	7.59644872622263E-5	99.9825100600717
730	1.00163911190341		1.42881776315059		1.15388596057892	1.00139076224734	1.64298663070711	0.60949416357476	4.03971573731005E-5	99.9906986433663
728	1.0088014882786		1.44282621493788		1.15089321136475	1.00855313862253	1.6548475690937	0.609453799527217	-5.1823522890547E-5	100.011933519115
726	1.02605378007978		1.47155014365611		1.1476241350174	1.02580543042371	1.68311129992747	0.609469754298432	-9.77135413360779E-5	100.022501905665
724	1.0390866581405		1.4938113892947		1.14410185813904	1.03883830848443	1.70341464352935	0.609856391942267	-3.93908881287235E-5	100.009070498525
722	1.03324756667213		1.48736288468179		1.14027833938599	1.03299921701606	1.69036884536888	0.611108764720896	-7.15505029586534E-5	100.016476469372
720	0.988812714249583		1.42456522868272		1.13600122928619	0.988564364593517	1.6126901670453	0.61299087995602	2.28839292691762E-4	99.9473216854944
718	0.902428301447785		1.29968549590535		1.13137769699097	0.902179951791719	1.46484036324299	0.615889604375996	1.83336862750727E-4	99.9577940365071
716	0.77276183620663		1.11255083326199		1.12621939182281	0.772513486550563	1.24740701141717	0.619295450065585	1.76702377604686E-4	99.9593210500724
714	0.635924004111805		0.917038422544191		1.12039887905121	0.635675654455739	1.02190829251876	0.622047652523641	2.19382516572395E-4	99.9494980652898
712	0.522662168321701		0.756867420986937		1.11375534534454	0.522413818665635	0.837457460892062	0.623809379056888	3.61890395019918E-5	99.9916675128823
710	0.437707525411652		0.638113763929715		1.10628998279572	0.437459175755585	0.70046810722542	0.624524045053782	-8.58588220222275E-5	100.019771678708
708	0.374538893156737		0.551246708002405		1.09837675094604	0.37429054350067	0.600044942442404	0.623770849525321	1.5321593799084E-4	99.9647269489212
706	0.328124397492591		0.488259836916197		1.09038031101227	0.327876047836524	0.526996830675153	0.622159430098415	3.06508455526376E-5	99.9929426310383
704	0.295876019630726		0.445565093739629		1.0826700925827	0.29562766997466	0.477046047235915	0.619704684039572	3.79090822152886E-5	99.9912714921966
702	0.281798251742642		0.4289238340405		1.07555782794952	0.281549902086576	0.456013604378518	0.617415575726712	-1.01400727898139E-4	100.023351106394
700	0.279810710551853		0.429412394524387		1.0694442987442	0.279562360895787	0.453944086467789	0.615851972147288	-2.36136366981857E-5	100.005437388606
698	0.293998775070356		0.452694056418663		1.0649927854538	0.29375042541429	0.476849366789077	0.616023519947806	-9.23715928916866E-5	100.021271607366
696	0.319677374516089		0.492218802964831		1.06259047985077	0.319429024860023	0.517772356454388	0.616929468864301	-1.18947083632276E-4	100.027392329176
694	0.346961132951991		0.533246474614858		1.06203079223633	0.346712783295924	0.56107228604589	0.617946727932961	-2.25758325639228E-4	100.05199628891
692	0.367717196711827		0.564198456607879		1.06277585029602	0.367468847055761	0.594360920194947	0.618258762597031	9.27130090357698E-6	99.9978652268613
690	0.382980842585895		0.586852078953883		1.06392598152161	0.382732492929829	0.619105912288079	0.618201967277834	-1.57879372480456E-4	100.036359677485
688	0.391766197165048		0.600131113324651		1.06461536884308	0.391517847508982	0.633644135629303	0.617882854893222	-2.19627350323737E-4	100.050583855606
686	0.393104753067903		0.602222667576547		1.0645604133606	0.392856403411836	0.63583801275588	0.617856113554928	-2.0263259979677E-4	100.046668766847
684	0.387916592383067		0.5944433875173		1.06376242637634	0.387668242727001	0.62708608723077	0.618205778474459	-2.72656470421162E-4	100.062801184121
682	0.385995568831173		0.59225053321698		1.06245732307434	0.385747219175107	0.623986917010243	0.618197607448835	-8.16809613017796E-5	100.018809505153
680	0.391739689596795		0.601583733252928		1.06094348430634	0.391491339940728	0.632999829101624	0.618469898319478	-4.58428437596032E-5	100.010556262
678	0.400538850328237		0.615394214459951		1.05921316146851	0.40029050067217	0.646595695176679	0.619073872062809	-1.55275064989312E-4	100.035759797287
676	0.406550047203631		0.625107565861568		1.05730748176575	0.406301697547565	0.655702373873879	0.619643475052776	-1.16625333783975E-4	100.026857581506
674	0.415636884935877		0.63931537372716		1.05524814128876	0.41538853527981	0.669418011127804	0.620521898686268	-1.91675811270144E-4	100.04414472749
672	0.421865746910499		0.649253079681103		1.05312037467957	0.421617397254433	0.678533819942072	0.621365339299414	-2.8704933239961E-4	100.066117399297
670	0.425768368354866		0.655782463505111		1.0509113073349	0.4255200186988	0.683972303600893	0.622130481685551	-1.62813908442276E-4	100.037496315963
668	0.430394877430618		0.663281602879443		1.0485315322876	0.430146527774551	0.690286541275093	0.623141988224176	-1.99356916739667E-4	100.045914163794
666	0.433069277749521		0.667841946794326		1.04595601558685	0.432820928093455	0.693360903868474	0.624236131109518	-2.9313170635771E-4	100.067518853457
664	0.437922979512353		0.675892608993602		1.04322910308838	0.437674629856287	0.699951927383408	0.625292413283898	-3.03417986492001E-4	100.069888984242
662	0.444153494013824		0.685883418585029		1.04042720794678	0.443905144357758	0.708466713055185	0.626571631634556	-2.46772607403342E-4	100.056837639185
660	0.452688970664289		0.699428149671044		1.03775990009308	0.452440621008222	0.720706619812665	0.627773644046487	-1.80172894850544E-4	100.041494948958
658	0.464079166846803		0.717418441957556		1.03528940677643	0.463830817190737	0.737616063205212	0.628824181478941	-1.78027733733657E-4	100.041000803616
656	0.479748339452649		0.742004473963807		1.03309750556946	0.479499989796583	0.761454160449945	0.629716159818793	-1.28891114007526E-4	100.029682680209
654	0.499539188677768		0.772780831873058		1.03115320205688	0.499290839021702	0.791756233401693	0.630611819595728	-2.69526430322522E-4	100.062080015733
652	0.511710160308823		0.791706297190502		1.02945709228516	0.511461810652756	0.809936854275699	0.631483563135475	-2.08023136252338E-4	100.047910570703
650	0.517123711617758		0.800285977026824		1.02793705463409	0.516875361961691	0.817560318513448	0.632216792152431	-1.86693516309987E-4	100.042997011828
648	0.517611321479091		0.801382169954573		1.02666783332825	0.517362971823024	0.817676280994403	0.632723467524143	-2.21099960583103E-4	100.050923108745
646	0.521348815360641		0.807487988106445		1.02560043334961	0.521100465704574	0.823088293867046	0.633103969024188	-2.72149204803865E-4	100.062684308612
644	0.528566938195568		0.819305354087057		1.02465677261353	0.528318588539502	0.834439709777768	0.633141714552638	-2.55047072269881E-4	100.058744006199
642	0.540342455421465		0.837828370370465		1.02378344535828	0.540094105765398	0.852692064235361	0.633398771278257	-2.34468355226364E-4	100.054002910276
640	0.554417479779286		0.860105523296586		1.02288675308228	0.55416913012322	0.874732228899461	0.633530024177163	-1.57665667884317E-4	100.036310452304
638	0.570048020183138		0.884544913762896		1.02184903621674	0.569799670527072	0.898818182139617	0.633943195464378	-2.07655807210941E-4	100.047825949578
636	0.58482713999713		0.907752849766353		1.02063095569611	0.584578790341064	0.92143349669092	0.634423203020534	-2.03122801295486E-4	100.046781692653
634	0.599650000655675		0.93096125726639		1.01923584938049	0.599401650999608	0.943828824882858	0.635074533853109	-2.25771959891046E-4	100.051999429945
632	0.613041094046991		0.951957627116575		1.0177036523819	0.612792744390924	0.96377806804903	0.635823499938525	-1.80059686694515E-4	100.041468871003
630	0.626486466002543		0.973228230974453		1.01619136333466	0.626238116346477	0.983960915368878	0.636446129683623	-1.92422645675473E-4	100.044316768528
628	0.643823721792642		1.00041102047765		1.01451146602631	0.643575372136575	1.00991155083846	0.637259145716535	-2.4419389269835E-4	100.056243532459
626	0.659700348316116		1.02525364275387		1.01275491714478	0.65945199866005	1.03332245422269	0.638186072474463	-1.90130547759426E-4	100.043788760979
624	0.673377064875236		1.04657020303247		1.01092803478241	0.67312871521917	1.05300797900369	0.63924369866224	-3.0088631466801E-4	100.069305639552
622	0.685443149116573		1.06562954438697		1.0092089176178	0.685194799460507	1.07045216073584	0.640098478562082	-2.22551571221324E-4	100.051257525214
620	0.693796042149603		1.07868689296761		1.00772297382355	0.693547692493536	1.08203423346787	0.640966497215848	-2.52288411889179E-4	100.058108430046
618	0.701975767763891		1.09184416677978		1.0068142414093	0.701727418107825	1.09430542018369	0.641253716891974	-1.83655809757456E-4	100.042297255747
616	0.70903148367808		1.1030296403679		1.00664889812469	0.708783134022014	1.10538555339088	0.641208971700194	-1.91882320820885E-4	100.044192299074
614	0.717788682739768		1.1165954819885		1.00700271129608	0.717540333083702	1.11943490944373	0.640984417254117	-3.18785451872801E-4	100.073430009576
612	0.727213633873983		1.13186367803345		1.00780045986176	0.726965284217917	1.13570902190577	0.640098185535269	-1.532086828191E-4	100.035283826196
610	0.737841800030245		1.1485481597783		1.00835275650024	0.737593450374179	1.15315525838495	0.639630652517003	-2.05109849901055E-4	100.047239442593
608	0.74988975530437		1.16744598990299		1.0085117816925	0.749641405648303	1.17239580440437	0.639409833122998	-1.33052603494651E-4	100.030641187592
606	0.762460881047595		1.18729150068795		1.00798010826111	0.762212531391529	1.19178161369747	0.639557216381938	-9.36398155241342E-5	100.021563688963
604	0.780841326835967		1.21557199068725		1.00688087940216	0.7805929771799	1.21895702909581	0.640377764390042	-1.99315279935426E-4	100.045904572164
602	0.79509359728683		1.23785560571051		1.00539457798004	0.794845247630764	1.23956149840661	0.641230990678956	-9.83130640721431E-5	100.022639982035
600	0.813511378280131		1.26617678327069		1.00393652915955	0.813263028624064	1.26619651945626	0.642288156796783	-1.9119955802743E-4	100.044035017779
598	0.834393702415439		1.29842582031223		1.00287997722626	0.834145352759373	1.29720587625794	0.643032357489499	-1.3515570763761E-4	100.031125594772
596	0.85427505914752		1.3291099876701		1.00218975543976	0.854026709491454	1.3270644458915	0.643545769111261	-1.6821886940117E-4	100.038741328619
594	0.876087655190733		1.36283702153191		1.00178515911102	0.875839305534666	1.36031593563867	0.643849919411153	-1.06782595217262E-4	100.024590624192
592	0.894909336328904		1.39169264122862		1.00154709815979	0.894660986672838	1.38889293677828	0.644154033030165	-1.92432591149562E-4	100.044319059573
590	0.913144712232602		1.41974349408284		1.00122630596161	0.912896362576535	1.41653333078101	0.644458088446961	-1.44193067221926E-4	100.033207193078
588	0.929262764841537		1.44442127566148		1.00070452690125	0.92901441518547	1.44049028636429	0.644929316066577	-1.83396484928794E-4	100.042237518759
586	0.943035598038456		1.46566087671187		0.999973237514496	0.94278724838239	1.46067664536891	0.64544555523052	-1.40120063632606E-4	100.032269042311
584	0.958129502091914		1.48849740005812		0.999053955078125	0.957881152435847	1.48214875401597	0.646278688181879	-2.47832764157918E-4	100.057081888343
582	0.970393053373477		1.5072024185991		0.998229086399078	0.970144703717411	1.4995969117913	0.646936984258357	-2.2330855178864E-4	100.051431915925
580	0.987581253683215		1.53360823514398		0.997582137584686	0.987332904027148	1.52496699913884	0.647445423136832	-9.13215261197074E-5	100.021029769417
578	1.00195121364777		1.55546905506395		0.997147619724274	1.0017028639917	1.54610123226941	0.647889570931506	-2.41494430299345E-4	100.055621610609
576	1.02055496723554		1.58371327187004		0.996688485145569	1.02030661757947	1.573540018787	0.64841478792894	-2.34322433885433E-4	100.053969292507
574	1.03919235729779		1.61235232815208		0.996220171451569	1.03894400764172	1.60133146561022	0.648800095391749	-1.56347183741012E-4	100.036006750336
572	1.05863559452478		1.64189375259459		0.9957315325737	1.05838724486872	1.62996135179956	0.64933272417791	-2.25099680483919E-4	100.051844551516
570	1.07935278041612		1.67324287356307		0.995352268218994	1.07910443076006	1.66054393420258	0.649849972971815	-2.30354953119881E-4	100.053055257441
568	1.10002805804347		1.70471677175274		0.995181918144226	1.0997797083874	1.69158199393062	0.650148625566719	-2.00771550877435E-4	100.046240045429
566	1.12215390329197		1.73810305854561		0.995282471179962	1.12190555363591	1.72498169715108	0.650386931924441	-2.17016740589038E-4	100.049982438241
564	1.14597633361671		1.77445676781196		0.995623111724854	1.14572798396064	1.76176667415171	0.650329013921387	-2.02362547742544E-4	100.046606556063
562	1.17553465869391		1.81891462438481		0.996170461177826	1.17528630903784	1.80702281885893	0.650399262683352	-2.72390862590394E-4	100.062739987269
560	1.20531280951486		1.86428949145203		0.99668163061142	1.2050644598588	1.85317436111069	0.650270414456061	-1.2723200360345E-4	100.029300543256
558	1.23250460017769		1.90499531404329		0.997178435325623	1.23225625052163	1.89468906063053	0.650373866681612	-1.76116239330909E-4	100.040560486273
556	1.26543634748263		1.95473960247977		0.997675478458405	1.26518799782656	1.94526212428844	0.650394608536039	-1.95221853555764E-4	100.04496159768
554	1.29169568270485		1.99369042782462		0.99818366765976	1.29144733304878	1.98513306648076	0.650559579534011	-2.02904665929589E-4	100.046731441644
552	1.32435461659535		2.04268982490666		0.998678505420685	1.32410626693928	2.03505181739096	0.650649902682505	-1.5863798228675E-4	100.036534417513
550	1.35368520119494		2.08643642507366		0.999059557914734	1.35343685153888	2.07953376410888	0.650836680268498	-1.20781671751825E-4	100.027814875308
548	1.38815874079108		2.13738714966255		0.999196529388428	1.38791039113502	2.13072865621687	0.651378291217647	-1.92956578091137E-4	100.04443976557
546	1.41521465804137		2.17728807723749		0.99907249212265	1.4149663083853	2.17032807309073	0.651959639618112	-1.14200748609947E-4	100.026299151757
544	1.438725966236		2.21159606049884		0.998806416988373	1.43847761657993	2.2040171004871	0.652661731282404	-9.03390520050606E-5	100.020803499074
542	1.4604529177483		2.24255067463296		0.998482644557953	1.46020456809224	2.23421029273705	0.653566306107824	-2.0842035649518E-4	100.048002077906
540	1.48044379596432		2.27097237862095		0.99831360578537	1.48019544630825	2.2622058244346	0.654315107104901	-8.13343083921215E-5	100.018729670389
538	1.50310516214574		2.30329305720275		0.998360693454742	1.50285681248968	2.29458022145789	0.65495936835663	-8.67929306880457E-5	100.019986807934
536	1.52483834534748		2.33440824262529		0.998661279678345	1.52458999569141	2.32634460407067	0.655358622718088	-5.54401223042645E-5	100.012766374749
534	1.54666403800929		2.36455235871578		0.999168038368225	1.54641568835322	2.35764411708368	0.655915656289161	-1.67478860080465E-4	100.038570869309
532	1.56417936997055		2.38836050071049		0.999805629253387	1.56393102031448	2.38295209552794	0.656299815363262	-1.00424377570164E-4	100.02312624118
530	1.58692610907644		2.42034073739911		1.0004802942276	1.58667775942037	2.41655569900321	0.656586463152845	-7.09761327286012E-5	100.016344194036
528	1.60704154936471		2.44757525877466		1.00102841854095	1.60679319970865	2.44514216591937	0.65713692320401	-1.39824415704105E-4	100.032200944915
526	1.63060087544245		2.4801939231951		1.0014044046402	1.63035252578638	2.47872503511413	0.657738354472752	-7.07983159580366E-5	100.016303243528
524	1.65531101938668		2.51415705782502		1.00163662433624	1.65506266973061	2.51331855615703	0.658516870325136	-6.61725527069448E-5	100.015237954201
522	1.6812679101521		2.55002164508405		1.00181710720062	1.68101956049604	2.54970118297027	0.65930061597953	-7.25837800904803E-5	100.016714429708
520	1.7124025306942		2.59307446473624		1.0020604133606	1.71215418103813	2.59346194201882	0.660180954768645	-2.89244572836651E-5	100.006660324206
518	1.74566116551003		2.63904337324397		1.00242054462433	1.74541281585397	2.64047418660572	0.661022487819759	-9.32918578015223E-5	100.021483551492
516	1.78585158282991		2.69572006979484		1.00289297103882	1.78560323317384	2.69855926478253	0.661687611043718	-7.84726063438003E-5	100.018070617897
514	1.83788820066397		2.76943863639481		1.00349617004395	1.83763985100791	2.77415863678802	0.662413398656813	1.82919461572641E-6	99.9995788132616
512	1.88945954597792		2.84195272301912		1.00418245792389	1.88921119632186	2.84887324891	0.663143296053863	-6.54517539020987E-5	100.01507195899
510	1.94556405930355		2.92112291313246		1.00497353076935	1.94531570964748	2.930681474062	0.663775892011636	-4.98756594023452E-5	100.011484954455
508	2.01855880846256		3.02505179455311		1.00580215454102	2.01831045880649	3.03762978114002	0.664435959687299	3.48260765762725E-5	99.9919813210361
506	2.10338239363387		3.14559623987222		1.00663805007935	2.10313404397781	3.16149890020264	0.665233204364868	4.90732409523065E-5	99.9887011070648
504	2.18914530375261		3.26636660071777		1.00742840766907	2.18889695409654	3.28564862995716	0.666199341627433	-3.22556506589233E-5	100.007427413856
502	2.29159714660495		3.41237344827889		1.00814700126648	2.29134879694888	3.43518863207116	0.667022700167522	8.2049417913913E-5	99.9811092078771
500	2.40267628434469		3.5702806253823		1.00866842269897	2.40242793468863	3.59624132148307	0.668038576926722	3.89890879579992E-5	99.9910228336995
498	2.58525630070498		3.83341914972148		1.00904226303101	2.58500795104892	3.86309207977496	0.66915514765558	7.05072176063526E-5	99.9837664309655
496	2.79782290141811		4.13899575982858		1.00876116752625	2.79757455176204	4.17026973092079	0.670837795219625	5.39663233670781E-5	99.98757456685
494	2.98684119900267		4.40599498971873		1.00816118717194	2.98659284934661	4.4369676423446	0.673115760602756	9.11039238173536E-5	99.9790247464245
492	3.06989836419814		4.51454223049594		1.00794267654419	3.06965001454207	4.54541536257943	0.675328824690755	1.46276977328102E-4	99.9663241528424
490	3.11223435035709		4.56455044562814		1.00791668891907	3.11198600070103	4.59570228347557	0.677151348965873	1.48858930682249E-4	99.9657298380871
488	3.20888405700215		4.6953607356328		1.00887954235077	3.20863570734608	4.73206434060697	0.678062569820114	1.00982100782416E-4	99.9767507150731
486	3.40962745219611		4.97695531458572		1.00954282283783	3.40937910254005	5.01945718788042	0.679232629132103	2.66831611092043E-4	99.9385786216521
484	3.62957380141491		5.27977208583667		1.01009511947632	3.62932545175884	5.3280769551231	0.681169863409938	2.00869877942521E-4	99.9537586959298
482	3.7138247532267		5.38364553512864		1.01073944568634	3.71357640357063	5.4364646569372	0.683086645074004	2.11456736276026E-4	99.9513221386409
480	3.69303442127852		5.3362144928377		1.01162850856781	3.69278607162245	5.39326406523738	0.684703368304277	3.19894832465866E-4	99.9263686139629
478	3.78673749707598		5.45576361345375		1.0127238035202	3.78648914741991	5.52017361778831	0.685936604460819	3.06631454947895E-4	99.9294204173927
476	4.03474045018657		5.79763590212676		1.01399922370911	4.0344921005305	5.87378393703882	0.686864233307913	2.03629552719499E-4	99.9531235531826
474	4.49934772372071		6.44610673693794		1.01552999019623	4.49909937406465	6.54119277444767	0.687810240303542	2.78451744408017E-4	99.9359046662613
472	5.0370994549704		7.19684395317642		1.01726651191711	5.03685110531433	7.31607782079959	0.688463303519624	3.18090827555304E-4	99.9267836964509
470	5.50456708005562		7.84119852823843		1.01911818981171	5.50431873039955	7.9860683689881	0.689240121180805	3.34759518716591E-4	99.9229484721934
468	5.71178188635653		8.1042981609762		1.02110064029694	5.71153353670047	8.27025455677248	0.690611576402242	3.93954427646462E-4	99.9093297710741
466	5.55161759256292		7.83761849895586		1.02326714992523	5.55136924290686	8.01491734537907	0.692629630935302	4.49883240312397E-4	99.8964641910699
464	5.34559140930413		7.51855475511359		1.02553856372833	5.34534305964807	7.70549641416636	0.693705216684131	3.62929879367121E-4	99.9164672150687
462	5.20092037716737		7.29982154065557		1.027627825737	5.2006720275113	7.49641797569539	0.693754276292054	4.0620737688462E-4	99.9065110231323
460	5.02802557805353		7.04773340689724		1.02919805049896	5.02777722839747	7.2484239554388	0.693637300923177	4.2110890385123E-4	99.9030830863537
458	4.85893508800653		6.81063431116495		1.03004312515259	4.85868673835046	7.01015334375595	0.693092789857182	4.13770427564456E-4	99.9047712095762
456	4.66504625821486		6.54932256904504		1.03006207942963	4.6647979085588	6.74111502420654	0.691992035710422	4.86273286436302E-4	99.8880940993583
454	4.52026037012152		6.36538127339332		1.02918720245361	4.52001202046546	6.54607947158312	0.690491467463398	4.72817165043465E-4	99.8911890664807
452	4.35662363981835		6.1569717893628		1.02735614776611	4.35637529016229	6.32032240051311	0.68926472640203	4.18342096417478E-4	99.9037195518971
450	4.08854335524502		5.7968362317198		1.02460694313049	4.08829500558895	5.93441182749817	0.688913261234264	4.57425179242735E-4	99.894729408516
448	3.71895741922181		5.29363622152345		1.02102768421173	3.71870906956574	5.39990000854182	0.688662579618755	5.03073064698968E-4	99.8842302110396
446	3.43299527436836		4.90613572258355		1.01675081253052	3.4327469247123	4.98328950826698	0.688851594718223	4.46753706735318E-4	99.897184049319
444	3.28266827301592		4.70487994946195		1.0121191740036	3.28241992335985	4.75689413827681	0.690034259317974	5.61466534048844E-4	99.8708010866021
442	3.23867510912921		4.64546321385952		1.00782012939453	3.23842675947314	4.6768075267037	0.692443882067484	5.46855995776752E-4	99.8741609973706
440	3.20184538515528		4.59076580196871		1.0045450925827	3.20159703549921	4.60666364249056	0.694992576833392	6.27247287255328E-4	99.8556752231969
438	3.16090982623682		4.52473056053335		1.00285410881042	3.16066147658075	4.5326853809671	0.697304403665976	6.59543405502658E-4	99.8482497759001
436	3.133960021657		4.47560056805388		1.00277864933014	3.13371167200093	4.48307781280802	0.699008985087882	7.72449257626541E-4	99.8222950679519
434	3.11643138403173		4.4365707464325		1.00421047210693	3.11618303437566	4.45028484348194	0.700221029433599	8.21474464722547E-4	99.8110272930095
432	3.13338895232335		4.44392954767262		1.00665414333344	3.13314060266728	4.46852204722389	0.701158138989999	8.84589935232451E-4	99.7965229359974
430	3.1436179073606		4.44255393732656		1.00962591171265	3.14336955770453	4.4803248288757	0.70159412046321	9.06685223242085E-4	99.7914457892282
428	3.14759188195409		4.43583106137686		1.01240730285645	3.14734353229803	4.48586126597945	0.701614103888438	8.92077411699298E-4	99.794802403716
426	3.12788953828282		4.40406067576162		1.01423370838165	3.12764118862675	4.46173126449046	0.700992732018327	9.75388130628658E-4	99.7756606008705
424	3.09730478498706		4.36607903528838		1.01462960243225	3.097056435331	4.4249355513863	0.699909953346261	8.89574781021704E-4	99.7953774749269
422	3.07735147696132		4.35221337372269		1.01337480545044	3.07710312730526	4.40541210164433	0.698482470268041	9.17161894020529E-4	99.7890385067105
420	3.45821865073242		4.91122076894995		1.01114857196808	3.45797030107636	4.96097359694693	0.697034610949038	0.00106190212852535	99.7557866859659
418	3.25036876142623		4.6437018247064		1.0079870223999	3.25012041177016	4.67580653930396	0.695093003624135	0.00111442744050998	99.74372255162
416	3.05794156492951		4.39832965771811		1.00422537326813	3.05769321527344	4.41194820826108	0.693048302232586	0.0011311108858744	99.7398909648678
414	2.9046755377099		4.20439258573914		1	2.90442718805383	4.19944744677994	0.691621272765514	0.00112398848249807	99.7415267064924
412	2.78529503281582		4.05533300381522		0.995681941509247	2.78504668315976	4.03289805314534	0.69058197020072	0.00119147354546182	99.7260290648065
410	2.67616211088862		3.91583829001715		0.991583049297333	2.67591376123255	3.87797535620209	0.69002856270165	0.00129268189419849	99.702791535465
408	2.58674581485919		3.80099040229246		0.988153755664825	2.58649746520312	3.75107638363643	0.689534736345644	0.00132617662887933	99.6951023063531
406	2.530185194968		3.728473910883		0.985654711723328	2.52993684531194	3.67011367828407	0.689334736490992	0.00135641340950206	99.6881614997618
404	2.5122359274616		3.70882947736775		0.98426741361618	2.51198757780553	3.64561265809886	0.689044013555599	0.00142198276480661	99.6731118149467
402	2.527033400547		3.73201371799777		0.984128773212433	2.52678505089094	3.66791542836783	0.688888579967974	0.00144420712834701	99.6680113246425
400	2.57177837107134		3.79576979684457		0.985299050807953	2.57153002141527	3.73509593719384	0.688477636091792	0.00154538759223896	99.6447937121442
398	2.61971447927823		3.85932380049687		0.987817049026489	2.61946612962217	3.80742095527081	0.687989628779003	0.0016361807588641	99.6239642493801
396	2.64086541913512		3.87939014563154		0.991658091545105	2.64061706947906	3.84212474111315	0.687280410555855	0.00160694634047394	99.6306706359484
394	2.64501291667714		3.87344109780374		0.996615350246429	2.64476456702108	3.85540245495075	0.68598923145492	0.0017605640501316	99.595435721485
392	2.65618318030438		3.8753173307064		1.0025714635849	2.65593483064832	3.88032471289829	0.684462004383274	0.00177222795658677	99.5927609091294
390	2.66342025302937		3.87054545572547		1.0093150138855	2.66317190337331	3.90160843739273	0.682583079801053	0.0018690572248475	99.5705584184249
388	2.69375254050583		3.89886131254592		1.01699423789978	2.69350419084976	3.96009031140246	0.680162314251834	0.00184272522088445	99.5765957316642
386	2.72896812874402		3.93428866836139		1.02549052238464	2.72871977908795	4.02950454859537	0.677184935810321	0.00195625630330745	99.5505683202096
384	2.7561538342018		3.95894231816522		1.03449034690857	2.75590548454573	4.09037191359235	0.673754255789756	0.00204321508280429	99.5306373064325
382	2.79070661726686		3.9952881432153		1.04369103908539	2.79045826761079	4.16468523641916	0.670028611816544	0.00208177266583237	99.5218011581072
380	2.80442458596204		4.00324931261709		1.0526317358017	2.80417623630597	4.20874186258067	0.666274228228989	0.00212980225622506	99.5107954298772
378	2.8105281992189		4.00224740832422		1.06117713451386	2.81027984956284	4.2418457679905	0.662513444210905	0.00220358805195354	99.4938901735851
376	2.81354083348421		3.99688941274016		1.06922745704651	2.81329248382814	4.26829642452619	0.659113661287112	0.00223244366621789	99.4872797696738
374	2.81037242529374		3.9852592858335		1.07646524906158	2.81012407563768	4.2846698594584	0.655855449267424	0.0023450317060006	99.4614916777197
372	2.81436685887153		3.98447898798506		1.08239138126373	2.81411850921547	4.30741313963288	0.653319850683121	0.00246652038904871	99.4336724071572
370	2.82799570403192		3.99817650990298		1.08660447597504	2.82774735437585	4.33906308127145	0.651695377875736	0.00261082365116007	99.400639015427
368	2.84439547203279		4.01654536969286		1.08728444576263	2.84414712237673	4.36175053349451	0.652065518313373	0.00271447746306237	99.3769177246468
366	2.86275196610007		4.03846259372638		1.08414971828461	2.862503616444	4.37293681228189	0.65459523869733	0.00279922968223157	99.3575262911793
364	2.88969950017208		4.0725455647816		1.07767069339752	2.88945115051601	4.38353377136008	0.659160234921494	0.00290830986127003	99.332574153265
362	2.92020207573379		4.1124787921611		1.06871128082275	2.91995372607773	4.38976755153597	0.665172743612824	0.00303642565214697	99.3032756129138
360	2.96477210729398		4.17199036418892		1.05907070636749	2.96452375763791	4.41319553014933	0.671740859290139	0.00313038809053643	99.2817930268093
358	3.00979608172345		4.23181607195768		1.04836678504944	3.00954773206738	4.43131109084654	0.679155146269013	0.00318802399461964	99.2686180580853
356	3.04287137456004		4.27676028564528		1.03684234619141	3.04262302490397	4.42919883918599	0.686946586815044	0.00333579373230286	99.2348474186206
354	3.08671561266609		4.33620829566165		1.02479386329651	3.08646726301003	4.43865190331094	0.695361413835523	0.00345179600074882	99.2083448250116
352	3.12252507297222		4.38475713579969		1.01273274421692	3.12227672331616	4.43557902271445	0.70391637874719	0.00357018731630612	99.1813037131432
350	3.14273688929771		4.41241507025948		1.00126516819	3.14248853964165	4.41304612205576	0.712090572526751	0.00367845276990444	99.1565818459202
348	3.1656317622531		4.44441774347145		0.990810453891754	3.16538341259704	4.39867586631679	0.719621883675542	0.0037766348565621	99.1341677924465
346	3.17795416210621		4.46255944261771		0.981342911720276	3.17770581245014	4.3744482000782	0.726424377912017	0.00395029286414812	99.0945356964034
344	3.2064697625782		4.50344690583324		0.972720801830292	3.20622141292214	4.3757862457087	0.732718929327604	0.00403425070407964	99.0753805853532
342	3.20453757264452		4.50343716462234		0.964752793312073	3.20428922298845	4.3399327474506	0.738326930266544	0.00418512533987807	99.0409676088771
340	3.20460942323017		4.50688817779215		0.957048177719116	3.2043610735741	4.30857638151033	0.743716900859685	0.00436638784173187	98.9996392742482
338	3.20827767272723		4.51702227198993		0.950148642063141	3.20802932307116	4.2871439608333	0.74829055249351	0.00449159694019576	98.9711013364948
336	3.18982082465645		4.49915401034258		0.944044172763824	3.18957247500038	4.24273169621297	0.751773315726604	0.00467462063182091	98.9294009678746
334	3.14689842492561		4.45030101981513		0.938558220863342	3.14665007526955	4.17222530664054	0.754189873270104	0.00482941277273177	98.8941466284726
332	3.10663438700056		4.40900994331997		0.933434963226318	3.1063860373445	4.11090806870482	0.755644734795346	0.00500442797195184	98.8543015636266
330	3.03399799813065		4.32660066630551		0.928119659423828	3.03374964847458	4.01101345618776	0.756354891752966	0.00511343652034709	98.8294921034864
328	2.95748148232311		4.2436660963244		0.923022568225861	2.95723313266705	3.91243510406	0.755854871458001	0.0054028820205512	98.7636468703401
326	2.8645545173624		4.13943871636978		0.918195605278015	2.86430616770633	3.79627383282857	0.754504625808872	0.00559698801213704	98.7195147596768
324	2.77633225208992		4.0427034018149		0.913534343242645	2.77608390243385	3.68863084283045	0.752605511562561	0.0058408704611034	98.6640933826154
322	2.68053506008989		3.93423764297097		0.908978700637817	2.68028671043383	3.57164319472253	0.750435181877692	0.00607760737675851	98.6103255611624
320	2.59760471374158		3.84169812918058		0.904343068599701	2.59735636408551	3.46974097263588	0.748573563435877	0.00636390678240245	98.5453402225948
318	2.52119004119535		3.75597409387859		0.899914681911469	2.52094169153929	3.37560602880699	0.746811585838481	0.00665103140930582	98.4802105835338
316	2.4725605614092		3.70980696759822		0.895963847637177	2.47231221175313	3.31942225895152	0.744801962174599	0.0069361702119603	98.4155739963959
314	2.4182227808646		3.6542868262185		0.892610192298889	2.41797443120854	3.25743958522888	0.742292947557042	0.00727339457792586	98.3391851653837
312	2.36227562532644		3.59588450711593		0.88999992609024	2.36202727567037	3.19593577225403	0.739072197938597	0.00757297291803453	98.2713737321269
310	2.31824243458442		3.55656533002695		0.888025283813477	2.31799408492835	3.15392852817061	0.734954538197119	0.00791238775060914	98.1946015585276
308	2.24872030351456		3.47988006422009		0.887133359909058	2.24847195385849	3.08273069571202	0.729376703902823	0.00827090977139974	98.1135726688486
306	2.17635426376466		3.39951728377948		0.887335538864136	2.17610591410859	3.01212450333729	0.722448860164169	0.00868689988540622	98.0196393190399
304	2.11680729134634		3.33896805306439		0.888603985309601	2.11655894169028	2.9626260485874	0.714419878505916	0.00905556911734746	97.9364665115293
302	2.03284398601778		3.24292690354581		0.891015827655792	2.03259563636172	2.8850930019075	0.704516504326844	0.00959536742061841	97.8148138083758
300	1.94982873976746		3.14645585900941		0.894482612609863	1.9495803901114	2.81002671641241	0.693794254241271	0.0100936893149088	97.702642663397
298	1.86010464344629		3.03876888434205		0.900495111942291	1.85985629379023	2.73194345321172	0.680781401827242	0.0105848962913236	97.5921989639766
296	1.76474708767498		2.92138187309236		0.909423410892487	1.76449873801891	2.65227584240752	0.665277234669997	0.0111939237729996	97.4554376690164
294	1.66506508123735		2.7965816660715		0.92107892036438	1.66481673158129	2.57131755844237	0.647456680764777	0.0119314022001874	97.2900883545458
292	1.5595775206237		2.65973993077845		0.934718489646912	1.55932917096764	2.48148577813178	0.628385294289939	0.0127279979304648	97.1117995701908
290	1.44792051423393		2.51059647434315		0.948803901672363	1.44767216457786	2.37737176324286	0.608938066380984	0.0135299800644251	96.9326352793632
288	1.32750580524242		2.34477881143151		0.962523102760315	1.32725745558636	2.25214396637111	0.589330644667878	0.0145412579984667	96.7071850409659
286	1.21170503666217		2.18528097271336		0.97529125213623	1.21145668700611	2.12646246537959	0.569705182541208	0.0156296757740025	96.4651234065579
284	1.10214119432653		2.03149547528098		0.986907541751862	1.10189284467046	2.00001781065574	0.550941516020394	0.0166350137522378	96.2420768463862
282	1.00138919430187		1.88826868141969		0.996903836727142	1.0011408446458	1.87749246527742	0.533232949351875	0.0175200430704084	96.0461491225511
280	0.903823531544749		1.74621008823733		1.00535523891449	0.903575181888683	1.75058983909495	0.516154704951236	0.0184110618830599	95.8492983669873
278	0.817606782316501		1.61984753228473		1.00982344150543	0.817358432660434	1.63076629252335	0.501211262709939	0.0192285656950725	95.6690440288915
276	0.741034828276764		1.50559028939411		1.01022160053253	0.740786478620698	1.51598414570374	0.488650544743536	0.0200596450644279	95.4861438412034
274	0.673100300960326		1.40456324359419		1.00653350353241	0.67285195130426	1.40876251446564	0.47761914758179	0.020908334101468	95.2997290535799
272	0.623419342601713		1.33215520250168		0.99854451417923	0.623170992945646	1.32527832811381	0.47021895682288	0.0216666688928497	95.1334684994355
270	0.582505892142636		1.27158383738726		0.988452672958374	0.58225754248657	1.25201240713374	0.465057326244511	0.0222525211845006	95.0052223720633
268	0.549526371095217		1.22559447599876		0.972882628440857	0.54927802143915	1.18754853542364	0.462531008253236	0.0229457745594755	94.8536888981841
266	0.519734185240139		1.18307118820481		0.953488886356354	0.519485835584073	1.12333009468261	0.462451632020818	0.0234917336989645	94.7345215970315
264	0.49186079820552		1.14237902375559		0.931065678596497	0.491612448549453	1.0590256518066	0.46421203085195	0.0240599006427758	94.6106659349584
262	0.464763840916333		1.10174750841502		0.906938552856445	0.464515491260267	0.99473235372378	0.466975352235556	0.0244617743251471	94.5231586049411
260	0.434182899266067		1.05211686896489		0.883175373077393	0.433934549610001	0.924836283323879	0.469201476449899	0.0249991152113611	94.4062799624173
258	0.402726368630043		0.99799012967922		0.859192788600922	0.402478018973976	0.853217094782912	0.47171818454526	0.0254394035015999	94.3106192560973
256	0.37014009709277		0.93959382711715		0.834685504436493	0.369891747436704	0.780137711746027	0.474136478556907	0.0259727733289811	94.1948647059092
254	0.336848266781462		0.876831313635027		0.80953711271286	0.336599917125396	0.705824216461331	0.476889159191716	0.0265670458233303	94.0660600853474
252	0.305614281005388		0.816049052220186		0.784095585346222	0.305365931349322	0.635982997644985	0.480147948105652	0.0270930431412881	93.9522006041872
250	0.275130948302486		0.754401350440151		0.758817315101624	0.27488259864642	0.568700350182211	0.483352258457988	0.0278501697563163	93.7885518700382
248	0.246698055044517		0.694811865509802		0.735633492469788	0.24644970538845	0.50748906939112	0.485625642507213	0.0285233285135105	93.643291721812
246	0.218359995160191		0.633262906405153		0.715051770210266	0.218111645504125	0.449279731866792	0.485469586170411	0.0294836841371142	93.436447042153
244	0.19105360946608		0.571220584875718		0.697206974029541	0.190805259810013	0.394811190114686	0.483282299457084	0.0306782717839583	93.1797901878439
242	0.16569648371291		0.511019326266173		0.681808710098267	0.165448134056843	0.345045788861797	0.479496169486975	0.0320753423180117	92.880524172018
240	0.141687990766851		0.451019796476622		0.667849898338318	0.141439641110784	0.297910914674312	0.474771598299484	0.0338656795457068	92.4984212774604
238	0.118353932098492		0.389109594697636		0.657016694545746	0.118105582442426	0.252402460871234	0.467925637629495	0.0361275145089666	92.017935545762
236	0.0994237018427127		0.336288340941414		0.649702370166779	0.0991753521866464	0.215274463666495	0.460692599101255	0.0388429796331313	91.4443801385868
234	0.0804226452474946		0.280150432230183		0.645702123641968	0.0801742955914283	0.177700642302586	0.451176172199247	0.0427520688947663	90.6249815380137
232	0.0644812346742915		0.230749484856779		0.644411623477936	0.0642328850182251	0.145510945128233	0.441429921038717	0.0467258869229887	89.7995402246506
230	0.0498610221777794		0.183785945157962		0.644490897655487	0.049612672521713	0.115261271724472	0.430436622635141	0.0516397570942964	88.7892204319011
228	0.0381706415558517		0.145104977218651		0.646355271339417	0.0379222918997853	0.0905930502890773	0.418600453111772	0.056920572812048	87.7161228613959
226	0.0292260807776886		0.114839400595507		0.649210751056671	0.0289777311216222	0.0713445361337261	0.406166087719839	0.0625078156207652	86.5948739492136
224	0.0222828009668705		0.0909877397716238		0.652522802352905	0.0220344513108042	0.0561447590038562	0.392457848279138	0.0691245072400783	85.2855575067707
222	0.0175599552406554		0.0743871714480638		0.655378818511963	0.0173116055845891	0.045510837207622	0.380384247945449	0.0753194242847463	84.077652170118
220	0.0139748158373326		0.0617915212069507		0.656985223293304	0.0137264661812663	0.0373472331344561	0.367536361578614	0.0847139561288602	82.2784390523319
218	0.011273294356123		0.052243515759568		0.657121121883392	0.0110249447000566	0.0310807624263223	0.35471924880194	0.0950028952582996	80.3520765433422
216	0.00935805355147425		0.0454131809327347		0.655903518199921	0.00910970389540789	0.0265431311051045	0.343203816435055	0.106151839617781	78.3155785118832
214	0.00792028772050358		0.0402609489739519		0.654084265232086	0.00767193806443722	0.023099515644576	0.3321254948581	0.118073853654014	76.1949426213901
212	0.00679074976114981		0.0362618055802026		0.652615189552307	0.00654240010508345	0.0204377323230131	0.320113797444965	0.132697868744893	73.6719442395227
210	0.00588421103987286		0.0332024328812456		0.652986526489258	0.0056358613838065	0.0184516322061437	0.30543972049963	0.150200470740272	70.761907135724
208	0.00499495494753992		0.0303383054474692		0.655270755290985	0.00474660529147357	0.016639399383999	0.28526301832974	0.173155720510667	67.1188148736052
206	0.00413864758745143		0.0276019113391406		0.661797821521759	0.00389029793138507	0.0149942026037601	0.259453472398024	0.203892721696783	62.532714039727
204	0.0033129368649665		0.0249931603863536		0.668592393398285	0.00306458720890014	0.0134039546288818	0.228633063431653	0.245756643267745	56.7862717910853
202	0.00252205790465624		0.0224020609914184		0.687935590744019	0.00227370824858988	0.0120092379708076	0.189329935347845	0.304075237134298	49.6506299295753
200	0.00176898836382686		0.0196379484345616		0.715800225734711	0.0015206387077605	0.0105171163391422	0.144587038759004	0.388015437402325	40.9246112436788
