Wavelength	I1	I1 dark	R1	R1dark	XCorrect	I1c	R1c	I1c/R1c	Abs	Percent T
nm	uA	uA	uA	uA		uA	uA	uA/uA	OD	T*100
	Abs Detector Raw	Dark Offset for Abs Detector	Ref Detector Raw	Dark Offset for Ref Detector	Linear interp	Dark subtracted Abs Detector	Corrected Ref Detector	Corrected Intensity 	-Log(T)	% Transmittance
800	0.144149924274469	2.51696070619028E-4	0.212551776990346	0.00495199884820138	1.35067892074585	0.14389822820385	0.280400644288109	0.513187937100444	0.00112522410209678	99.7412429303565
798	0.153087925299241		0.225942754033396		1.34199333190918	0.152836229228622	0.296568119872105	0.515349489670476	0.00120000320045803	99.7240704392557
796	0.165911621003004		0.244481636977811		1.33337259292603	0.165659924932385	0.319382254675511	0.518688569910355	9.90604852283194E-4	99.7721647428281
794	0.166485982038917		0.244931093763125		1.32502686977386	0.166234285968298	0.317978748946286	0.522784263159608	0.00119086765066959	99.7261681951117
792	0.156122156663764		0.229891489445474		1.31713449954987	0.155870460593145	0.29627556337684	0.526099617587732	0.00116603711075117	99.7318701450421
790	0.151449500050966		0.223493979896147		1.30966234207153	0.151197803980347	0.286216202740205	0.528264306956749	9.57839098792855E-4	99.7796924311019
788	0.153433526570443		0.226589074183096		1.30193436145782	0.153181830499824	0.288556924151515	0.530854807765385	0.00103602148354889	99.761731548576
786	0.157325818196125		0.23229345019027		1.29363858699799	0.157074122125506	0.294097673880226	0.53408828452508	0.00100963784702884	99.7677923145428
784	0.162322768325694		0.239648655506034		1.28498160839081	0.162071072255075	0.301580887356127	0.537404985030403	9.21728721278923E-4	99.7879891797582
782	0.170246004378019		0.251256611010799		1.27644824981689	0.1699943083074	0.314395091116776	0.540702807106676	9.49060248956122E-4	99.7817094030562
780	0.182456483493352		0.269208196517986		1.268270611763	0.182204787422733	0.335148369480822	0.543654106702014	0.00102547879891618	99.7641533367496
778	0.197758573886309		0.291490341547664		1.26044166088104	0.19750687781569	0.361164864578213	0.546860719816556	8.93590753397792E-4	99.7944546595495
776	0.218701912768994		0.321876385737771		1.25292003154755	0.218450216698375	0.397080912819867	0.550140310565552	8.7116432080647E-4	99.7996080554348
774	0.26062001753619		0.383241275018936		1.24577045440674	0.26036832146557	0.471261603472413	0.552492118065826	8.52492193882133E-4	99.8038989481033
772	0.350390979129692		0.514876056902618		1.23883104324341	0.350139283059073	0.631709752814465	0.554272403582647	8.15116966304697E-4	99.8124884055012
770	0.434532732943869		0.636076727805042		1.23221707344055	0.43428103687325	0.77768266649116	0.558429621213868	7.60605570854335E-4	99.8250173685242
768	0.432682047831635		0.630288030013232		1.22665858268738	0.432430351761016	0.767073809692246	0.563740211563877	8.28617271026919E-4	99.8093857225959
766	0.369428443958407		0.537290606068425		1.22236526012421	0.369176747887788	0.650712220088906	0.567342577087837	7.82370180605894E-4	99.8200147765116
764	0.327419998386518		0.47820650138508		1.2186872959137	0.327168302315899	0.57674924997565	0.567262640271682	8.01902382937597E-4	99.8155255164272
762	0.329017871304938		0.480890899262537		1.214359998703	0.328766175234319	0.577961162489861	0.568837833009388	5.53140090075664E-4	99.8727158624882
760	0.346131094503159		0.505887711601619		1.20898902416229	0.34587939843254	0.605625778529797	0.571110759638053	5.86769799393905E-4	99.8649824914553
758	0.37020122532739		0.54054203275221		1.2031888961792	0.36994952925677	0.644415981697544	0.574084969590971	4.88141628977252E-4	99.8876643799354
756	0.39577620691465		0.577178498059919		1.19780671596527	0.395524510844031	0.685416743809092	0.57705697215094	4.50139018914411E-4	99.8964053568653
754	0.419810328522716		0.611410909116981		1.1931779384613	0.419558632452097	0.723613392315991	0.579810485692175	4.47579231471489E-4	99.8969941608411
752	0.447716665386305		0.651278352805335		1.18890511989594	0.447464969315686	0.768420711343308	0.582317684453682	2.98202878181034E-4	99.9313598179596
750	0.487193293341358		0.708043683083883		1.1848680973053	0.486941597270739	0.833070906131509	0.584513987569108	4.37888661923023E-4	99.899223223402
748	0.540244283424786		0.783870616069468		1.18107759952545	0.539992587354167	0.919963330653377	0.586971860031261	3.17828292373191E-4	99.9268441031688
746	0.592853382030489		0.858481824877781		1.17750906944275	0.59260168595987	1.00503911118972	0.589630472448354	3.44635943106822E-4	99.9206761195268
744	0.641018433107562		0.926015375633321		1.174187541008	0.640766737036943	1.08150114149984	0.592479020547606	3.26108631475153E-4	99.9249388975972
742	0.710959295865202		1.02494789324338		1.17108881473541	0.710707599794583	1.19450578300223	0.594980459624324	3.78608990452376E-4	99.9128600471786
740	0.815992251378128		1.17347769153904		1.16803753376007	0.815740555307509	1.36488186822589	0.597663852306743	2.45407109401953E-4	99.9435088870586
738	0.921566590250707		1.32090510183862		1.16498303413391	0.921314894180088	1.53306303869972	0.60096347698886	3.17053017776533E-4	99.9270224863078
736	0.980944158067645		1.40118467915456		1.16204738616943	0.980692461997026	1.62248853663435	0.604437220882529	4.22740792061792E-4	99.9027076950835
734	0.997796294230776		1.42291475108922		1.15931880474091	0.997544598160157	1.64387088309518	0.60682661176036	5.50744424590653E-4	99.8732667842433
732	0.99969867154251		1.42563253824877		1.15665113925934	0.999446975471891	1.64323176442123	0.608220335750331	4.90948474961384E-4	99.8870188078748
730	1.00027108059784		1.42847737466318		1.15388596057892	1.00001938452722	1.64258594568073	0.608807951362805	5.29632470894958E-4	99.8781219484745
728	1.00797114617987		1.44313626437511		1.15089321136475	1.00771945010925	1.65519650788652	0.608821638583555	3.98885775778184E-4	99.908195322192
726	1.02521653337902		1.47180672629669		1.1476241350174	1.0249648373084	1.68339788778424	0.608866652825319	3.32255819611578E-4	99.923524527677
724	1.03809567303703		1.49396712049525		1.14410185813904	1.03784397696641	1.70358496747351	0.60921174862536	4.19919058718751E-4	99.9033567931699
722	1.02910339096847		1.48341527422393		1.14027833938599	1.02885169489785	1.6858596484886	0.610283125182	5.15600522629048E-4	99.8813490382478
720	0.985901906460921		1.42159390453688		1.13600122928619	0.985650210390302	1.60930694632067	0.612468747894102	5.98919353893495E-4	99.862188769392
718	0.897693450392486		1.2940282510549		1.13137769699097	0.897441754321867	1.45843212146737	0.615346947665228	5.66159854683163E-4	99.8697218116439
716	0.769285025002261		1.10887457747834		1.12621939182281	0.769033328931642	1.2432590151243	0.618562439183079	6.91046748507828E-4	99.8410071336214
714	0.635714487205904		0.917740474848515		1.12039887905121	0.635462791135285	1.02268718532161	0.621365751185634	6.95726131825177E-4	99.8399313846867
712	0.520724314325538		0.755041006504489		1.11375534534454	0.520472618254919	0.835415641761375	0.623010382182412	5.928051470258E-4	99.8635946872746
710	0.436714808435638		0.637521964005322		1.10628998279572	0.436463112365019	0.699805815870758	0.623691747719951	4.93307368708279E-4	99.8864762676538
708	0.37359488986461		0.550553621762499		1.09837675094604	0.373343193793991	0.599276137887495	0.622990254726413	6.97037937103609E-4	99.8396298143085
706	0.326746824866259		0.486927923164195		1.09038031101227	0.32649512879564	0.525537058256099	0.621259954300951	6.58978581929452E-4	99.8483796340592
704	0.295653763161888		0.445825967151673		1.0826700925827	0.295402067091269	0.477321060080423	0.61887499169112	6.19754351546787E-4	99.8573980602125
702	0.281116447851324		0.428531802181714		1.07555782794952	0.280864751780704	0.45558457323668	0.616493112980788	5.47951300526236E-4	99.8739091118194
700	0.279320869855569		0.42911070995528		1.0694442987442	0.27906917378495	0.453614115356154	0.615212720102061	4.2741653659554E-4	99.9016321183854
698	0.293408903856893		0.452331411461616		1.0649927854538	0.293157207786274	0.476455846793844	0.615287250138666	4.27006554655548E-4	99.9017264273992
696	0.320817520385557		0.494515371253995		1.06259047985077	0.320565824314938	0.520205378802033	0.616229353593307	3.74186851786785E-4	99.9138774001256
694	0.346549055622094		0.533362725224745		1.06203079223633	0.346297359551475	0.561188462359854	0.617078544514725	3.84832142975889E-4	99.9114283722707
692	0.368327136284585		0.56568464587196		1.06277585029602	0.368075440213966	0.595933115729413	0.617645555346336	4.40231114258833E-4	99.8986843988314
690	0.382352001951201		0.586533264868243		1.06392598152161	0.382100305880582	0.618759419284951	0.617526447229108	3.16941235925383E-4	99.92704820625
688	0.391467259177962		0.600487528118148		1.06461536884308	0.391215563107343	0.634016277152883	0.617043405989729	3.70801559201879E-4	99.9146562242661
686	0.393233511307134		0.603036467622123		1.0645604133606	0.392981815236515	0.636697049302519	0.617219469867207	2.45098484382577E-4	99.9435799104762
684	0.387550405861093		0.594605959232958		1.06376242637634	0.387298709790474	0.627251727621309	0.617453396675693	2.5621963140561E-4	99.9410206492802
682	0.386744990520073		0.593796271431018		1.06245732307434	0.386493294449454	0.625621909555997	0.617774551284094	2.15625031813283E-4	99.9503628249309
680	0.391183833275774		0.601320024757888		1.06094348430634	0.390932137205155	0.632712771337514	0.61786667649959	3.77951022515002E-4	99.9130114179903
678	0.400688490220217		0.616224728983		1.05921316146851	0.400436794149598	0.647468121005565	0.618465652838151	2.7161437006958E-4	99.9374780331756
676	0.407222544759538		0.62663405663916		1.05730748176575	0.406970848688919	0.657309090981906	0.619146843201232	2.31592570472647E-4	99.9466880558278
674	0.414463271964492		0.638258618665465		1.05524814128876	0.414211575893873	0.668295633428033	0.619802906341267	3.11828499333696E-4	99.9282246054548
672	0.42008998550402		0.647405281531748		1.05312037467957	0.419838289433401	0.676580641773814	0.620529562200742	2.97498420254773E-4	99.9315219141836
670	0.424939440745873		0.655301474432326		1.0509113073349	0.424687744675254	0.683459617610679	0.621379425692961	3.61797131500649E-4	99.9167278223694
668	0.429720893668662		0.663139401647101		1.0485315322876	0.429469197598043	0.690130245989124	0.622301659859161	3.86699349805372E-4	99.9109988137381
666	0.43192154826192		0.667070367817917		1.04595601558685	0.431669852191301	0.692546691054429	0.623307941207641	3.53110516052597E-4	99.9187263438974
664	0.43803744026629		0.676948965800905		1.04322910308838	0.437785744195671	0.70104679311218	0.624474355345376	2.65133055568155E-4	99.9389694890561
662	0.442884863037448		0.684918916635758		1.04042720794678	0.442633166966829	0.707456081769883	0.625668756510607	3.79486944417404E-4	99.9126580671705
660	0.452463380150053		0.700096792856848		1.03775990009308	0.452211684079434	0.721393391980637	0.626858644820484	4.53286308736954E-4	99.8956814199658
658	0.463062383708776		0.716831523319765		1.03528940677643	0.462810687638157	0.73700133058645	0.627964521135785	4.16098869717176E-4	99.9042355779561
656	0.480066924656454		0.743478291401766		1.03309750556946	0.479815228585835	0.762969670634547	0.628878508613301	4.49193886895137E-4	99.8966227563441
654	0.498817306051258		0.772908705102527		1.03115320205688	0.498565609980639	0.791881016695207	0.629596618013809	4.30193595768228E-4	99.9009933079275
652	0.510781493625522		0.791557229503109		1.02945709228516	0.510529797554903	0.809776333526296	0.630457789908137	4.98012448298844E-4	99.8853941188018
650	0.517218938668158		0.801690351716037		1.02793705463409	0.516967242597539	0.818996875760983	0.631220042344108	4.98553295530934E-4	99.8852697269259
648	0.517479635078249		0.802454719388764		1.02666783332825	0.51722793900763	0.818770390170762	0.631713048269562	4.72995147550697E-4	99.8911481290951
646	0.520722242181992		0.808137084783539		1.02560043334961	0.520470546111373	0.823746972195225	0.631833030869124	6.0056084062684E-4	99.861811324697
644	0.528676610741516		0.820777059708618		1.02465677261353	0.528424914670897	0.835940673878467	0.632132077291076	4.38051903323629E-4	99.8991856735672
642	0.539701813639356		0.838224570930405		1.02378344535828	0.539450117568737	0.853090664768871	0.63234793187532	4.86645684063832E-4	99.8880084476292
640	0.554060060957472		0.860982467262809		1.02288675308228	0.553808364886853	0.875622226376117	0.632474083234348	5.66801856888475E-4	99.8695741778679
638	0.570087813578975		0.886075449645452		1.02184903621674	0.569836117508356	0.900375148985135	0.632887433810952	5.16216123010801E-4	99.8812074593064
636	0.584056893113001		0.907974910922693		1.02063095569611	0.583805197042382	0.921653137766069	0.633432658253003	4.75484644999514E-4	99.8905755267342
634	0.59703235845422		0.928410231885959		1.01923584938049	0.596780662383601	0.941221736517648	0.634048959166182	4.76132191618119E-4	99.8904265868814
632	0.611753345333875		0.951441858686019		1.0177036523819	0.611501649263256	0.963246187299377	0.6348342275589	4.96181622164078E-4	99.8858151998496
630	0.626711217283383		0.975120633615817		1.01619136333466	0.626459521212764	0.985876987629025	0.635433760067127	4.98942371547881E-4	99.8851802416869
628	0.644440199756487		1.00299606685404		1.01451146602631	0.644188503685868	1.01252715059146	0.636218498743039	4.65590595098755E-4	99.8928512489413
626	0.660220695909252		1.0278721913274		1.01275491714478	0.659968999838633	1.03596745477998	0.63705572679288	5.79767397867121E-4	99.8665926900017
624	0.672828088742176		1.04786290474849		1.01092803478241	0.672576392671557	1.05430787255492	0.637931680280153	5.91399198080498E-4	99.8639179779189
622	0.68507399170838		1.06689438660604		1.0092089176178	0.684822295637761	1.07172172772155	0.638992639529362	5.28387752251707E-4	99.878408206633
620	0.692955704018195		1.07934980342639		1.00772297382355	0.692704007947576	1.08269535069902	0.639795864552614	5.41612881168763E-4	99.875366757184
618	0.701857416018758		1.09347353994222		1.0068142414093	0.701605719948139	1.09593898965426	0.640186841212283	5.39496465533729E-4	99.875853473713
616	0.708696475439673		1.10428649308505		1.00664889812469	0.708444779369054	1.10664385729399	0.640174139764686	5.09581422492093E-4	99.8827333524237
614	0.717921153442364		1.11887544566347		1.00700271129608	0.717669457371745	1.12172393111925	0.639791518627632	4.90207637774999E-4	99.8871891993584
612	0.726151667935843		1.13198653722485		1.00780045986176	0.725899971865224	1.13582592605607	0.639094385163199	5.28385413316469E-4	99.8784087445379
610	0.738037196452804		1.15072058103427		1.00835275650024	0.737785500382185	1.1553389081587	0.638587946075509	5.03441496061229E-4	99.8841454748319
608	0.749289256344367		1.16826769552715		1.0085117816925	0.749037560273748	1.17321758592854	0.638447266097639	5.21226543831938E-4	99.8800551444243
606	0.762095385748762		1.18824982740531		1.00798010826111	0.761843689678143	1.19274067333413	0.638733722015636	4.65918416323345E-4	99.892775846223
604	0.780558720330748		1.21694986238584		1.00688087940216	0.780307024260129	1.22033747467232	0.6394190463336	4.51359946022089E-4	99.8961245196387
602	0.794654234190441		1.2388616817563		1.00539457798004	0.794402538119822	1.24056610491287	0.64035486297251	4.95478583272811E-4	99.8859768958244
600	0.816298151950636		1.27228656718182		1.00393652915955	0.816046455880017	1.27232346781676	0.641382853120133	4.21369321946055E-4	99.9030231810041
598	0.834352650169509		1.3002213540575		1.00287997722626	0.83410095409889	1.29899970145417	0.642110196919331	4.88104823910866E-4	99.8876728450954
596	0.854764101809141		1.33184649126024		1.00218975543976	0.854512405738522	1.32980006684478	0.642587127977837	4.79198877885887E-4	99.8897212324947
594	0.873024357168305		1.36013405218236		1.00178515911102	0.872772661097686	1.35760126892376	0.642878495384419	5.48964444640382E-4	99.873676121189
592	0.894248678067384		1.39272829643689		1.00154709815979	0.893996981996765	1.38992332374488	0.64319877702898	4.52087672480573E-4	99.8959571286286
590	0.912560169388257		1.4211917911962		1.00122630596161	0.912308473317638	1.41797653564842	0.643387566988514	5.77821511596112E-4	99.8670401501356
588	0.926729012410255		1.44282794375867		1.00070452690125	0.926477316339636	1.43888896719431	0.643883814152925	5.21214293579921E-4	99.8800579617658
586	0.943920769543708		1.46905683006744		0.999973237514496	0.943669073473089	1.46406564813492	0.644553797621874	4.60322827234392E-4	99.8940629050064
584	0.956736469260566		1.48890066391149		0.999053955078125	0.956484773189947	1.48254478296438	0.64516416919119	5.01762256687501E-4	99.8845316867714
582	0.970206110320025		1.50955539100181		0.998229086399078	0.969954414249406	1.50193886954245	0.645801526226493	5.39604102986093E-4	99.8758287200458
580	0.985439203520875		1.53283511655576		0.997582137584686	0.985187507450256	1.52418890654226	0.646368375482558	6.3174381998634E-4	99.8546413579135
578	1.00286054591952		1.55956692949826		0.997147619724274	1.00260884984891	1.55018057768552	0.646769069540169	5.10252288896169E-4	99.8825790609897
576	1.01846459401391		1.58356807533741		0.996688485145569	1.01821289794329	1.57338846590247	0.647146537558517	6.15956595983279E-4	99.8582712825604
574	1.03836611370978		1.61412793849655		0.996220171451569	1.03811441763916	1.60309353049222	0.647569463598556	6.68196641551143E-4	99.8462603380814
572	1.05844855839272		1.64464210158263		0.9957315325737	1.0581968623221	1.63269113894168	0.648130462083618	5.79756978760917E-4	99.8665950858891
570	1.07785720241917		1.67440292910043		0.995352268218994	1.07760550634855	1.66169177010687	0.648499033174634	6.73417311894291E-4	99.845060089635
568	1.09967929858441		1.70756928333802		0.995181918144226	1.0994276025138	1.69441393504409	0.648854202491662	6.64755409758514E-4	99.8470514959271
566	1.12015265360515		1.73883869086688		0.995282471179962	1.11990095753453	1.72570703157841	0.648951958265023	7.42242464278995E-4	99.8292383205828
564	1.1452695068373		1.77702256980367		0.995623111724854	1.14501781076668	1.76431441605072	0.648987391561261	6.94508133509962E-4	99.8402113906362
562	1.17144307393243		1.81675458563611		0.996170461177826	1.17119137786181	1.80486421844369	0.648908303402295	7.2431798389844E-4	99.833358621957
560	1.20179878822763		1.86299240436005		0.99668163061142	1.20154709215702	1.85187474110745	0.648827410129516	8.37574591036754E-4	99.8073271760898
558	1.23092681850675		1.90675976410948		0.997178435325623	1.23067512243613	1.89644169165336	0.648939077775285	7.83038613472696E-4	99.8198611412939
556	1.26201003829222		1.95365632764279		0.997675478458405	1.2617583422216	1.94417452360411	0.648994381369916	7.40773713234856E-4	99.8295759360766
554	1.2915323144804		1.99821744654433		0.99818366765976	1.29128061840979	1.98964501520079	0.649000504383679	8.39137280237729E-4	99.8069680475302
552	1.32266848378958		2.04488946479045		0.998678505420685	1.32241678771897	2.03724169963886	0.649121205379502	8.62934362564329E-4	99.8014992938076
550	1.35231254189867		2.08914471974057		0.999059557914734	1.35206084582805	2.08223265834383	0.649332263813139	8.84257034345385E-4	99.7965994333169
548	1.38223914852958		2.13332782350689		0.999196529388428	1.38198745245896	2.1266657372332	0.649837644093958	8.35458212847489E-4	99.8078135524401
546	1.41147078140838		2.17644525497523		0.99907249212265	1.41121908533776	2.16947917902636	0.650487499018591	8.67555504302432E-4	99.8004373544106
544	1.43307968787721		2.20819761080538		0.998806416988373	1.43282799180659	2.20061585542431	0.6511031847175	9.47990001096368E-4	99.7819552990944
542	1.45716477078879		2.24279538898745		0.998482644557953	1.45691307471817	2.23444778629277	0.652023772341249	8.17804069905229E-4	99.81187083913
540	1.47876757526789		2.27367212226251		0.99831360578537	1.47851587919728	2.26489416692357	0.6527968947907	9.27533372367021E-4	99.7866554520385
538	1.49875692913089		2.30214497371124		0.998360693454742	1.49850523306027	2.29342717138363	0.65339124422958	9.54255202541889E-4	99.7805158390797
536	1.5221511718963		2.33540128461351		0.998661279678345	1.52189947582568	2.32732946594787	0.653925238387272	8.95478425640405E-4	99.7940209013037
534	1.54309480279406		2.36500930451473		0.999168038368225	1.54284310672344	2.35809382853943	0.654275537322048	9.19835712970023E-4	99.788424137862
532	1.56232584519768		2.39152824972127		0.999805629253387	1.56207414912706	2.38611237026534	0.654652382927532	9.91104655611456E-4	99.7720499211267
530	1.58522704902463		2.42333404793402		1.0004802942276	1.58497535295401	2.41954358402413	0.655072040619297	9.31884962524833E-4	99.7856556040773
528	1.60796908537175		2.45526364985722		1.00102841854095	1.60771738930113	2.45283159694203	0.655453636240451	9.74068466167472E-4	99.7759637836161
526	1.6249453670422		2.47769785386914		1.0014044046402	1.62469367097158	2.47621859077376	0.656118840648837	9.998603156285E-4	99.7700384718016
524	1.65401266581521		2.51861041474082		1.00163662433624	1.65376096974459	2.51777233042907	0.656834992488285	0.00104445142936648	99.7597951255619
522	1.6787639321958		2.55248172808204		1.00181710720062	1.67851223612518	2.55215886384863	0.657683289195408	9.94090532506646E-4	99.7713639671324
520	1.70931690448582		2.59560666687456		1.0020604133606	1.70906520841521	2.59599248751705	0.658347517041488	0.00117886501110807	99.7289243751743
518	1.74844240634365		2.65079839028684		1.00242054462433	1.74819071027303	2.65225078069823	0.659134770737177	0.00114872028249943	99.7358468801158
516	1.78974166917911		2.70880973038707		1.00289297103882	1.78948997310849	2.71167991364929	0.659919323110762	0.0010836855665873	99.7507832387784
514	1.83121166260471		2.7669330822056		1.00349617004395	1.8309599665341	2.77163743888298	0.66060587176655	0.001188507968377	99.7267100456815
512	1.88320834818796		2.84086499108987		1.00418245792389	1.88295665211734	2.84777407900753	0.66120296058512	0.00120714230653396	99.7224311486469
510	1.94151905352137		2.92340648245927		1.00497353076935	1.94126735745075	2.93296950678425	0.661877783918451	0.00119379521667685	99.7254959462847
508	2.0198896342629		3.03543193367179		1.00580215454102	2.01963793819228	3.04806324773889	0.662597122842019	0.00123840904171462	99.7152519586273
506	2.10376491621535		3.15520103719713		1.00663805007935	2.10351322014473	3.1711605492279	0.663325992957654	0.00129597584134349	99.7020353331789
504	2.18900293314771		3.27644266268923		1.00742840766907	2.18875123707709	3.29579263017759	0.664104657870769	0.00133541722564737	99.6929810902707
502	2.28905982972056		3.41872223975743		1.00814700126648	2.28880813364994	3.44158223138539	0.66504531339604	0.00137142621472941	99.6847155128858
500	2.40767163344583		3.58780993439429		1.00866842269897	2.40741993737521	3.61391566260178	0.666152772265312	0.00126669170242401	99.7087583904897
498	2.58543707463004		3.84508335865924		1.00904226303101	2.58518537855942	3.87485483764007	0.667169606832007	0.00136107682643951	99.6870910625718
496	2.80226147561912		4.15808003709607		1.00876116752625	2.8020097795485	4.1895142887489	0.668814947611804	0.00136551847923577	99.686071539642
494	2.98995928981052		4.42352265078151		1.00816118717194	2.98970759373991	4.45463143405616	0.671145893436493	0.00136392614585993	99.686437037608
492	3.06984462884679		4.52771073630269		1.00794267654419	3.06959293277617	4.5586815471935	0.673351033845724	0.00142003258455252	99.6735593936728
490	3.10508652323722		4.56819214483234		1.00791668891907	3.1048348271666	4.5993658986829	0.675057148215957	0.0014940665059102	99.6565695496043
488	3.20139634951254		4.69802810622761		1.00887954235077	3.20114465344192	4.73474847543026	0.676096031299957	0.00136236673835147	99.6867949791983
486	3.41034358988856		4.9924123213599		1.00954282283783	3.41009189381795	5.03505477278013	0.677270069087063	0.00152348903429388	99.6498182574576
484	3.61412005391806		5.27254298430305		1.01009511947632	3.61386835784744	5.32076794580539	0.679200520424204	0.00145828535729898	99.6647805068475
482	3.70532991683486		5.38703203413854		1.01073944568634	3.70507822076424	5.43988059150888	0.681095505395376	0.00147923697941734	99.6599725055061
480	3.68645833487901		5.34185492250266		1.01162850856781	3.6862066388084	5.39896314502774	0.682761956284748	0.00155304506816223	99.6430367916358
478	3.78649070752618		5.47226756846593		1.0127238035202	3.78623901145556	5.53688061870849	0.68382168086888	0.0016477445335947	99.6213116397081
476	4.04426186128133		5.82907359731364		1.01399922370911	4.04401016521071	5.9056547796314	0.684769143492523	0.00153034946041162	99.6482441301208
474	4.52002870508339		6.49556623381062		1.01552999019623	4.51977700901277	6.59141341039889	0.685706801804023	0.00160863174145402	99.6302839920671
472	5.05691334649279		7.2493298904667		1.01726651191711	5.05666165042217	7.36946302881621	0.686164192784402	0.00177083644675269	99.5930800117982
470	5.52845652087813		7.90052992448573		1.01911818981171	5.52820482480751	8.04652708309298	0.687029915853155	0.00172966135779255	99.6025227942898
468	5.69892591716962		8.11254401055262		1.02110064029694	5.698674221099	8.27866739441771	0.688356464826889	0.00181441285316583	99.5830875044352
466	5.54518044659255		7.85282449254744		1.02326714992523	5.54492875052193	8.03047011960424	0.690486194199948	0.00179595053961741	99.587320975828
464	5.33675614322616		7.53086671795502		1.02553856372833	5.33650444715554	7.71811577177472	0.691425809738592	0.00179230332228983	99.5881573164747
462	5.17821434698466		7.29197777847988		1.027627825737	5.17796265091404	7.48835045801237	0.691469059834631	0.00183912836784581	99.5774204344385
460	5.0402533612078		7.08999673680649		1.02919805049896	5.04000166513718	7.2919142320046	0.691176761654209	0.00196442042910015	99.5486969270485
458	4.83294220480961		6.79865597869329		1.03004312515259	4.83269050873899	6.9978080787612	0.690600607268227	0.00197819549297089	99.5455394659977
456	4.66239956633091		6.56939647033202		1.03006207942963	4.66214787026029	6.76178532259694	0.689484751117437	0.00206270376906436	99.5261710331472
454	4.5151708559817		6.38200865369797		1.02918720245361	4.51491915991109	6.56318509849303	0.687915865872464	0.00209580745720728	99.5185850335516
452	4.33828137914946		6.15483443585571		1.02735614776611	4.33802968307884	6.31811952969851	0.686601395033411	0.00209971435143925	99.5176897727247
450	4.06820276694739		5.79044952520235		1.02460694313049	4.06795107087677	5.92786093496675	0.68624266248911	0.00214425608544783	99.5074836491183
448	3.70770943342691		5.29785257892848		1.02102768421173	3.70745773735629	5.4041980220423	0.686032917786238	0.00216460322652503	99.5028217308493
446	3.42018187109925		4.90728293937584		1.01675081253052	3.41993017502863	4.98444896707497	0.686120009978867	0.00217233659994595	99.5010499247179
444	3.2683321402607		4.70425785473787		1.0121191740036	3.26808044419008	4.75625756125334	0.687111747440544	0.00240474630362746	99.4478168674237
442	3.22466082695864		4.64475209325689		1.00782012939453	3.22440913088802	4.67608393151173	0.689553305311525	0.00236359394102998	99.4572406724515
440	3.18369163766922		4.58474229125059		1.0045450925827	3.1834399415986	4.60060586329072	0.691961023438238	0.00252578089004002	99.4201053749151
438	3.15075128135553		4.531341131796		1.00285410881042	3.15049958528491	4.53930794005155	0.694048437976017	0.00269217017182692	99.3820222950989
436	3.11504338354899		4.4705625553787		1.00277864933014	3.11479168747838	4.47801892231206	0.695573587677062	0.00291212486481744	99.3317015829835
434	3.10438605937283		4.44163224543571		1.00421047210693	3.10413436330221	4.45536076501315	0.696718970027796	0.00299898854846724	99.3118361344447
432	3.10736863992732		4.4306867987021		1.00665414333344	3.1071169438567	4.4551842735679	0.697416033336909	0.00320864216828345	99.2639053824516
430	3.12194014865816		4.4367724676231		1.00962591171265	3.12168845258754	4.47448078133362	0.697664959387113	0.00334571525490925	99.232580409536
428	3.12538344698424		4.43075331481511		1.01240730285645	3.12513175091362	4.48071357327657	0.697462959817879	0.00346923960034433	99.20436016492
426	3.10486132792562		4.39767366406839		1.01423370838165	3.104609631855	4.4552463844047	0.69684353321569	0.00355362920425756	99.1850852174347
424	3.09396823714883		4.38844677201541		1.01462960243225	3.09371654107821	4.4476235589625	0.695588666636141	0.00357924705242324	99.179234732061
422	3.05843134764239		4.35262517792027		1.01337480545044	3.05817965157177	4.40582246200425	0.694122307002943	0.00363667149886546	99.1661216570013
420	3.43656055755724		4.90978398917053		1.01114857196808	3.43630886148663	4.95951386275778	0.692872115408473	0.0036631619316933	99.1600730575413
418	3.22759240653677		4.63950023780913		1.0079870223999	3.22734071046615	4.67156447955894	0.690847942822542	0.00377487592726585	99.1345692950037
416	3.03758712165146		4.39606435010997		1.00422537326813	3.03733542558084	4.40966644000814	0.68879028990121	0.00380759875186159	99.1271000752714
414	2.88912674626812		4.20817230984513		1	2.8888750501975	4.20322031099693	0.687300411696077	0.0038457271896287	99.1183976953949
412	2.76687551384645		4.05438830167056		0.995681941509247	2.76662381777584	4.03195060001219	0.686175028475664	0.00397180008365112	99.0896284381986
410	2.65876181798939		3.915639876932		0.991583049297333	2.65851012191877	3.87777181100045	0.685576731043617	0.00410368106974664	99.0595427371631
408	2.5762788593346		3.81010782168962		0.988153755664825	2.57602716326399	3.76007901723063	0.68509920973982	0.0041288593650752	99.0537999100537
406	2.51504988008708		3.73060614964402		0.985654711723328	2.51479818401646	3.67220856798347	0.684818995833185	0.00421077862773561	99.035117542804
404	2.49442740702495		3.70707980696458		0.98426741361618	2.49417571095433	3.64388376257125	0.684482786353852	0.00430641586989491	99.0133111346577
402	2.50676529760065		3.727379623778		0.984128773212433	2.50651360153003	3.66334813189423	0.684213869740512	0.00440131888715898	98.9916768847367
400	2.55265365190947		3.79309693308572		0.985299050807953	2.55240195583886	3.73245560802718	0.683839869481515	0.00448080757637984	98.9735601484957
398	2.59658331481988		3.8516358366604		0.987817049026489	2.59633161874926	3.79981987720554	0.683277550687126	0.00462092012859408	98.9416343424619
396	2.62333250904893		3.88086484044986		0.991658091545105	2.62308081297831	3.84358033149787	0.682457653215246	0.00466520340609959	98.9315461726587
394	2.63460366378905		3.88529898349855		0.996615350246429	2.63435196771843	3.86721336918498	0.681201608556091	0.00480219751423096	98.9003440687084
392	2.63181883714002		3.86769529704545		1.0025714635849	2.6315671410694	3.87267620192638	0.679521603112696	0.00491830446551263	98.8739069780347
390	2.64627834635959		3.87427994057383		1.0093150138855	2.64602665028897	3.90537078523035	0.677535321433737	0.00509263491897001	98.8342258982261
388	2.6720905166666		3.89726548735698		1.01699423789978	2.67183882059598	3.95846038991302	0.674969194438419	0.00517133842908226	98.8163166314977
386	2.69872048482191		3.92178202778636		1.02549052238464	2.69846878875129	4.01667207246765	0.671817051545729	0.00541252225636384	98.7614545922473
384	2.73704962285235		3.96354478396714		1.03449034690857	2.73679792678173	4.09512602354746	0.668306154937558	0.00556927563196213	98.7258142641004
382	2.76481995965545		3.99146754996885		1.04369103908539	2.76456826358483	4.16069055787917	0.664449380487939	0.00571322033462273	98.6930975160415
380	2.77863549915103		4.0008359825486		1.0526317358017	2.77838380308041	4.20619429382475	0.660545759181748	0.00587990849339466	98.6552250245778
378	2.77998288684096		3.99388365103342		1.06117713451386	2.77973119077034	4.23296306043752	0.656686852940082	0.00603996209977954	98.618873617995
376	2.78028725695693		3.98646302118025		1.06922745704651	2.78003556088631	4.25714090561075	0.653028786813781	0.0062604306492235	98.5688226891311
374	2.77856095081148		3.97696376584712		1.07646524906158	2.77830925474086	4.27573263603803	0.649785543493498	0.00638311811680114	98.5409810937302
372	2.78076276965034		3.97491894163654		1.08239138126373	2.78051107357972	4.29705800277603	0.647073200264792	0.00663896144007954	98.4829475965018
370	2.8053687387903		4.00516230089069		1.08660447597504	2.80511704271968	4.34664641904082	0.645352019071909	0.00685879129817039	98.4331104123244
368	2.81936422213281		4.02147074809115		1.08728444576263	2.81911252606219	4.36709836216585	0.645534469863432	0.00708627505926523	98.3815645795453
366	2.83854426356008		4.04594441742695		1.08414971828461	2.83829256748946	4.38104079219239	0.647858055224614	0.00729220876384452	98.3349250798552
364	2.86872412183793		4.08618493240288		1.07767069339752	2.86847242576731	4.39822512542067	0.652188631543264	0.00752608546626142	98.2819839130669
362	2.90139085754724		4.13020795468791		1.06871128082275	2.90113916147662	4.40870757628715	0.65804753689739	0.00771360285883432	98.2395573937657
360	2.93463875780501		4.17520087443		1.05907070636749	2.93438706173439	4.41658842239066	0.664401293735683	0.00790168412908778	98.1970216924376
358	2.97706590607298		4.23348543230258		1.04836678504944	2.97681421000236	4.43305400110463	0.671504161523997	0.00810831140964773	98.150312930614
356	3.01150089128695		4.28136330076361		1.03684234619141	3.01124919521633	4.43396432755742	0.679132481175185	0.00830426159512911	98.1060382859053
354	3.05362314453661		4.34010832006013		1.02479386329651	3.05337144846599	4.44264159440905	0.687287368017392	0.00852402178946834	98.0564075651631
352	3.08826684557005		4.38892725297052		1.01273274421692	3.08801514949943	4.43979528968636	0.695530975644955	0.00877478164250195	97.9998065396862
350	3.10659329813354		4.41564589300048		1.00126516819	3.10634160206292	4.416274163763	0.703385135721756	0.00902050253359107	97.9443745925704
348	3.13383498503641		4.45543808034148		0.990810453891754	3.13358328896579	4.40958813444329	0.710629472283221	0.00923778137642065	97.8953849815739
346	3.14716846886985		4.4766575748856		0.981342911720276	3.14691677279923	4.38827657034433	0.717119060832646	0.00954943692620398	97.8251591397705
344	3.15855065876577		4.4960572330112		0.972720801830292	3.15829896269515	4.36859148447926	0.722955894117353	0.00985985931835617	97.7552612457157
342	3.16574468949875		4.51053825101975		0.964752793312073	3.16549299342813	4.34677692229097	0.728239118321202	0.0101598308966784	97.6877640141466
340	3.16619460404773		4.51635276515667		0.957048177719116	3.16594290797711	4.31762788235614	0.73325978853218	0.0105161694862668	97.6076440848466
338	3.15956899372264		4.51359998196454		0.950148642063141	3.15931729765202	4.28388575869871	0.737488690317388	0.0108064944111636	97.5424153902493
336	3.13585286832913		4.4895775455371		0.944044172763824	3.13560117225851	4.23368461437943	0.740631732842981	0.0111592112161135	97.4632274585829
334	3.10653565653221		4.46028767749007		0.938558220863342	3.10628396046159	4.18159192789508	0.742847225177523	0.0114106040446702	97.4068268654013
332	3.05229289551848		4.39997226025061		0.933434963226318	3.05204119944786	4.10246557608108	0.743952909012184	0.0117766422825529	97.3247636490785
330	2.98598361843969		4.32676608378531		0.928119659423828	2.98573192236907	4.01116061660494	0.74435611229555	0.0120582976405829	97.2616655546427
328	2.90149708313275		4.23244127947472		0.923022568225861	2.90124538706213	3.90206801295118	0.743514817638426	0.0125516703778146	97.1512358588894
326	2.81623210544611		4.13893726373506		0.918195605278015	2.81598040937549	3.79580710250318	0.741866046754184	0.0129333997308248	97.0658809066133
324	2.72672724740532		4.03983140475607		0.913534343242645	2.7264755513347	3.68600090813932	0.739683906565019	0.0133620951471716	96.9701137046248
322	2.63377126633144		3.93536722060317		0.908978700637817	2.63351957026082	3.57266372123793	0.737130549009046	0.0138463837023919	96.8620410852585
320	2.54682260945231		3.83647757256082		0.904343068599701	2.54657091338169	3.4650135947495	0.734938217050716	0.0143475608868564	96.7503264601381
318	2.47965301743555		3.76469079306251		0.899914681911469	2.47940132136493	3.38344414106557	0.732803976655595	0.0148742608475661	96.6330615458636
316	2.42343736824611		3.70795057112126		0.895963847637177	2.42318567217549	3.31775284860874	0.730369555161899	0.0154343206271388	96.5085252875588
314	2.37138205839552		3.65661938236153		0.892610192298889	2.3711303623249	3.25951552540941	0.727448709429624	0.0160463512356518	96.3726161892733
312	2.31972834766442		3.60503099145438		0.88999992609024	2.3194766515938	3.20407003733853	0.723915714876345	0.0165718339597461	96.2560788588661
310	2.26487070628205		3.54974590866748		0.888025283813477	2.26461901021144	3.14786661782755	0.719413903176854	0.0171940370690967	96.1182738614093
308	2.1954065952315		3.47289457840815		0.887133359909058	2.19515489916088	3.07652755257671	0.713517061572341	0.0178184353254001	95.9801810181865
306	2.13194912478193		3.40563775494643		0.887335538864136	2.13169742871131	3.01754932789501	0.706433332839118	0.0184228269853971	95.8467018303587
304	2.0585574868916		3.32277170303145		0.888603985309601	2.05830579082098	2.94822781167596	0.698150184551345	0.019060242112887	95.7061305633373
302	1.98078861513203		3.23506804127252		0.891015827655792	1.98053691906142	2.87808451896496	0.688144113215157	0.0198071399465245	95.5416770140608
300	1.9013021896684		3.14344167445115		0.894482612609863	1.90105049359778	2.8073244446824	0.677175200464885	0.0206233431828629	95.3622867688476
298	1.8086566089839		3.02789752208081		0.900495111942291	1.80840491291328	2.72214766733879	0.664330203174174	0.0212085814014022	95.2338668358707
296	1.71760745163287		2.91562800348644		0.909423410892487	1.71735575556225	2.64703690014103	0.648784214330657	0.0220963117691995	95.0394005165477
294	1.61711088221022		2.78609277451185		0.92107892036438	1.6168591861396	2.56165014302963	0.6311787698797	0.022989736022977	94.84408781847
292	1.51571145634586		2.65229655922616		0.934718489646912	1.51545976027524	2.47452190905146	0.612425274850831	0.0239009051220684	94.6453093085777
290	1.40795984544829		2.50560670385528		0.948803901672363	1.40770814937767	2.37263094084607	0.593311047724805	0.0248206687253863	94.4450783609631
288	1.29181459444754		2.34143103312457		0.962523102760315	1.29156289837692	2.24891504960612	0.57430488475015	0.0257577724179224	94.2415081617944
286	1.17583488299691		2.17612821396087		0.97529125213623	1.17558318692629	2.11752916944564	0.55516741109831	0.0268558813152144	94.0035205297156
284	1.07058319884716		2.02472462569866		0.986907541751862	1.07033150277654	1.99332883806269	0.536956814319104	0.0278011552604685	93.7991374477885
282	0.971674797753121		1.88053685772012		0.996903836727142	0.971423101682502	1.86977774191675	0.519539344118341	0.028818578659283	93.5796510340817
280	0.876554729773827		1.73860264197867		1.00535523891449	0.876303033703208	1.74293475651869	0.502774432849984	0.0298177675644504	93.3645981781446
278	0.792154937630604		1.6116764156792		1.00982344150543	0.791903241559984	1.62250798015509	0.48807355726182	0.0307641079646963	93.1613754777918
276	0.719018240535148		1.50057748729012		1.01022160053253	0.718766544464529	1.51091317473105	0.47571664373929	0.0317096861172005	92.9587582790581
274	0.653361053907853		1.40060147908365		1.00653350353241	0.653109357837234	1.40476796104457	0.464923301177504	0.032608750442228	92.7665167052892
272	0.603784126920894		1.32608689808257		0.99854451417923	0.603532430850275	1.3192120061212	0.457494646842097	0.0335807858264485	92.5591194112727
270	0.56547201922486		1.26930487774061		0.988452672958374	0.565220323154241	1.24975298270381	0.452265632470345	0.034365424481238	92.3920440756505
268	0.53295401703546		1.22287341888073		0.972882628440857	0.532702320964841	1.18489459235567	0.449577814264293	0.0352817563214423	92.1973086535275
266	0.503911002625143		1.18127301011141		0.953488886356354	0.503659306554524	1.12160901102694	0.449050695565808	0.0362626767017184	91.9893019543415
264	0.47653054771746		1.14054440157054		0.931065678596497	0.476278851646841	1.0573111110497	0.450462353671845	0.0371177907006122	91.808355723366
262	0.44962267734158		1.09942070483545		0.906938552856445	0.449370981270961	0.992615864354739	0.452713881984024	0.0379319208120691	91.6364126384317
260	0.419204379123282		1.04864060097341		0.883175373077393	0.418952683052663	0.921760070558556	0.454513811602613	0.0388114003206661	91.4510296719483
258	0.388684783908318		0.995143994741862		0.859192788600922	0.388433087837699	0.850765822202187	0.456568749826185	0.0396158393708538	91.2817926885714
256	0.356301329142696		0.935146401292636		0.834685504436493	0.356049633072077	0.776419784028335	0.458578774519073	0.0404621937881417	91.1040756752094
254	0.324521678390775		0.874047489488436		0.80953711271286	0.324269982320156	0.703565054164662	0.460895521175593	0.0413820080175852	90.9113259388261
252	0.293870006149972		0.812881257433039		0.784095585346222	0.293618310079353	0.633493764928417	0.463490449842914	0.0424273304092659	90.6927706211596
250	0.263927861494224		0.750507304435203		0.758817315101624	0.263676165423605	0.565740275245299	0.466072819915956	0.0436601451138273	90.4356896673154
248	0.236327812776384		0.691183327011117		0.735633492469788	0.236076116705765	0.504814748578666	0.467649008612466	0.0449049212479205	90.1768537403024
246	0.208660896993381		0.629512329637913		0.715051770210266	0.208409200922762	0.446592970134293	0.466664759322324	0.0466407055143978	89.8171550041315
244	0.182223926578998		0.567956894703212		0.697206974029541	0.181972230508379	0.392530939802889	0.463586973805828	0.0487479365333894	89.3824106564045
242	0.157456639995834		0.507875098678639		0.681808710098267	0.157204943925215	0.342897349974013	0.458460655753477	0.0515584131696068	88.8058523265987
240	0.13388304885773		0.447909866069127		0.667849898338318	0.133631352787111	0.295829366591653	0.4517176720037	0.0554833290484558	88.0068893613877
238	0.111148386511134		0.387059345987567		0.657016694545746	0.110896690440515	0.25105090617915	0.441729895057138	0.0611475632307072	86.8665226763838
236	0.0921282491817394		0.333579171945892		0.649702370166779	0.0918765531111204	0.213509853262778	0.430315283848016	0.0684674435846978	85.4146875213708
234	0.0731793538030487		0.277814345203385		0.645702123641968	0.0729276577324297	0.176187796503472	0.413920028399881	0.0801817830711401	83.1415691770786
232	0.0572483152009345		0.229086765136861		0.644411623477936	0.0569966191303155	0.144435048621923	0.394617647684057	0.0954111507090867	80.2765776347395
230	0.0425529859749862		0.182542458758511		0.644490897655487	0.0423012899043672	0.114455434922646	0.369587428792316	0.11783178156096	76.2374248803555
228	0.030784574194923		0.144054783245491		0.646355271339417	0.030532878124304	0.0899098179531788	0.339594482776111	0.147759641053445	71.160724153081
226	0.0218359873852819		0.113665993808508		0.649210751056671	0.0215842913146629	0.0705782943185521	0.305820529145166	0.18574483997152	65.2011356267494
224	0.0152271991598125		0.09010345155952		0.652522802352905	0.0149755030891934	0.0555632645476106	0.269521656279957	0.23232385883182	58.5701236878699
222	0.0108137566611208		0.0735668270986196		0.655378818511963	0.0105620605905018	0.0449687050711604	0.234875800265717	0.28470367556305	51.915414333222
220	0.00770208112500098		0.0612139876780694		0.656985223293304	0.00745038505438195	0.0369632952943163	0.20156171128843	0.345606230930085	45.1225639452317
218	0.00549083311747927		0.0517992160634673		0.657121121883392	0.00523913704686024	0.0307842959336105	0.170188626634794	0.413957117625593	38.5516421799844
216	0.00402932337104561		0.0450305053818956		0.655903518199921	0.00377762730042659	0.0262876334396485	0.143703590096815	0.48423633008908	32.7916802020652
214	0.00304864085886621		0.0400042904209003		0.654084265232086	0.00279694478824718	0.0229271523780296	0.121992681085306	0.55304229207222	27.9870876503949
212	0.00239068402288748		0.0361300234304607		0.652615189552307	0.00213898795226846	0.0203472524226176	0.105124166538122	0.616299696539525	24.193589271185
210	0.00193734716594954		0.0329968454949822		0.652986526489258	0.00168565109533051	0.0183129069978053	0.0920471608102704	0.67111558712119	21.3247728052819
208	0.0015751750883104		0.0301482814537827		0.655270755290985	0.00132347901769138	0.0165103871334844	0.0801603867305604	0.724441389853125	18.8607348708129
206	0.0012881925054575		0.0274627225255335		0.661797821521759	0.00103649643483847	0.0148975478905367	0.0695749691462227	0.77549918673746	16.7687547587307
204	0.00105356254156654		0.0248944728333421		0.668592393398285	8.01866470947511E-4	0.0133333864120083	0.0601397459107114	0.825734089839168	14.9370869876542
202	8.38210865486124E-4		0.0223098651471365		0.687935590744019	5.86514794867096E-4	0.0119410940064136	0.0491173417236373	0.890059669379859	12.8807256631885
200	6.40208146398153E-4		0.0195475628071762		0.715800225734711	3.88512075779125E-4	0.0104475079765596	0.0371870571097725	0.977752989824962	10.5256035988852
