Wavelength	I1	I1 dark	R1	R1dark	XCorrect	I1c	R1c	I1c/R1c	Abs	Percent T
nm	uA	uA	uA	uA		uA	uA	uA/uA	OD	T*100
	Abs Detector Raw	Dark Offset for Abs Detector	Ref Detector Raw	Dark Offset for Ref Detector	Linear interp	Dark subtracted Abs Detector	Corrected Ref Detector	Corrected Intensity 	-Log(T)	% Transmittance
800	0.144575027269597	2.29500545538344E-4	0.212800271519077	0.00493274289067486	1.35067892074585	0.144345526724058	0.280762289225917	0.51412006620273	5.4464381023139E-4	99.8746697322204
798	0.153056777533252		0.225463189750033		1.34199333190918	0.152827276987713	0.295950389168211	0.516394918138966	4.95050808052679E-4	99.8860752824459
796	0.165855867486076		0.244007496621735		1.33337259292603	0.165626366940538	0.318775724285534	0.519570200371289	5.46459978956966E-4	99.8742520689068
794	0.167357296847142		0.245803880663019		1.32502686977386	0.167127796301604	0.319160729701358	0.523647744689602	7.42526209411554E-4	99.8291730974396
792	0.15739812673618		0.231334701758127		1.31713449954987	0.157168626190642	0.298201830789991	0.527054531403357	6.31141665924117E-4	99.8547798075648
790	0.151126970259469		0.222693237177789		1.30966234207153	0.15089746971393	0.285192718958716	0.529107020210337	5.59510052666651E-4	99.8712510020655
788	0.153465182835575		0.226318511821506		1.30193436145782	0.153235682290037	0.288229739708811	0.531644244777952	6.21122762627311E-4	99.8570834217347
786	0.157389875927498		0.232055133464538		1.29363858699799	0.157160375381959	0.293814288417577	0.534896979409655	6.02776246906503E-4	99.8613019147716
784	0.162438211554908		0.239486815640043		1.28498160839081	0.16220871100937	0.301397669656097	0.53818833833206	5.62026165143561E-4	99.8706723933489
782	0.170038068473393		0.250610749769178		1.27644824981689	0.169808567927855	0.313595261898568	0.54148958405749	5.8856550916938E-4	99.8645695731199
780	0.18212481750194		0.268366726756639		1.268270611763	0.181895316956402	0.334105579876851	0.544424660681955	5.65604553625108E-4	99.869849507942
778	0.197377580807693		0.290444530089441		1.26044166088104	0.197148080262154	0.359870951257927	0.547829936184135	3.47070077739495E-4	99.9201160854789
776	0.217320540513466		0.319505908452321		1.25292003154755	0.217091039967928	0.39413502051951	0.550803731375557	6.46385812598112E-4	99.8512748719557
774	0.255465712289451		0.375208865383064		1.24577045440674	0.255236211743913	0.461279053373308	0.553322787751545	4.13386179585449E-4	99.9048596017272
772	0.344390443379438		0.505463654596478		1.23883104324341	0.3441609428339	0.620073231524074	0.555032737001061	3.61671189624104E-4	99.9167567974141
770	0.431327018540174		0.630958289104792		1.23221707344055	0.431097517994636	0.771399366454982	0.55885127307762	5.75034552413196E-4	99.8676810200274
768	0.438061463703694		0.637720882156383		1.22665858268738	0.437831963158156	0.776215002053056	0.564060166320038	7.40842152990923E-4	99.8295602040985
766	0.375586065698939		0.545743883622538		1.22236526012421	0.375356565153401	0.661068750718772	0.567802614698214	7.41711109526502E-4	99.8293604606857
764	0.330128024498745		0.481453242094762		1.2186872959137	0.329898523953206	0.580729478622474	0.568076076895125	4.25451615307634E-4	99.9020841141991
762	0.328060771394212		0.479261367408697		1.214359998703	0.327831270848674	0.576005707854502	0.56914587195633	6.37479962446043E-4	99.8533224909019
760	0.344512303310897		0.503170031253592		1.20898902416229	0.344282802765358	0.60236341305915	0.571553310346143	5.13617552153166E-4	99.8818050933594
758	0.368729914908464		0.538175261826609		1.2031888961792	0.368500414362926	0.641591477754342	0.574353661387036	4.81477982094671E-4	99.8891970294569
756	0.393216261246168		0.57327561721614		1.19780671596527	0.39298676070063	0.680764911838048	0.577272350361854	5.09036332419519E-4	99.8828587169467
754	0.419012245029811		0.610033902591722		1.1931779384613	0.418782744484273	0.721993354292639	0.580036841051769	6.11057878223079E-4	99.8593976617025
752	0.444617019402597		0.646846130838182		1.18890511989594	0.444387518857059	0.763174113460537	0.582288511912476	5.90996008070269E-4	99.864010689557
750	0.483215571189283		0.702257980592353		1.1848680973053	0.482986070643745	0.826238427598552	0.584560163883367	5.69908626471445E-4	99.8688597533046
748	0.535743679194723		0.777549436895507		1.18107759952545	0.535514178649185	0.912520270308518	0.586851816966357	5.93905585168117E-4	99.8633416479799
746	0.588838181240869		0.852889847971415		1.17750906944275	0.58860868069533	0.998477181730989	0.58950639179846	5.72776388573083E-4	99.8682002948094
744	0.636971732073927		0.920420952743078		1.174187541008	0.636742231528389	1.0749548499484	0.59234323335436	5.91748166686463E-4	99.8638377343062
742	0.703226280454207		1.01393722739382		1.17108881473541	0.702996779908668	1.1816338658195	0.594936215221892	5.48411627866183E-4	99.8738032512376
740	0.805919203017499		1.15964067987558		1.16803753376007	0.80568970247196	1.34874221092903	0.597363748196916	6.81133308229171E-4	99.8432861843563
738	0.913606649181439		1.31012948084897		1.16498303413391	0.913377148635901	1.52053205592833	0.600695753223207	6.6594827675708E-4	99.8467772486272
736	0.979011180780447		1.39892099508157		1.16204738616943	0.978781680234909	1.61988040480933	0.604230829219838	6.29256940269833E-4	99.8552131524067
734	0.997674545879212		1.42240683788324		1.15931880474091	0.997445045333674	1.64330437355797	0.60697522709933	5.80763641302196E-4	99.866363602764
732	0.999182341588519		1.42448264201313		1.15665113925934	0.998952841042981	1.64192400805546	0.608403821457026	3.63622443406042E-4	99.9163078796412
730	0.998596953407264		1.42556240122512		1.15388596057892	0.998367452861726	1.63924461793414	0.609041165631471	2.33678309432559E-4	99.9462080538723
728	1.00452132624736		1.43770632665267		1.15089321136475	1.00429182570182	1.64896939097442	0.609042127281915	1.28969024310462E-4	99.970308193606
726	1.02054048664478		1.46465510126423		1.1476241350174	1.02031098609924	1.675212608894	0.609063578367444	-9.89870194112821E-6	100.002279286328
724	1.03500254560799		1.48918928237957		1.14410185813904	1.03477304506245	1.69814066478427	0.609356495914258	7.47546754762161E-5	99.9827885811963
722	1.03087289474558		1.48586044328154		1.14027833938599	1.03064339420004	1.68866977895241	0.610328559820274	2.28138510717242E-4	99.9474829616351
720	0.987738814412566		1.42444010661291		1.13600122928619	0.987509313867027	1.61256211016926	0.612385289000357	4.13808546956744E-4	99.9047624406207
718	0.904461931810753		1.30402658475519		1.13137769699097	0.904232431265215	1.46976579898382	0.615222120347603	5.65529424286607E-4	99.869866784598
716	0.773825509603258		1.11573107159156		1.12621939182281	0.77359600905772	1.25100261818731	0.618380807370851	6.61955503095879E-4	99.8476952142739
714	0.643627873709928		0.929024515635946		1.12039887905121	0.64339837316439	1.03535138632425	0.621429962487049	4.54367637765037E-4	99.8954326948032
712	0.525631740758566		0.761967512519293		1.11375534534454	0.525402240213028	0.843151521285548	0.623140950290821	4.23883469901085E-4	99.9024448401205
710	0.439458089979852		0.641230112183865		1.10628998279572	0.439228589434314	0.703929405728322	0.623966815223275	2.25846055471671E-4	99.94801054314
708	0.375955950951367		0.553698909835868		1.09837675094604	0.375726450405829	0.602751999478376	0.623351645006544	2.75715203688568E-4	99.9365343761597
706	0.328338218902869		0.488880097533836		1.09038031101227	0.328108718357331	0.527686667069375	0.62178701648756	1.98481776888148E-4	99.9543083237578
704	0.295833682594762		0.445914419299757		1.0826700925827	0.295604182049224	0.477437672425096	0.6191471664725	1.83069085660495E-4	99.9578556684563
702	0.280353424477908		0.427284803590506		1.07555782794952	0.280123923932369	0.454264065036316	0.61665437681049	2.39184945487596E-4	99.944940794152
700	0.277394199025865		0.426280639470983		1.0694442987442	0.277164698480326	0.450608105785672	0.615090352174351	3.5013588466911E-4	99.9194107237582
698	0.290313751586546		0.447869907878369		1.0649927854538	0.290084251041007	0.471724885121252	0.614943710180658	2.7665793362371E-4	99.9363174425714
696	0.315680937459304		0.487038215216977		1.06259047985077	0.315451436913766	0.512280685177887	0.615778509791418	3.20374320134634E-4	99.9262582892015
694	0.342915503085344		0.528208251368388		1.06203079223633	0.342686002539805	0.555734702826453	0.616635961002458	2.89505643653243E-4	99.933361075659
692	0.364559593269854		0.560456681110135		1.06277585029602	0.364330092724316	0.590397425800981	0.61709295603726	4.10118778255864E-4	99.9056112357281
690	0.3799847030715		0.583490366320831		1.06392598152161	0.379755202525962	0.615542487374737	0.616943932084366	3.76141031267931E-4	99.9134278222057
688	0.389011215181428		0.59729214086285		1.06461536884308	0.388781714635889	0.630634918959811	0.616492526733467	3.80370873719093E-4	99.9124547129031
686	0.390637911952271		0.599690035140378		1.0645604133606	0.390408411406733	0.633155068886573	0.616607890533485	3.05181538065741E-4	99.9297540380155
684	0.386162559492127		0.593084303965601		1.06376242637634	0.385933058946588	0.625653531686098	0.616847886891204	4.61095414966688E-4	99.8938851987216
682	0.383151588434822		0.589041019374824		1.06245732307434	0.382922087889284	0.620590115818916	0.61702898278357	3.29011008630457E-4	99.9242711044225
680	0.3890083678914		0.598572579090156		1.06094348430634	0.388778867345862	0.629818316240519	0.617287330839378	3.30497884754602E-4	99.9239289983982
678	0.396280238284706		0.610246210330131		1.05921316146851	0.396050737739168	0.64115599152601	0.61771354081326	3.67422493823575E-4	99.9154336218226
676	0.404527868561809		0.623180164135872		1.05730748176575	0.404298368016271	0.653677624064926	0.618498099265081	3.74473660638191E-4	99.9138114168443
674	0.410817285040584		0.633416568513914		1.05524814128876	0.410587784495046	0.663206388818971	0.619095038011041	3.84890338425217E-4	99.9114149841428
672	0.41659529252482		0.642663719661046		1.05312037467957	0.416365791979282	0.671607485201179	0.619954067150637	3.46141833414862E-4	99.9203296511208
670	0.422720075825542		0.652534598222678		1.0509113073349	0.422490575280004	0.680572112419463	0.620787375165921	4.1797667740394E-4	99.9038036117586
668	0.426889304934859		0.659411223256236		1.0485315322876	0.426659804389321	0.68624132386696	0.621734351386913	3.27449797988432E-4	99.9246303148715
666	0.430570879932356		0.665561896144257		1.04595601558685	0.430341379386817	0.690989036917633	0.622790458885551	3.09832350095926E-4	99.9286839069567
664	0.434297422581039		0.671848703370112		1.04322910308838	0.434067922035501	0.695746139286288	0.623888366065211	4.0525086597377E-4	99.9067310622465
662	0.440441045908542		0.681701201194514		1.04042720794678	0.440211545363003	0.704128317499508	0.625186538337611	2.91170673969646E-4	99.9329779444801
660	0.449850738253755		0.696641823083056		1.03775990009308	0.449621237708216	0.717827945953921	0.626363518225409	3.77817876581515E-4	99.9130420493102
658	0.459422222590509		0.711817732446244		1.03528940677643	0.459192722044971	0.731830541496147	0.627457718703843	3.85732526459563E-4	99.9112212351543
656	0.474287116635116		0.735301286429557		1.03309750556946	0.474057616089577	0.754541920476417	0.628272072398917	4.20182969143855E-4	99.9032960842951
654	0.494197491006241		0.766323759450128		1.03115320205688	0.493967990460703	0.785110784742627	0.629169793690497	3.2277726214385E-4	99.9257054008973
652	0.507379171251421		0.787069663908248		1.02945709228516	0.507149670705883	0.805176400479615	0.629861568724309	4.94913897404666E-4	99.886106771378
650	0.513125171899848		0.796126888908678		1.02793705463409	0.51289567135431	0.813297780101483	0.630636999021823	4.78198748217759E-4	99.8899512671669
648	0.514764281695545		0.799025421001588		1.02666783332825	0.514534781150007	0.815269409297956	0.631122393753351	5.21763716336193E-4	99.8799316043187
646	0.516077860486683		0.801681696930915		1.02560043334961	0.515848359941144	0.817146072534519	0.631280473931854	5.38476352984665E-4	99.8760880719761
644	0.52376672764346		0.813922645368331		1.02465677261353	0.523537227097921	0.828936982549686	0.631576631419676	3.61596989488097E-4	99.916773868406
642	0.535273313290841		0.832326701080925		1.02378344535828	0.535043812745303	0.847072237184636	0.631638943242428	5.04994042207368E-4	99.8837884026738
640	0.548365412237551		0.853047675729573		1.02288675308228	0.548135911692012	0.867525529892173	0.631838364180639	5.58270557825809E-4	99.8715360392515
638	0.564292610965413		0.878154709931008		1.02184903621674	0.564063110419874	0.892301025423447	0.632144415784118	6.0618341769945E-4	99.8605184759053
636	0.578198378732114		0.900026281193712		1.02063095569611	0.577968878186575	0.913560173435637	0.632655510816546	6.03183562487419E-4	99.8612082570191
634	0.59363057624125		0.924397574736465		1.01923584938049	0.593401075695712	0.937151518861837	0.63319651492044	6.50517401298038E-4	99.850324957891
632	0.60567835756518		0.94362190327293		1.0177036523819	0.605448857019642	0.955307386972317	0.6337738672141	7.14554939545674E-4	99.8356029250838
630	0.620894307516587		0.967583327432556		1.01619136333466	0.620664806971049	0.978237209920517	0.634472703222441	7.59449265710549E-4	99.8252831520871
628	0.638353355908739		0.995091315298714		1.01451146602631	0.6381238553632	1.00452722489219	0.635247945053638	7.41843175435709E-4	99.8293301032812
626	0.652544638505842		1.01752751210848		1.01275491714478	0.652315137960303	1.02551033160041	0.636088314139461	8.20535116707438E-4	99.8112431773822
624	0.668150880814088		1.04220961650204		1.01092803478241	0.667921380268549	1.04861227136518	0.636957432701973	9.31691060215543E-4	99.7857001560442
622	0.678069174536663		1.05816476017608		1.0092089176178	0.677839673991125	1.06293114416501	0.637707981097499	9.68773289899621E-4	99.7771803188438
620	0.690195688160083		1.07721266811999		1.00772297382355	0.689966187614544	1.08056111502337	0.638525834422258	0.00100108334127557	99.7697575077343
618	0.696431001550695		1.08731571678567		1.0068142414093	0.696201501005157	1.08975859277644	0.638858464269052	0.0010060188887027	99.7686236789788
616	0.702842431883963		1.09780779285459		1.00664889812469	0.702612931338425	1.10014146483414	0.638656894406166	0.00108798120628531	99.7497966010864
614	0.712335760703451		1.11299140790622		1.00700271129608	0.712106260157913	1.11581807994577	0.638192078938639	0.00118297503597635	99.7279805768144
612	0.720170953543237		1.12538230904079		1.00780045986176	0.719941452997699	1.12918958801799	0.637573584309589	0.00112398659438429	99.7415271401229
610	0.730302745189764		1.14172820893886		1.00835275650024	0.730073244644226	1.14629084176666	0.63690052999031	0.00121358713115335	99.7209513029719
608	0.741219252104152		1.15903173364999		1.0085117816925	0.740989751558614	1.1639224294202	0.636631559654482	0.00121924581103486	99.7196519881333
606	0.755705685456912		1.18181706070738		1.00798010826111	0.755476184911373	1.18627598208368	0.636846902678065	0.00128999262584257	99.7034089239045
604	0.77066330868816		1.20541132025666		1.00688087940216	0.770433808142621	1.20873892568171	0.637386446132779	0.00141429272734365	99.6748767389372
602	0.788282301232504		1.23288092921672		1.00539457798004	0.788052800686965	1.23457244857263	0.638320417402871	0.001398760578479	99.6784415843884
600	0.805236573625695		1.25922836716075		1.00393652915955	0.805007073080157	1.25923319556971	0.639283554398318	0.001425624909515	99.6722759250387
598	0.825095028441364		1.29018280887056		1.00287997722626	0.824865527895826	1.28895155689996	0.6399507595768	0.00149385339728337	99.6566184511695
596	0.844702651654032		1.32066726156858		1.00218975543976	0.844473151108493	1.31861565549746	0.640424029236867	0.00155459149269299	99.6426819859256
594	0.864980594993415		1.35223454812457		1.00178515911102	0.864751094447877	1.34970695332681	0.640695443048884	0.00154274958041493	99.6453989810419
592	0.884406605047629		1.38254934292531		1.00154709815979	0.88417710450209	1.37974790814145	0.640825109634047	0.00161586263002377	99.6286251879275
590	0.903398420157288		1.41178363693692		1.00122630596161	0.90316891961175	1.4085761236847	0.641192836102562	0.0016561565573587	99.6193820533101
588	0.917575219111871		1.43387976569384		1.00070452690125	0.917345718566332	1.42995375442118	0.641521249012459	0.00166048251666137	99.6183897606051
586	0.932537525265463		1.4570608141852		0.999973237514496	0.932308024719925	1.45208920873806	0.642045970116496	0.0017014309763752	99.608997453112
584	0.947348914366436		1.47979753437022		0.999053955078125	0.947119413820898	1.47346950313312	0.642781823313605	0.00171727578949623	99.6053633817046
582	0.96071206891509		1.50065221720926		0.998229086399078	0.960482568369552	1.49307068435835	0.643293434417891	0.00182523252515089	99.5806066004274
580	0.974802739635154		1.522296594259		0.997582137584686	0.974573239089615	1.51369507434175	0.64383722693517	0.00185918927549582	99.572820865753
578	0.990868675850254		1.54728351127341		0.997147619724274	0.990639175304716	1.53795139747275	0.644129051758455	0.00185841064324051	99.57299938674
576	1.00811961572273		1.57373315411206		0.996688485145569	1.00789011517719	1.56360530535599	0.644593691083519	0.0019044158099948	99.5624520967958
574	1.02564827776206		1.60095605591979		0.996220171451569	1.02541877721653	1.58999061854657	0.644921275166942	0.00200876842157428	99.5385320282395
572	1.04423400461651		1.62966079671085		0.9957315325737	1.04400450407097	1.61779295504585	0.645326400275604	0.00206297081366959	99.5261098352274
570	1.06681805451406		1.66416896612863		0.995352268218994	1.06658855396852	1.65152453831102	0.645820591354521	0.00203114403694747	99.5334037601502
568	1.08586861596138		1.69349144373363		0.995181918144226	1.08563911541584	1.68042308680401	0.646051059367797	0.00206057268181851	99.5266594102345
566	1.10688928695892		1.72577999035754		0.995282471179962	1.10665978641339	1.71272910098206	0.646138251390042	0.00221140444141193	99.4920995084295
564	1.13075204931475		1.76217729703584		0.995623111724854	1.13052254876921	1.74955329105956	0.646177829818802	0.00218387278453895	99.4984069087881
562	1.15648114009328		1.80181831402832		0.996170461177826	1.15625163954775	1.79000432808397	0.64594907476308	0.00222975314643784	99.4878961102777
560	1.18604955885941		1.84697216669213		0.99668163061142	1.18582005831387	1.83592685656495	0.645897223014952	0.00230268644550751	99.4711900005981
558	1.21446115237382		1.890334085159		0.997178435325623	1.21423165182828	1.88008156044396	0.645839881298315	0.00242421241680805	99.4433594792803
556	1.2439932277563		1.93533395527948		0.997675478458405	1.24376372721076	1.92591395318669	0.645804411538108	0.00243747803052097	99.4403220079306
554	1.27617790932936		1.98415096100483		0.99818366765976	1.27594840878382	1.9756233000562	0.645846001485972	0.00246303993056018	99.4344692769549
552	1.30388809140857		2.02617814284373		0.998678505420685	1.30365859086303	2.01857433511355	0.645831351457115	0.00262267515213937	99.3979264995053
550	1.33284234544327		2.06976699154651		0.999059557914734	1.33261284489773	2.0628923916293	0.645992418366143	0.00266334014134989	99.3886198503381
548	1.36368813847187		2.11601522591982		0.999196529388428	1.36345863792633	2.10938629029543	0.646376931621839	0.00268167249997537	99.3844245647812
546	1.39053961846712		2.15632958122748		0.99907249212265	1.39031011792158	2.14940140082194	0.646835959718791	0.00284220501708462	99.3476949166543
544	1.41596327711797		2.1937292514882		0.998806416988373	1.41573377657243	2.18618399826895	0.647582169521608	0.00286775641464193	99.341850039775
542	1.43623585546714		2.22361971767735		0.998482644557953	1.4360063549216	2.21532043803129	0.648216091121225	0.00299066494931497	99.3137395430099
540	1.45713574399447		2.25396819167718		0.99831360578537	1.45690624344893	2.24524268841717	0.648885864750773	0.00303132957931733	99.3044408584209
538	1.4782111604752		2.28444024966089		0.998360693454742	1.47798165992966	2.2757706951944	0.649442258418484	0.00310129735628891	99.2884435303498
536	1.49777406628082		2.31278981009449		0.998661279678345	1.49754456573528	2.30476749204847	0.649759496739632	0.00323945538016075	99.2568628539991
534	1.52146650087853		2.34676361366967		0.999168038368225	1.52123700033299	2.3398825573464	0.650133911873844	0.00322152417146038	99.2609610692417
532	1.53660820766617		2.36795270049907		0.999805629253387	1.53637870712063	2.36256065565497	0.650302333378485	0.00338397436068952	99.223838915629
530	1.55683646838856		2.39655820575586		1.0004802942276	1.55660696784303	2.39277414676958	0.650544879024441	0.00352517303116856	99.1915843108818
528	1.57864442423404		2.42743039801531		1.00102841854095	1.5784149236885	2.42498899662858	0.650895705458021	0.00365204790643693	99.1626106943383
526	1.60160017823167		2.45979730462426		1.0014044046402	1.60137067768613	2.45831218491514	0.651410625352048	0.00368550736262451	99.1549711793143
524	1.6243698528233		2.49174325176224		1.00163662433624	1.62414035227776	2.49088048347	0.652034637171833	0.00382032396828925	99.1241956052061
522	1.6478602854687		2.52512496549604		1.00181710720062	1.64763078492316	2.52477168204001	0.652586052292807	0.00391858170367194	99.1017716102428
520	1.6798750115981		2.57022026560881		1.0020604133606	1.67964551105256	2.57057307540372	0.653412862339564	0.00396312111931861	99.0916086704602
518	1.71345122148591		2.61846277029886		1.00242054462433	1.71322172094037	2.61985619346655	0.653937313510885	0.00414629617971597	99.0498230046405
516	1.75383137726938		2.67645142973512		1.00289297103882	1.75360187672384	2.67924731303514	0.654512880610973	0.00432263950534611	99.009612432675
514	1.79729721266699		2.73849133427237		1.00349617004395	1.79706771212145	2.74311557704225	0.655119210856994	0.00428087687292676	99.0191338542886
512	1.84996057610402		2.81468299656558		1.00418245792389	1.84973107555848	2.82150191588754	0.655583845306949	0.00452593991483321	98.9632752466473
510	1.90347370302642		2.89121195133791		1.00497353076935	1.90324420248088	2.90063420689938	0.65614761004813	0.00452845570998062	98.9627019706401
508	1.98367678955897		3.0080568239179		1.00580215454102	1.98344728901343	3.02054867105119	0.656651325642493	0.00468845599469731	98.9262494142238
506	2.0636431191955		3.12439462862882		1.00663805007935	2.06341361864996	3.14016902995628	0.657102722485829	0.00496975886731866	98.8621932755056
504	2.14791355800672		3.24509899826369		1.00742840766907	2.14768405746118	3.26423553123348	0.657943961736614	0.00490413497915874	98.8771329350501
502	2.23998691731899		3.37806506218551		1.00814700126648	2.23975741677345	3.40061323257213	0.658633388625425	0.00508313537804485	98.8363877724409
500	2.35402541783987		3.54346983447381		1.00866842269897	2.35379591729433	3.56921062682897	0.659472405355225	0.00520998349340105	98.8075239961487
498	2.5173232443358		3.78221512160576		1.00904226303101	2.51709374379027	3.81143755952581	0.660405346927268	0.00534981292796378	98.7757161403505
496	2.72541007211761		4.0863447590624		1.00876116752625	2.72518057157207	4.11716995058903	0.661906261892878	0.00539827244281095	98.7646951478181
494	2.92183079887182		4.3695651070518		1.00816118717194	2.92160129832628	4.40025294582173	0.663962125427469	0.0055961454615429	98.7197062801081
492	3.01198859880453		4.4914182315649		1.00794267654419	3.01175909825899	4.52212019173096	0.666005981832642	0.00575059517960136	98.6846044758153
490	3.0473249145813		4.53257172261139		1.00791668891907	3.04709541403576	4.56348288906101	0.667712685269373	0.00579048554671266	98.6755406159652
488	3.12131599094581		4.63326373881061		1.00887954235077	3.12108649040027	4.66942845701158	0.668408675522946	0.00593631961923442	98.6424113897704
486	3.30955582173661		4.90221197992345		1.00954282283783	3.30932632119107	4.94401310517916	0.669360345692519	0.00608879659646646	98.6077849845938
484	3.52487945368871		5.2048189367221		1.01009511947632	3.52464995314318	5.25237966622141	0.671057725664913	0.00627157970232411	98.5662922979376
482	3.62662042007905		5.33768448794901		1.01073944568634	3.62639091953351	5.39002254278313	0.67279698568033	0.0063328074608722	98.5523971921875
480	3.62019667742894		5.31168518385368		1.01162850856781	3.6199671768834	5.36846205718999	0.674302460987905	0.00654875849947504	98.5034046238251
478	3.6770923437055		5.38093043504183		1.0127238035202	3.67686284315996	5.44440083051115	0.67534756488801	0.00660699499945943	98.4901967449274
476	3.90672569239731		5.70386775064597		1.01399922370911	3.90649619185177	5.77871567383252	0.676014604688265	0.00670769516215029	98.4673624021175
474	4.32767897440667		6.30082446212784		1.01552999019623	4.32744947386113	6.39366685591343	0.676833743669131	0.0068423260535992	98.4368423408378
472	4.86675371590497		7.06826386335817		1.01726651191711	4.86652421535944	7.18529021143358	0.677289861948177	0.00697654257185411	98.4064256317155
470	5.34608888244668		7.74468984942484		1.01911818981171	5.34585938190114	7.88772725199339	0.677743944626144	0.00727584451117454	98.3386304179258
468	5.57194791474731		8.04132311239971		1.02110064029694	5.57171841420177	8.2059633519818	0.678984072340045	0.0072820095404526	98.337234461362
466	5.44754230001004		7.82431737596213		1.02326714992523	5.4473127994645	8.00131942765219	0.680801816340295	0.00745657987091128	98.2977144709143
464	5.24092373394112		7.5002745061632		1.02553856372833	5.24069423339558	7.68676202655949	0.681781771737931	0.00755992775431241	98.274325612629
462	5.08635423992984		7.2633966506644		1.027627825737	5.0861247393843	7.458999483736	0.681877609788599	0.00759581381099418	98.266205471885
460	4.93797280741727		7.04525658805948		1.02919805049896	4.93774330687173	7.24588757632909	0.681454584391066	0.00776234247779198	98.2285328698012
458	4.75519746635073		6.78375584447548		1.03004312515259	4.75496796580519	6.98248013241297	0.680985534600009	0.00778090031445687	98.2243355562318
456	4.56961403203369		6.53112256911777		1.03006207942963	4.56938453148815	6.72238066315595	0.67972713246247	0.00787454422155032	98.2031584072113
454	4.42624657655187		6.346112792025		1.02918720245361	4.42601707600633	6.52626135502322	0.67818569242552	0.00800662958439904	98.1732956573136
452	4.26705031253955		6.14141660143667		1.02735614776611	4.26682081199401	6.30435441774475	0.676805352183924	0.00807202901793362	98.1585130736214
450	4.01738931500199		5.80310731323771		1.02460694313049	4.01715981445645	5.94084992226024	0.676192778310094	0.00818713902573138	98.1324995496153
448	3.66127995363197		5.31072788405282		1.02102768421173	3.66105045308643	5.41736372588264	0.675799270334196	0.00839373455302294	98.0858286501411
446	3.35667609742723		4.89038235350587		1.01675081253052	3.35644659688169	4.9672848611699	0.675710512018265	0.00856359640499688	98.0474726880432
444	3.20347116639878		4.6825077083404		1.0121191740036	3.20324166585324	4.7342633103709	0.676608261064863	0.00868529474075076	98.0200015985472
442	3.14212440150719		4.59843655389118		1.00782012939453	3.14189490096165	4.6294256051768	0.678679207512972	0.00888551667361874	97.9748220448548
440	3.10882822244102		4.54995897840129		1.0045450925827	3.10859872189548	4.56568380054183	0.680861587814419	0.00918794708563546	97.9066188958802
438	3.07671042471779		4.49752329745847		1.00285410881042	3.07648092417225	4.50541289685122	0.682841061320344	0.00932332532948547	97.8761042081282
436	3.03573709724479		4.42774379334277		1.00277864933014	3.03550759669925	4.43510049141476	0.684428143753503	0.00950469568261962	97.8352376577232
434	3.01593752457		4.38727444535994		1.00421047210693	3.01570802402446	4.40079342997057	0.685264616940821	0.0098290937284483	97.7621865117111
432	3.02445343029769		4.38454960406224		1.00665414333344	3.02422392975215	4.40875945951133	0.685958024593014	0.0099904708010475	97.7258663526359
430	3.03067358408143		4.37964542927714		1.00962591171265	3.03044408353589	4.41682328447382	0.686113953027875	0.0101841659579478	97.6822903753593
428	3.03617148445009		4.37558002401995		1.01240730285645	3.03594198390455	4.42487522562495	0.686107930529447	0.0102349803673282	97.6708617762756
426	3.02092164320243		4.35032149140604		1.01423370838165	3.02069214265689	4.40723974476664	0.685393197917993	0.0103634850661469	97.6419659268437
424	3.01294834001163		4.34502163791159		1.01462960243225	3.0127188394661	4.4035826700757	0.684151761232703	0.0104760009571161	97.6166723755202
422	2.98749842556255		4.3232746897563		1.01337480545044	2.98726892501701	4.37609893027342	0.6826328592234	0.0105734689681608	97.5947668811719
420	3.36032109252985		4.88390277589504		1.01114857196808	3.36009159198431	4.93336358154742	0.681095470958654	0.0108550627705872	97.5315075606671
418	3.15800021931485		4.61888820175868		1.0079870223999	3.15777071876931	4.65080722447013	0.678972609777236	0.0110994395727774	97.4766421769675
416	2.96544909703737		4.36874148644962		1.00422537326813	2.96521959649183	4.3822474643712	0.676643576292719	0.011382433996747	97.4131452601518
414	2.81727689303959		4.17906793984424		1	2.81704739249405	4.17413519695356	0.67488168436663	0.0116064943300776	97.3629010287526
412	2.69868347310331		4.02945913917251		0.995681941509247	2.69845397255777	4.00714825590511	0.673410066268751	0.0119425243717785	97.2875968119494
410	2.59045103945376		3.89027095613493		0.991583049297333	2.59022153890822	3.85263551304019	0.672324576290951	0.0122982424577627	97.2079439720963
408	2.50439353247341		3.77908633743858		0.988153755664825	2.50416403192787	3.72944404890841	0.671457729111346	0.0126479849034073	97.1296927859548
406	2.43730090578837		3.69170123036588		0.985654711723328	2.43707140524283	3.63388073071302	0.670652557373462	0.0130617787838797	97.0371921141391
404	2.4134786158445		3.66568732666123		0.98426741361618	2.41324911529896	3.60316144605142	0.669758808044406	0.0135008866200546	96.939129026835
402	2.4198648340807		3.68094957025259		0.984128773212433	2.41963533353516	3.61767393061994	0.668837319210944	0.0139466900454262	96.8396720347573
400	2.45808254633033		3.74050064423338		0.985299050807953	2.45785304578479	3.68065150742163	0.667776626183925	0.0145362972297575	96.7082896940008
398	2.50000274879954		3.80120873725253		0.987817049026489	2.49977324825401	3.75002615004062	0.666601551092364	0.0149747210487806	96.610711148828
396	2.52962428188431		3.84033653250634		0.991658091545105	2.52939478133877	3.80340920231513	0.665033565097106	0.0155422570188347	96.4845427409849
394	2.53232507533055		3.8370069060548		0.996615350246429	2.53209557478501	3.8191039342921	0.663007767882167	0.0161693829592243	96.3453185600091
392	2.53076827602036		3.82554273373732		1.0025714635849	2.53053877547482	3.83043455031021	0.660640129008309	0.0167554226865277	96.215397254347
390	2.54100697226851		3.83094960627431		1.0093150138855	2.54077747172297	3.86165626359221	0.657950189838875	0.0174280855295922	96.0664880933972
388	2.56307119337175		3.85450163254739		1.01699423789978	2.56284169282622	3.91498937917913	0.654622897946041	0.018118476908492	95.9138939685531
386	2.57507912789409		3.86342751141797		1.02549052238464	2.57484962734855	3.95684981579547	0.650732210525131	0.0189267733645552	95.7355477929503
384	2.60932413508147		3.90643077052349		1.03449034690857	2.60909463453593	4.03606204806897	0.646445620374998	0.0196505047483524	95.5761418511184
382	2.63216604172848		3.93441016494294		1.04369103908539	2.63193654118294	4.1011603736843	0.641754113804266	0.0204223582685406	95.4064292055454
380	2.65090527505204		3.95795750371603		1.0526317358017	2.6506757745065	4.16107931565468	0.6370164020989	0.0213339277456424	95.2063843440241
378	2.6503900406791		3.95457890265531		1.06117713451386	2.65016054013356	4.19127419416269	0.632304262943358	0.0221918835318467	95.0184882460519
376	2.64626071940653		3.9473253504382		1.06922745704651	2.64603121886099	4.215314422447	0.627718588385862	0.0231347361149862	94.8124270295427
374	2.64092664960363		3.9393295496889		1.07646524906158	2.64069714905809	4.23524143853716	0.623505693212659	0.0240620998505461	94.6101868407181
372	2.63846048750411		3.93713026991254		1.08239138126373	2.63823098695857	4.25617671267503	0.619859363240684	0.0250484047472874	94.395566085369
370	2.64664818278389		3.95215668586812		1.08660447597504	2.64641868223835	4.28907120411512	0.61701439689303	0.0260996295462406	94.1673546643939
368	2.65058825845174		3.96141144657333		1.08728444576263	2.6503587579062	4.30181775450526	0.616102054795442	0.0270811047349821	93.9547833101793
366	2.6670461197141		3.99025480583307		1.08414971828461	2.66681661916856	4.32068579181243	0.617220679231548	0.0280990795761457	93.7348136718822
364	2.68133067776249		4.01642871930271		1.07767069339752	2.68110117721696	4.32307165046132	0.620184302735498	0.0291356814058998	93.5113482239282
362	2.70796012101546		4.06150393884916		1.06871128082275	2.70773062046992	4.33530339858148	0.624576960716498	0.0301872103759461	93.2852091595145
360	2.74116552859762		4.11639007144234		1.05907070636749	2.74093602805209	4.35432401714902	0.629474521706978	0.0311469070092089	93.0792966698602
358	2.77620428578184		4.17424464884788		1.04836678504944	2.7759747852363	4.37096811871671	0.635093807559344	0.0321250484700956	92.8698943586911
356	2.80080894876946		4.21733318627337		1.03684234619141	2.80057944822392	4.36759515881463	0.641217728839135	0.0331057770240989	92.6604111640874
354	2.83229709561629		4.27009397707817		1.02479386329651	2.83206759507075	4.37091105876551	0.647935306162607	0.0339504514175788	92.4803678611547
352	2.8597274910145		4.31853042707994		1.01273274421692	2.85949799046896	4.36852162015674	0.654568808192453	0.0349515667428055	92.2674319622285
350	2.87783217844216		4.35269665008795		1.00126516819	2.87760267789662	4.3532645597903	0.661021777650755	0.0358501329731295	92.0767256758016
348	2.89642025209835		4.38927927933631		0.990810453891754	2.89619075155281	4.34405638179444	0.666701924885344	0.0368434575975785	91.8663671155082
346	2.90548330137854		4.41117754585037		0.981342911720276	2.905253800833	4.3240371046888	0.671884567707033	0.0377143956784281	91.6823220767227
344	2.91553601129931		4.43583811704089		0.972720801830292	2.91530651075377	4.31003382837755	0.676399913977288	0.0386442810944379	91.4862273704477
342	2.91921555230023		4.45189757742594		0.964752793312073	2.9189860517547	4.29022174587846	0.680381160847669	0.0395889560108893	91.2874433181476
340	2.91525874079261		4.45644024098201		0.957048177719116	2.91502924024707	4.26030713915129	0.684229832506344	0.0404852484958163	91.0992395048885
338	2.90579578917026		4.45505523122192		0.950148642063141	2.90556628862472	4.22827783930257	0.687174873329511	0.0414004879788608	90.9074575911746
336	2.88605410223743		4.43997970637981		0.944044172763824	2.88582460169189	4.18688024181581	0.689254154649605	0.0423588402158015	90.7070744069228
334	2.85622158282538		4.41255984564953		0.938558220863342	2.85599208227984	4.1368146517944	0.690384347058193	0.0431607665647583	90.5397380035199
332	2.8066600107578		4.35893242887163		0.933434963226318	2.80643051021226	4.06417553677103	0.690528862452125	0.0441069786057473	90.3426907561751
330	2.74569609498577		4.2919619091197		0.928119659423828	2.74546659444023	3.9788760497005	0.690010585940945	0.0450512064271457	90.1464842183979
328	2.66380063632863		4.19830456086112		0.923022568225861	2.6635711357831	3.87057682494903	0.688158705083492	0.0461515430668096	89.918376487332
326	2.58233711126352		4.10716607245576		0.918195605278015	2.58210761071798	3.76665261503166	0.685517852220699	0.0473641482395728	89.6676631715459
324	2.49676953348043		4.01082838973524		0.913534343242645	2.49654003293489	3.65952324883872	0.682203626859625	0.0485622207369192	89.4206411106791
322	2.40464671890713		3.90476654933873		0.908978700637817	2.40441721836159	3.54486586608859	0.67828157938586	0.050071320449842	89.1104587670074
320	2.32062860400848		3.80911810001389		0.904343068599701	2.32039910346294	3.44028865938286	0.674478025887277	0.051717549479081	88.7733176127064
318	2.24955111405811		3.73233186985196		0.899914681911469	2.24932161351257	3.35434119969645	0.670570308624574	0.0534888658884111	88.4119835301794
316	2.19099515726084		3.67678804683172		0.895963847637177	2.1907656567153	3.28984960608599	0.665916658519143	0.0555947031735163	87.984323029086
314	2.13724630493655		3.62772833023088		0.892610192298889	2.13701680439101	3.2337442658753	0.660849043303233	0.0578299862475797	87.5326373170569
312	2.08527742086686		3.58263027132905		0.88999992609024	2.08504792032132	3.18415053588339	0.654820774590942	0.0602125124219915	87.0537507396739
310	2.02078601487456		3.51779938779904		0.888025283813477	2.02055651432902	3.11951439934364	0.647715078588562	0.0628103018422017	86.5345815958769
308	1.95530547314402		3.45162006677441		0.887133359909058	1.95507597259848	3.05767130619294	0.639400307233387	0.0655542105025975	85.9895724311812
306	1.88761172341451		3.38194944937702		0.887335538864136	1.88738222286897	2.99654693900325	0.629852380519283	0.0683700745162472	85.4338396895011
304	1.81910988042651		3.31098437397699		0.888603985309601	1.81888037988097	2.93777065502261	0.61913627490672	0.0712993993900544	84.8595258069497
302	1.74070280066168		3.22469840020068		0.891015827655792	1.74047330011614	2.86886216200577	0.606677212717424	0.0746171976789724	84.2137103650416
300	1.65506460520309		3.12253812228858		0.894482612609863	1.65483510465756	2.7886438048504	0.593419317942017	0.0779933830337463	83.561574968266
298	1.57187409039879		3.02450528576624		0.900495111942291	1.57164458985325	2.7191103150146	0.577999568893847	0.0817914579084274	82.8339825342849
296	1.4767877870678		2.90531439268781		0.909423410892487	1.47655828652226	2.63767497284849	0.559795388636412	0.0863113563776561	81.9763624937047
294	1.37693771422459		2.77907181506725		0.92107892036438	1.37670821367905	2.55520102154104	0.538786655951146	0.0918285769108265	80.941532551461
292	1.27829633278281		2.65192080239173		0.934718489646912	1.27806683223727	2.47418868109023	0.516559970549253	0.0979847270968807	79.8022750967522
290	1.17163300313089		2.50805316380644		0.948803901672363	1.17140350258535	2.37497042172065	0.49322867008031	0.105224425159499	78.4829962619149
288	1.06014792056855		2.34939470496775		0.962523102760315	1.05991842002301	2.25659880204196	0.469697324603692	0.113279391185129	77.0407689409943
286	0.949340543386798		2.18698159526516		0.97529125213623	0.94911104284126	2.12813315745474	0.445982921471138	0.12209702383807	75.4923554642588
284	0.849253364221297		2.03452889812042		0.986907541751862	0.849023863675759	2.00302375230682	0.423871091242909	0.130612374933395	74.0265696811057
282	0.758008815025345		1.88840328835275		0.996903836727142	0.757779314479807	1.87763901313371	0.403580938177836	0.138588429036458	72.6794397628651
280	0.675725670212531		1.75019526888547		1.00535523891449	0.675496169666993	1.75460882379	0.384983912373074	0.145815770968767	71.4799481870794
278	0.60160086429534		1.61779660913619		1.00982344150543	0.601371363749802	1.6287077400918	0.369232213334914	0.152005020295513	70.4684923003631
276	0.540879125341195		1.50538608559854		1.01022160053253	0.540649624795657	1.51579037739473	0.356678359262908	0.15692381865366	69.6748722894972
274	0.487499306828904		1.40323828327233		1.00653350353241	0.487269806283366	1.40744137456913	0.346209664635259	0.160851706301985	69.047553257925
272	0.447836607097252		1.32440524678313		0.99854451417923	0.447607106551714	1.31755203037215	0.339726322933361	0.162986900882962	68.7089163569362
270	0.420673187100811		1.27109626719878		0.988452672958374	0.420443686555273	1.25154272000474	0.335940339738207	0.163756194280532	68.5873156210811
268	0.395644059698381		1.21742365999137		0.972882628440857	0.395414559152843	1.17961135038959	0.335207489333032	0.163058785623475	68.6975445479725
266	0.378144448867427		1.17995014482128		0.953488886356354	0.377914948321889	1.12036603401615	0.337313821418867	0.160799486754099	69.0558560316033
264	0.36186857307797		1.14167268678332		0.931065678596497	0.361639072532432	1.05837954724815	0.341691289738843	0.157448093087776	69.5908124726611
262	0.344679101711109		1.09816434192543		0.906938552856445	0.344449601165571	0.991493884365517	0.347404665421606	0.153227914037362	70.2703450329404
260	0.326229042275555		1.04997977027959		0.883175373077393	0.325999541730016	0.922959798297621	0.353210987446382	0.148686296646281	71.0090501484637
258	0.306600825801251		0.997575778789763		0.859192788600922	0.306371325255712	0.852871738099422	0.35922321208397	0.14415505021654	71.7538072736754
256	0.284899846273706		0.939180086579253		0.834685504436493	0.284670345728167	0.779802715335154	0.365054314546491	0.139902569698035	72.4598499400535
254	0.262383235645904		0.878684981840511		0.80953711271286	0.262153735100366	0.707334864745847	0.370621820252789	0.136475706877778	73.0338664670868
252	0.239845560259886		0.81872098214115		0.784095585346222	0.239616059714348	0.638087765802973	0.375522103002263	0.134145123453675	73.4268464667392
250	0.217016519823763		0.758127961753385		0.758817315101624	0.216787019278224	0.571537573724781	0.379304929797347	0.133409667580634	73.5512964852338
248	0.194666411575667		0.699126458998421		0.735633492469788	0.194436911030129	0.510672147830921	0.380747044568612	0.134483908077104	73.3695899564856
246	0.171332186205039		0.637398808793412		0.715051770210266	0.1711026856595	0.452245980021675	0.37833987081831	0.137982869416399	72.7808512105515
244	0.148465078142114		0.57633689955254		0.697206974029541	0.148235577596576	0.398386963014121	0.372089429019096	0.144270444059964	71.7347445223954
242	0.126459006376409		0.515633857192558		0.681808710098267	0.12622950583087	0.348200467987915	0.362519632900813	0.153429159768657	70.2377903228014
240	0.105917186504571		0.457320333560822		0.667849898338318	0.105687685959033	0.302127006438574	0.349812111154388	0.166231878063771	68.1974477806492
238	0.0859388008498428		0.396500886477184		0.657016694545746	0.0857093003043045	0.257266807388622	0.33315335613752	0.183217998032718	65.5815990916056
236	0.0695129410827136		0.342378833165613		0.649702370166779	0.0692834405371753	0.21923952465514	0.316017107983412	0.20190637055321	62.8193776366258
234	0.0543618938181199		0.288193584053513		0.645702123641968	0.0541323932725816	0.182902126683455	0.295963717066382	0.224820482945036	59.5908413333277
232	0.0417200948955506		0.238260951806745		0.644411623477936	0.0414905943500122	0.150359409910804	0.275942785188006	0.249394869524571	56.3125417716742
230	0.0310137383175425		0.191984293170552		0.644490897655487	0.0307842377720042	0.120553021547728	0.255358491863402	0.276870544104534	52.8602795914299
228	0.0224627299364885		0.151907380832217		0.646355271339417	0.0222332293909501	0.094997831986718	0.234039334645644	0.307764612834504	49.2306292891637
226	0.0162791570012969		0.120497438330772		0.649210751056671	0.0160496564557586	0.0750258427223008	0.213921708486027	0.338940412702422	45.8204750303566
224	0.011705955697015		0.0959749061564202		0.652522802352905	0.0114764551514766	0.0594070875064349	0.193183265384514	0.3746729803712	42.2014156478849
222	0.00848262454458106		0.0776394631144506		0.655378818511963	0.00825312399904271	0.047650444398138	0.173201406687515	0.414986947932777	38.46033405464
220	0.0061600481264019		0.0639092063257471		0.656985223293304	0.00593054758086355	0.0387466649989404	0.153059562184919	0.462148969667904	34.5025370042326
218	0.00448901789778848		0.0536842160940822		0.657121121883392	0.00425951735225013	0.0320356227648912	0.132961902551752	0.51769467389701	30.3602487897734
216	0.00331931112870446		0.0462235494673994		0.655903518199921	0.00308981058316612	0.0270827853029861	0.114087622399216	0.580552217167434	26.2692566046223
214	0.00249208888011779		0.0406822466178373		0.654084265232086	0.00226258833457944	0.0233831878777928	0.0967613289686752	0.649063468324703	22.4355402410503
212	0.00194090561091213		0.0366108787981071		0.652615189552307	0.00171140506537378	0.0206736326698926	0.0827820196237756	0.715298281378811	19.2620150841226
210	0.00156231893868831		0.0332366200072687		0.652986526489258	0.00133281839314997	0.0184820504045434	0.0721142061609314	0.771688557941151	16.9165361852818
208	0.00131826557586345		0.0302975964289246		0.655270755290985	0.00108876503032511	0.0166208467358541	0.0655059906169792	0.806583914707837	15.610473820732
206	0.00116859950552338		0.0276984313334906		0.661797821521759	9.39098959985034E-4	0.0150662830168986	0.0623311641585205	0.817119020251293	15.2363513788047
204	0.00107740568684175		0.0251183241794173		0.668592393398285	8.47905141303406E-4	0.0134959261059759	0.0628267474677382	0.800345257733661	15.8363372634883
202	0.00100356058673399		0.0225780934385299		0.687935590744019	7.74060041195644E-4	0.012138864653024	0.0637670872294316	0.770408891566968	16.9664549556738
200	9.11464067631773E-4		0.0198696066062434		0.715800225734711	6.81963522093429E-4	0.0106918104193726	0.0637837274833993	0.737939983267318	18.2835286541179
