Wavelength	I1	I1 dark	R1	R1dark	XCorrect	I1c	R1c	I1c/R1c	Abs	Percent T
nm	uA	uA	uA	uA		uA	uA	uA/uA	OD	T*100
	Abs Detector Raw	Dark Offset for Abs Detector	Ref Detector Raw	Dark Offset for Ref Detector	Linear interp	Dark subtracted Abs Detector	Corrected Ref Detector	Corrected Intensity 	-Log(T)	% Transmittance
800	0.141215984466857	2.43512308101375E-4	0.207706733026246	0.00496156027527956	1.35067892074585	0.140972472158755	0.273843631117706	0.514791859804697	4.36067572095336E-4	99.8996421231306
798	0.144210077167295		0.212317344885264		1.34199333190918	0.143966564859194	0.278270080279396	0.517362717237315	4.64765321016662E-4	99.8930410718907
796	0.156652073348659		0.230604909662044		1.33337259292603	0.156408561040557	0.300866657848344	0.519860067443556	4.61230299665436E-4	99.8938541733343
794	0.164863538769949		0.242254102883319		1.32502686977386	0.164620026461847	0.314418994952612	0.523568960859564	5.20322860285352E-4	99.8802629758846
792	0.158728485922759		0.233103202498741		1.31713449954987	0.158484973614658	0.300493227756484	0.527416124476163	5.36980720975143E-4	99.876432027835
790	0.149770232403257		0.220323759648194		1.30966234207153	0.149526720095155	0.282051762424408	0.53013928652628	5.25845974156552E-4	99.8789927627433
788	0.148295209292085		0.218558676418553		1.30193436145782	0.148051696983984	0.278089425015225	0.532388806139888	3.96396806160872E-4	99.908767904128
786	0.151838641971408		0.22379889871817		1.29363858699799	0.151595129663306	0.283096425285661	0.535489381437218	3.71646786788059E-4	99.914461769708
784	0.156066064821337		0.229950646893052		1.28498160839081	0.155822552513236	0.289106838392484	0.538979130966438	4.07164456004515E-4	99.9062908537903
782	0.1620620058069		0.238682841377203		1.27644824981689	0.161818493498799	0.298333120207513	0.542408745586953	2.51619310080697E-4	99.9420792932711
780	0.171811863937497		0.252901134701127		1.268270611763	0.171568351629396	0.314454475737327	0.545606327361394	2.48533374215236E-4	99.9427894472232
778	0.185449999716742		0.272801313836087		1.26044166088104	0.185206487408641	0.337596383828153	0.548603291624463	3.47591080149246E-4	99.9199962161456
776	0.202106459000772		0.296910101657844		1.25292003154755	0.201862946692671	0.365788175679303	0.551857495988743	2.12428914606779E-4	99.9510983955246
774	0.227553634573529		0.333900871468532		1.24577045440674	0.227310122265427	0.409782875177458	0.55470869095491	2.6759807815073E-4	99.9384022446452
772	0.289868165421944		0.424801887035486		1.23883104324341	0.289624653113843	0.520111229996	0.556851374111016	2.10659539449104E-4	99.9515056108085
770	0.387093352945439		0.566352466303862		1.23221707344055	0.386849840637337	0.691755459282679	0.559229183443647	8.49020265122022E-5	99.9804524967122
768	0.441805067509536		0.643448729118359		1.22665858268738	0.441561555201435	0.783205765597128	0.563787416535145	2.24140579315739E-4	99.9484030401452
766	0.401796187969697		0.583360125232484		1.22236526012421	0.401552675661596	0.707014312309382	0.567955511890516	3.36822978001064E-4	99.9224737103566
764	0.340335508893993		0.494373240517258		1.2186872959137	0.340091996585891	0.596439797182675	0.570203393858592	3.70083975997007E-4	99.9148213130283
762	0.319340309087749		0.465551948212988		1.214359998703	0.319096796779647	0.559322542898652	0.570505875064412	2.96354290475939E-4	99.9317851797452
760	0.329047307645153		0.479719520177862		1.20898902416229	0.328803795337051	0.573977162655904	0.57285170339463	2.78190960919862E-4	99.9359646754088
758	0.348892364938903		0.508229704084937		1.2031888961792	0.348648852630801	0.605526642432496	0.57577789018535	1.2921720814179E-4	99.9702510641512
756	0.374204507171745		0.544442078818169		1.19780671596527	0.373960994863643	0.6461933882431	0.578713743698903	4.76511290343313E-5	99.9890285239726
754	0.399007298210333		0.579846439333439		1.1931779384613	0.398763785902232	0.68593995484719	0.581339201900064	1.10981637337948E-4	99.9744487985026
752	0.421991296836755		0.612364912103892		1.18890511989594	0.421747784528654	0.722144954830989	0.584020952728749	-3.88971270695579E-5	100.008956795592
750	0.454058926713502		0.658042286494128		1.1848680973053	0.453815414405401	0.773814517461689	0.586465366266366	-6.66661424423131E-5	100.015351624821
748	0.499876230302398		0.72370690323614		1.18107759952545	0.499632717994296	0.84889402433431	0.588569012941399	-9.93756895111489E-5	100.022884716279
746	0.555427416298688		0.802572357327747		1.17750906944275	0.555183903990587	0.93919394741474	0.591128068402492	-1.76226361676895E-4	100.040585853169
744	0.604304255702995		0.871194248838216		1.174187541008	0.604060743394894	1.01711963052446	0.593893506001277	-9.80211944771038E-5	100.022572761385
742	0.656941566588858		0.944801531564115		1.17108881473541	0.656698054280757	1.10063607801761	0.596653214806077	-4.84447298097517E-5	100.011155433442
740	0.739170571692416		1.06106754580901		1.16803753376007	0.738927059384315	1.23357143073207	0.599014407253089	1.08482047336261E-4	99.9750242049657
738	0.850814334063693		1.21824847596708		1.16498303413391	0.850570821755591	1.41345867231761	0.601765611130981	9.41631262759259E-5	99.9783204892584
736	0.939174584259939		1.34031273146078		1.16204738616943	0.938931071951838	1.5517413380944	0.605082205971828	1.63902951746085E-4	99.962267071322
734	0.977442864136323		1.39125638604238		1.15931880474091	0.977199351828222	1.60715766042681	0.608029551729671	2.68727120978018E-4	99.9381424334013
732	0.984087713963287		1.39919795339346		1.15665113925934	0.983844201655186	1.61264511249697	0.610081036448145	1.88482583545474E-4	99.9566096975996
730	0.981887596784579		1.39669972342297		1.15388596057892	0.981644084476477	1.60590712725801	0.611270768909641	4.02364992731351E-5	99.9907356328269
728	0.98171243321106		1.39914716359874		1.15089321136475	0.981468920902958	1.60455874624743	0.611675280321342	-8.14067870730875E-6	100.001874478112
726	0.991188790289893		1.4165141398477		1.1476241350174	0.990945277981792	1.61993180816337	0.611720365627794	-3.44936600221567E-5	100.007942774159
724	1.00649024042406		1.44231733432467		1.14410185813904	1.00624672811596	1.64448141189679	0.611893038642091	-8.4112428284472E-5	100.019369477992
722	1.01247655509741		1.45382963774547		1.14027833938599	1.01223304278931	1.65211288536708	0.612689999427251	-1.22849317127002E-4	100.028291101808
720	0.991705589299059		1.42573989908818		1.13600122928619	0.991462076990957	1.61400593943465	0.614286510827986	-5.78903053932936E-5	100.013330623871
718	0.930707153873851		1.33846584181972		1.13137769699097	0.93046364156575	1.50869700298135	0.616733273630858	2.80842402527825E-5	99.9935335737869
716	0.823372620306157		1.18385697830177		1.12621939182281	0.823129107998055	1.32769488071249	0.619968578591138	1.17657054310225E-4	99.9729121314917
714	0.694270054904056		0.998402487465659		1.12039887905121	0.694026542595955	1.11305010122769	0.623535761625145	4.33598609132366E-5	99.9900165214451
712	0.568347483080558		0.819299925315106		1.11375534534454	0.568103970772457	0.906973706982243	0.626373142241023	5.8311107336474E-5	99.9865742726806
710	0.468660509601934		0.679132535738469		1.10628998279572	0.468416997293833	0.745828596846542	0.628049124523194	5.36793824559614E-5	99.9876406292487
708	0.395606113226365		0.57778403699793		1.09837675094604	0.395362600918264	0.629174890851491	0.628382674939875	4.82384087599513E-5	99.9888933127461
706	0.34230714188172		0.505010919612935		1.09038031101227	0.342063629573618	0.545243975956078	0.627358842385767	-1.54911268026014E-4	100.035676000021
704	0.303145346994257		0.452627545493636		1.0826700925827	0.302901834686156	0.484674573662484	0.624959201794418	3.87661415479057E-6	99.9991073805875
702	0.2809086045294		0.424398043042959		1.07555782794952	0.280665092221299	0.451128192368393	0.622140440276689	-6.18064722154604E-5	100.014232478879
700	0.269907060383907		0.412054404481442		1.0694442987442	0.269663548075806	0.435363121295841	0.619399151846308	-4.77582545496461E-5	100.010997349163
698	0.274311648073827		0.421420788721359		1.0649927854538	0.274068135765725	0.443526073730729	0.617930155628496	-9.02711499088423E-5	100.020787860787
696	0.294091504562173		0.452587799094869		1.06259047985077	0.293847992254072	0.475643379901102	0.617790564677195	-3.88059038403155E-5	100.008935788788
694	0.321871754390133		0.494692870948109		1.06203079223633	0.321628242082032	0.520109731856801	0.618385356747342	-1.28776295586044E-4	100.029656234447
692	0.346901584307209		0.532168196420924		1.06277585029602	0.346658071999108	0.560302481011392	0.618698084958256	-5.82391353835299E-5	100.013410955685
690	0.364171461252362		0.557588496612318		1.06392598152161	0.363927948944261	0.587954155657662	0.618973342466107	-1.66288576286159E-4	100.038296691
688	0.376358614829153		0.575862251727288		1.06461536884308	0.376115102521052	0.607789650202949	0.61882446072496	-1.07375625159492E-4	100.024727208055
686	0.382906163936291		0.585856087746925		1.0645604133606	0.38266265162819	0.618397318284123	0.618797398232531	-1.23421154657995E-4	100.028422809603
684	0.380625053410738		0.58235328838348		1.06376242637634	0.380381541102637	0.614207625662009	0.61930449120141	-1.17981169360777E-4	100.02716985852
682	0.375755114770529		0.575290822591388		1.06245732307434	0.375511602462428	0.605950501311336	0.619706727941943	-1.7307131894317E-4	100.039859085526
680	0.376892314167841		0.577545676098003		1.06094348430634	0.376648801859739	0.607479386899422	0.620019065638024	-1.50128064182798E-4	100.034574239776
678	0.384110039969078		0.589162313319652		1.05921316146851	0.383866527660977	0.618793126564411	0.620347109852746	-6.99953325771581E-5	100.016118319799
676	0.391784303854429		0.601373950538923		1.05730748176575	0.391540791546328	0.630591282443543	0.620910568298861	-6.16069564540152E-5	100.014186532149
674	0.398651591729821		0.612339371637685		1.05524814128876	0.398408079421719	0.640934306500212	0.621605171358678	-1.12032654976494E-5	100.002579680486
672	0.404738856109794		0.622025875200054		1.05312037467957	0.404495343801693	0.649843002534968	0.622450872324238	2.84418890215133E-5	99.9934512274737
670	0.41087992999883		0.631970392677408		1.0509113073349	0.410636417690728	0.658930671770249	0.623186072955951	5.72189453423077E-5	99.9868257188264
668	0.414811306325894		0.63837516590621		1.0485315322876	0.414567794017793	0.664154138484011	0.624204186943831	-1.65756042543267E-5	100.003816746762
666	0.418497225195443		0.644248287525809		1.04595601558685	0.418253712887342	0.668665798052522	0.625504869705462	-1.2531313432326E-4	100.028858578792
664	0.421561115258884		0.649456961516226		1.04322910308838	0.421317602950783	0.672356359381178	0.62662841969481	-5.69706951814013E-5	100.013118847792
662	0.42627450360675		0.657130495726287		1.04042720794678	0.426030991298648	0.678534304620914	0.627869495171162	-1.46638789763063E-4	100.033770530096
660	0.433442344764632		0.668443580092703		1.03775990009308	0.433198832456531	0.688535034599283	0.629160188934533	-1.64297013649389E-4	100.037837942189
658	0.441951864078774		0.682054261801013		1.03528940677643	0.441708351770673	0.700986901295225	0.630123545753167	-3.58068135328198E-5	100.008245163402
656	0.454409703994815		0.701455318852396		1.03309750556946	0.454166191686714	0.719545964630715	0.631184405182233	-1.48993351894552E-4	100.034312872623
654	0.471951752874916		0.728879287553851		1.03115320205688	0.471708240566815	0.746470082509041	0.631918480887144	-1.16522126787172E-4	100.026833810838
652	0.490092901789244		0.757053211086293		1.02945709228516	0.489849389481143	0.774246083975849	0.632679195438362	-1.57542369598029E-4	100.03628205152
650	0.499226560505189		0.771311662567405		1.02793705463409	0.498983048197088	0.787759666968704	0.633420406146423	-1.86584000729416E-4	100.042971784094
648	0.501446680735576		0.774975141861848		1.02666783332825	0.501203168427474	0.790548175440806	0.633994466115877	-1.09140167035513E-4	100.025133610129
646	0.502366772284634		0.776814631600592		1.02560043334961	0.502123259976532	0.791612844433467	0.634304083754334	-1.43082786737088E-4	100.032951456981
644	0.506874528309102		0.784222542337593		1.02465677261353	0.506631016001001	0.798475042903616	0.634498248259158	-9.40094478579905E-5	100.021648818342
642	0.516613378978195		0.79963303025209		1.02378344535828	0.516369866670094	0.813571495460785	0.634695130730503	-1.39263503976414E-4	100.032071748711
640	0.529068079856163		0.819294281089055		1.02288675308228	0.528824567548062	0.832970152721857	0.634866166356678	-1.57822818766655E-4	100.036346650778
638	0.542630966459683		0.840639517820169		1.02184903621674	0.542387454151582	0.853936715504816	0.63516118267727	-8.3121845666915E-5	100.019141343995
636	0.55714104696811		0.863454305326662		1.02063095569611	0.556897534660009	0.876204270839966	0.635579571104057	-7.27686621508178E-6	100.001675574405
634	0.571718533787303		0.886291096006895		1.01923584938049	0.571475021479201	0.898282657935529	0.636186189759679	-4.72356523602779E-5	100.010877002401
632	0.584955337018103		0.906927623634397		1.0177036523819	0.584711824710001	0.917934157005095	0.636986673006826	-6.83667455358863E-5	100.015743264035
630	0.598355001271201		0.927966932327183		1.01619136333466	0.598111488963099	0.937950087390635	0.637679442652474	-9.68925182342157E-5	100.022312815749
628	0.613613333729763		0.951904208232511		1.01451146602631	0.613369821421661	0.960684174021923	0.638471870368985	-5.17720415861257E-5	100.011921663693
626	0.629334793933056		0.976428255986081		1.01275491714478	0.629091281624955	0.983857672923501	0.639412893691859	-1.08569944872929E-4	100.02500227871
624	0.644903675706784		1.00072374600131		1.01092803478241	0.644660163398682	1.00664390952665	0.640405368072827	-1.50693365772864E-4	100.034704450366
622	0.657441530881294		1.02038949665515		1.0092089176178	0.657198018573193	1.0247789285928	0.641307115355738	-1.13346840672512E-4	100.026102480672
620	0.667542086260856		1.03628751447492		1.00772297382355	0.667298573952755	1.03929085754747	0.642071051724108	-1.03388745643032E-4	100.023808972336
618	0.676025224654694		1.04963127662863		1.0068142414093	0.675781712346592	1.05178834799357	0.642507319686262	-1.64520756090176E-4	100.037889480297
616	0.682742717913985		1.06024769840018		1.00664889812469	0.682499205605883	1.06230262814969	0.642471540143558	-1.74832255182145E-4	100.040264718518
614	0.691219805587631		1.07360505918665		1.00700271129608	0.69097629327953	1.07612690081268	0.642095549100865	-1.84913321815738E-4	100.042586931491
612	0.698588644669515		1.08543784264767		1.00780045986176	0.698345132361414	1.08890449424461	0.641328175292237	-7.42156669658525E-5	100.017090249059
610	0.706836968916342		1.09839984943181		1.00835275650024	0.70659345660824	1.1025715129339	0.640859525499641	-1.13972050442935E-4	100.026246478222
608	0.717175012393099		1.11470928723285		1.0085117816925	0.716931500084998	1.11919365734319	0.640578594581114	-9.13410370361807E-5	100.021034262917
606	0.729154231095233		1.13352394169869		1.00798010826111	0.728910718787131	1.13756843140658	0.640762083988078	-7.80999881211861E-5	100.017984803913
604	0.743278086629617		1.15541541438954		1.00688087940216	0.743034574321515	1.15836998834217	0.641448398870321	-9.31996363576682E-5	100.02146231216
602	0.758694610005515		1.17935404710638		1.00539457798004	0.758451097697414	1.18072783868049	0.642358952546605	-7.94509366274434E-5	100.018295927731
600	0.775424849196477		1.20525067999851		1.00393652915955	0.775181336888376	1.20501409284291	0.643296490466385	-3.89815154353936E-5	100.008976228474
598	0.794320456115603		1.23439544245529		1.00287997722626	0.794076943807501	1.23297462376188	0.644033484959101	-9.60584912462545E-6	100.002211852961
596	0.81328632548562		1.26376761824125		1.00218975543976	0.813042813177518	1.261562535379	0.644472858361526	3.56153179705483E-5	99.9917996062266
594	0.833354301174475		1.29498216737189		1.00178515911102	0.833110788866374	1.29232349913678	0.644661177656259	1.28529871182046E-4	99.9704092823779
592	0.854585763186806		1.32750519367016		1.00154709815979	0.854342250878705	1.32458973821635	0.644986312538655	2.67955340621456E-5	99.9938302906054
590	0.871679967220064		1.35378250923899		1.00122630596161	0.871436454911962	1.35047501613457	0.645281433940373	3.64817982498668E-5	99.9916001083291
588	0.88753798351412		1.37822077940501		1.00070452690125	0.887294471206019	1.37422671719199	0.64566818568268	7.34746119182746E-5	99.9830832764274
586	0.902226099910507		1.40061788746981		0.999973237514496	0.901982587602406	1.39561897596231	0.646295731956833	6.57252501903734E-5	99.9848673469693
584	0.916101382142662		1.42150401043323		0.999053955078125	0.915857869834561	1.41520233736636	0.647156838038396	-1.92420739002507E-5	100.004430749407
582	0.929236803843105		1.44148881992369		0.998229086399078	0.928993291535004	1.4339832939862	0.647841083944972	-6.43254009702968E-5	100.01481256789
580	0.943311813552489		1.46290490016038		0.997582137584686	0.943068301244388	1.45441823347994	0.648416170490342	-4.58870000514098E-5	100.010566430436
578	0.958890194532722		1.48680315445942		0.997147619724274	0.95864668222462	1.47761481844914	0.648779824251349	4.29341774694433E-6	99.9990114089164
576	0.973330342485276		1.50899735725159		0.996688485145569	0.973086830177174	1.49905516009303	0.649133438236378	4.70812929247973E-5	99.9891597192761
574	0.98961955445632		1.53378853024824		0.996220171451569	0.989376042148219	1.52304826614624	0.64960255307708	3.1972916591157E-5	99.992638234879
572	1.00828482690371		1.5622746592848		0.9957315325737	1.00804131459561	1.55066575877385	0.650070015986354	7.98435274155237E-5	99.9816170382736
570	1.02821943009554		1.59252136814832		0.995352268218994	1.02797591778744	1.58018125569974	0.650543039970581	4.98164968963773E-5	99.9885299855426
568	1.04648360299619		1.62034737511721		0.995181918144226	1.04624009068809	1.60760275375736	0.650807600473917	9.95167583105228E-5	99.9770880447706
566	1.06535608064295		1.64876454175171		0.995282471179962	1.06511256833485	1.63604829353685	0.651027584297199	5.21010055504189E-5	99.9880040197042
564	1.08775962883224		1.68274098448704		0.995623111724854	1.08751611652414	1.67043597112164	0.651037295248082	7.71194247736717E-5	99.9822441727472
562	1.11139376570069		1.71830119186448		0.996170461177826	1.11115025339259	1.70677833095446	0.651022006338232	2.81521359620652E-5	99.9935179412343
560	1.13899351046346		1.76001251493999		0.99668163061142	1.13874999815535	1.74922704730136	0.651001823869678	-8.43719705202124E-6	100.001942755287
558	1.16805429251286		1.80369985485332		0.997178435325623	1.16781078020476	1.79366303814761	0.651075901865497	-8.66659614270614E-7	100.00019955595
556	1.19617146464172		1.84603365595369		0.997675478458405	1.19592795233362	1.83679248393238	0.651095843866513	8.8730344569259E-6	99.997956929184
554	1.22490540068413		1.88908423805706		0.99818366765976	1.22466188837603	1.88070048482915	0.651173272009491	1.09802474895737E-5	99.9974717365424
552	1.25209612719902		1.92978959189832		0.998678505420685	1.25185261489092	1.92228438181313	0.651231746319526	-1.01524069943303E-6	100.000233768083
550	1.28073028754603		1.97247364568284		0.999059557914734	1.28048677523793	1.96566175423917	0.65142783211629	2.00914769348204E-5	99.9953738734799
548	1.31064127558569		2.01696945605192		0.999196529388428	1.31039776327759	2.01039130656213	0.651812290970575	2.18120586347797E-5	99.994977714015
546	1.33927411452157		2.0592673452872		0.99907249212265	1.33903060221347	2.05240040021384	0.652421721450629	5.68232904100613E-5	99.9869168097807
544	1.36473926822841		2.09660596086066		0.998806416988373	1.36449575592031	2.08914784936247	0.653135083922711	9.52898699929445E-5	99.978061103512
542	1.38839694391513		2.13080595584119		0.998482644557953	1.38815343160703	2.12261873400335	0.653981522620839	7.08374716085898E-5	99.9836903995448
540	1.40765368456084		2.15828060661031		0.99831360578537	1.40741017225274	2.14968770155304	0.654704481602587	1.13165243487639E-4	99.9739461343392
538	1.42871617593176		2.18852878275898		0.998360693454742	1.42847266362366	2.17998768644387	0.655266390955569	1.31460801474877E-4	99.9697346127137
536	1.45080123809937		2.21995745206699		0.998661279678345	1.45055772579127	2.21203063177898	0.655758426195339	1.02262396362364E-4	99.9764559850945
534	1.47118335349644		2.24863074052663		0.999168038368225	1.47093984118834	2.24180253357899	0.656141573200926	1.42026047483275E-4	99.9673026407769
532	1.49076906630881		2.27582212713673		0.999805629253387	1.4905255540007	2.27041917799762	0.65649795793007	1.14543833622834E-4	99.9736287854368
530	1.50847528327907		2.30009260311397		1.0004802942276	1.50823177097097	2.29623338103015	0.656828606112475	1.58541490695199E-4	99.9635011351473
528	1.52695411987516		2.32554262498493		1.00102841854095	1.52671060756705	2.32296759330239	0.657224238499446	1.98819397522474E-4	99.9542306192848
526	1.54665274162261		2.35235611364732		1.0014044046402	1.54640922931451	2.35069124517517	0.657852975157218	2.01305482680078E-4	99.9536584406634
524	1.5693719846959		2.3836117629365		1.00163662433624	1.56912847238779	2.3825431594703	0.658593934028315	1.99060028311494E-4	99.954175237373
522	1.59190688084609		2.41418459728699		1.00181710720062	1.59166336853798	2.41360085354017	0.659455918820794	1.84277892508987E-4	99.9575774480843
520	1.61820826745974		2.45055531979791		1.0020604133606	1.61796475515164	2.45063269357934	0.66022328004956	2.10261369074062E-4	99.9515972485069
518	1.64799692456727		2.49202591777673		1.00242054462433	1.64775341225917	2.49308440776236	0.660929652894542	2.34418798115956E-4	99.9460376419145
516	1.68565387021758		2.54514904500587		1.00289297103882	1.68541035790948	2.54753617355708	0.661584465572543	2.77282088176127E-4	99.9361738173004
514	1.72543232220708		2.60084658140441		1.00349617004395	1.72518880989897	2.60496067657752	0.662270576830964	2.95404091857252E-4	99.9320038220537
512	1.76847406275775		2.66127211338952		1.00418245792389	1.76823055044964	2.66742046023542	0.662899073021875	3.40901139563736E-4	99.9215354113562
510	1.81832149175778		2.73156833381175		1.00497353076935	1.81807797944968	2.74016763622057	0.663491516145815	3.72797076319976E-4	99.9141971326656
508	1.88191080180643		2.82177197602944		1.00580215454102	1.88166728949833	2.83315398509911	0.66415990779001	3.49151181188663E-4	99.9196372776454
506	1.95386688306187		2.92425363089338		1.00663805007935	1.95362337075377	2.9386704775791	0.664798379287214	3.89798136493389E-4	99.9102859293211
504	2.03328653240273		3.03733511725794		1.00742840766907	2.03304302009463	3.05489926396883	0.66550247468827	4.33611217489698E-4	99.9002071536576
502	2.12165924323125		3.16215182086076		1.00814700126648	2.12141573092315	3.18291189363699	0.666501556378017	4.67641210456323E-4	99.8923795843455
500	2.21455484710811		3.29370442287416		1.00866842269897	2.21431133480001	3.31725107588013	0.6675139397498	4.6442255441909E-4	99.8931199124303
498	2.33284945356902		3.46252942708238		1.00904226303101	2.33260594126092	3.48883210490633	0.668592202525477	5.4274385938275E-4	99.8751066647316
496	2.50589548070959		3.71162114239566		1.00876116752625	2.50565196840149	3.7391342476821	0.67011554077117	5.57142716255532E-4	99.8717954010923
494	2.71796424939346		4.01643123150973		1.00816118717194	2.71772073708536	4.04420802605594	0.672003200521755	6.38200076538591E-4	99.8531569218512
492	2.89178885074967		4.26136708990601		1.00794267654419	2.89154533844157	4.29021278199349	0.673986462997293	6.68751380802471E-4	99.8461328011067
490	2.96174685339982		4.35163574677188		1.00791668891907	2.96150334109172	4.38108545386363	0.675974794894722	7.11984807145057E-4	99.8361937487938
488	2.99848966087019		4.39358210890896		1.00887954235077	2.99824614856209	4.42758949065672	0.677173472131756	6.86271122646068E-4	99.8421050198188
486	3.09588028303963		4.52555412010037		1.00954282283783	3.09563677073153	4.56373177374551	0.678312601222595	6.99196615081593E-4	99.8391335586949
484	3.30517407126583		4.81803128201763		1.01009511947632	3.30493055895773	4.86165823563119	0.679794917449324	7.02842035028873E-4	99.8382955235444
482	3.49554991523169		5.07907214767378		1.01073944568634	3.49530640292359	5.12860372245835	0.681531775913493	7.31958863122794E-4	99.831602191799
480	3.57179005652861		5.17156564095654		1.01162850856781	3.57154654422051	5.22668398049994	0.683329345632044	7.06998368479498E-4	99.8373400445342
478	3.54994576950652		5.12268667386669		1.0127238035202	3.54970225719842	5.18284204240716	0.684894933735965	7.19266138576283E-4	99.8345199206612
476	3.64605482673968		5.24623761087301		1.01399922370911	3.64581131443158	5.31464984655123	0.685992759578961	7.10631458868068E-4	99.8365048587824
474	3.91033165673837		5.61172354202979		1.01552999019623	3.91008814443027	5.69383494036374	0.686723128679329	7.23080941325744E-4	99.8336429872801
472	4.37176461143754		6.25612962343924		1.01726651191711	4.37152109912944	6.35910393102246	0.687442939531663	8.06288199448594E-4	99.8145175129005
470	4.89806679683454		6.99153443495383		1.01911818981171	4.89782328452644	7.12014350102998	0.687882664698813	8.33672143231896E-4	99.8082240206297
468	5.33928461733715		7.60009453506121		1.02110064029694	5.33904110502904	7.75539514369428	0.688429281307489	9.04071961067013E-4	99.7920462619631
466	5.47974396247902		7.76680534982475		1.02326714992523	5.47950045017092	7.94243977269715	0.689901416565625	8.94969864012301E-4	99.7941377608117
464	5.30536799149611		7.48171044862019		1.02553856372833	5.30512447918801	7.66769431631064	0.691880017687064	9.01296857340594E-4	99.7926839264414
462	5.1057517300867		7.17598637757617		1.027627825737	5.1055082177786	7.36914464130898	0.692822364913129	9.80106643515125E-4	99.7745765664137
460	4.94704934058413		6.94046571445477		1.02919805049896	4.94680582827603	7.13800735470898	0.693023358264347	9.93775274885228E-4	99.77143639194
458	4.79489234412181		6.72033102783438		1.03004312515259	4.7946488318137	6.91712015291885	0.693156794419782	0.00104516847030889	99.7596304175091
456	4.60044388054332		6.45019207871849		1.03006207942963	4.60020036823521	6.6389875502309	0.692906912903492	0.00105774665984794	99.7567411858442
454	4.42078776309712		6.20998646444393		1.02918720245361	4.42054425078902	6.38613222227634	0.692209947575016	0.00107473344868205	99.752839424186
452	4.28185313230462		6.03472120635519		1.02735614776611	4.28160961999652	6.19471064195222	0.691171850869083	0.00109908670653813	99.7472458958069
450	4.12121944886445		5.82954578725316		1.02460694313049	4.12097593655635	5.96790943980989	0.690522531904845	0.0011456868389478	99.7365435136923
448	3.86728664958615		5.49015564700773		1.02102768421173	3.86704313727805	5.60053501582832	0.690477450163056	0.00119526182698603	99.7251591743487
446	3.51839887265992		5.01489344431694		1.01675081253052	3.51815536035182	5.09385231382191	0.690666934101227	0.00129609820622881	99.70200724158
444	3.25113368573958		4.65193793307193		1.0121191740036	3.25089017343148	4.7032938880492	0.691194352471107	0.00129687877854447	99.7018280439158
442	3.11319031715015		4.46647156418411		1.00782012939453	3.11294680484205	4.49639958943439	0.692319875697175	0.00137219221723906	99.6845396905392
440	3.06267906491058		4.39807164258242		1.0045450925827	3.06243555260247	4.41307717435723	0.693945614728235	0.00146833634742346	99.6624739656069
438	3.03373886727231		4.35419319060932		1.00285410881042	3.03349535496421	4.36164481064875	0.695493440354903	0.00155220474043794	99.643229593734
436	3.00697727069956		4.30910711412931		1.00277864933014	3.00673375839145	4.31610526501407	0.696631238993114	0.00159540318653833	99.6333187641185
434	2.97665303986369		4.25580732186182		1.00421047210693	2.97640952755559	4.26874382909658	0.697256534174717	0.00171345977154103	99.6062385885996
432	2.96173993689594		4.22089740012631		1.00665414333344	2.96149642458784	4.24398928121397	0.697809591013086	0.00178999827592686	99.5886858885348
430	2.96811885776889		4.21466535913559		1.00962591171265	2.96787534546079	4.25022603596453	0.698286472377525	0.00187617749683845	99.568925969301
428	2.98246816923499		4.22042912131959		1.01240730285645	2.98222465692689	4.26777014375571	0.698778180753305	0.00198463206486996	99.544064136928
426	2.97911824249056		4.20471167997614		1.01423370838165	2.97887473018246	4.2595281381805	0.699343831886252	0.00196895658802557	99.5476571570984
424	2.96059877479112		4.17572424356854		1.01462960243225	2.96035526248302	4.23177928318911	0.699553323644062	0.00207126918868431	99.5242081368935
422	2.93870739060125		4.15081047169543		1.01337480545044	2.93846387829315	4.20129883403731	0.699417964389214	0.00213272053601514	99.5101267606226
420	3.40873567485593		4.83084748313829		1.01114857196808	3.40849216254783	4.87968765938379	0.698506216067578	0.00228373486068367	99.4755307829599
418	3.26402448158651		4.64796460789249		1.0079870223999	3.26378096927841	4.68008681696135	0.69737615923063	0.00228725834769183	99.474723728454
416	3.07199472649445		4.40152234813504		1.00422537326813	3.07175121418635	4.41513789828448	0.695731658886551	0.00240689858554863	99.4473240239341
414	2.89869474671817		4.18099867958262		1	2.89845123441007	4.17603711930734	0.694067402085454	0.00247792260747391	99.4310618523016
412	2.74822676392097		3.99112025504836		0.995681941509247	2.74798325161287	3.96894622837563	0.692370995597372	0.00251850022302223	99.4217721028605
410	2.63076515550361		3.84369170827418		0.991583049297333	2.6305216431955	3.80641974558235	0.691075030873417	0.0025931323533185	99.4046882543689
408	2.52910594204263		3.71448700908342		0.988153755664825	2.52886242973453	3.66558150397401	0.689893930060723	0.00273822782530857	99.3714832248846
406	2.44698339110124		3.60888012473978		0.985654711723328	2.44673987879314	3.55221931373161	0.688791896754494	0.00288210260937302	99.33856850145
404	2.38870824973254		3.53463520560286		0.98426741361618	2.38846473742444	3.47414274979577	0.687497581256511	0.00304006152907932	99.3024442577094
402	2.35861295932545		3.49710957586999		0.984128773212433	2.35836944701735	3.43672334246345	0.686226155558643	0.00320204670872541	99.2654128758048
400	2.37351082059404		3.52166323788125		0.985299050807953	2.37326730828594	3.4650028249199	0.684925071696242	0.00334754113567057	99.2321632122514
398	2.41544769054366		3.58234180209192		0.987817049026489	2.41520417823556	3.53379719371698	0.683458627034325	0.00352716192172454	99.1911300551596
396	2.46182361320991		3.64480760018216		0.991658091545105	2.46158010090181	3.60948277745207	0.681975854346489	0.00362045532857171	99.1698245010529
394	2.4889330711094		3.67596261470611		0.996615350246429	2.4886895588013	3.65857600161659	0.680234484045606	0.00372122331884344	99.1468171061225
392	2.49593708231188		3.67508191158463		1.0025714635849	2.49569357000378	3.67955793214494	0.678259077863997	0.00388453462920844	99.1095411256315
390	2.49972357155457		3.66816957762787		1.0093150138855	2.49948005924646	3.6973308508997	0.67602282837043	0.00404885260802877	99.0720495163869
388	2.51220235568439		3.67286631344895		1.01699423789978	2.51195884337629	3.73023799914284	0.673404443350131	0.00415988054619433	99.0467248578575
386	2.52744361294771		3.68118554681415		1.02549052238464	2.52720010063961	3.7699328563587	0.670356793325115	0.00432758512282093	99.008484946829
384	2.55469891801458		3.70672534407537		1.03449034690857	2.55445540570648	3.82943890087694	0.667057360576118	0.00449904370456758	98.9694043125092
382	2.58826119815391		3.74258072479148		1.04369103908539	2.58801768584581	3.90091962951937	0.663437838160402	0.00465949654204149	98.9328461951506
380	2.61891056570722		3.77552925737467		1.0526317358017	2.61866705339912	3.96901921995554	0.65977686382392	0.00484260487153241	98.8911426724171
378	2.63706977217763		3.79201902537518		1.06117713451386	2.63682625986953	4.01873878905402	0.656132781521294	0.00506633499273265	98.8402112645287
376	2.63882606367452		3.78586875928648		1.06922745704651	2.63858255136642	4.04264978972758	0.652686403376095	0.00527076388256843	98.7936966513725
374	2.6379064567446		3.77701100785703		1.07646524906158	2.6376629444365	4.0604801480637	0.649593853006352	0.00543502044230604	98.7563384875997
372	2.63804045820891		3.77126942584872		1.08239138126373	2.63779694590081	4.0766191728825	0.647055031151137	0.00569678140662329	98.6968333208878
370	2.64247301922636		3.77271939654605		1.08660447597504	2.64222950691825	4.09406252928184	0.645380838231052	0.00594384441489464	98.6407022785804
368	2.64905280435631		3.77786827836142		1.08728444576263	2.64880929204821	4.1022227898884	0.645700984007324	0.00618248489834845	98.5865150861578
366	2.66230222080728		3.79320927439387		1.08414971828461	2.66205870849918	4.10702769205397	0.648171599536464	0.00641755807309443	98.5331670121259
364	2.67781896635075		3.81316246034929		1.07767069339752	2.67757545404264	4.10398650457983	0.652432811622215	0.00670146956626385	98.4687739383578
362	2.70423867327643		3.84881362964043		1.06871128082275	2.70399516096833	4.10796806834442	0.658231786611252	0.00698351842366073	98.4048449919481
360	2.7336580213034		3.88912876619809		1.05907070636749	2.7334145089953	4.11360770642612	0.664481084262183	0.00723425016397617	98.348049204459
358	2.77034723502399		3.93995747693249		1.04836678504944	2.77010372271589	4.12531901832859	0.671488364998793	0.00751903503279808	98.283579457661
356	2.80652464210599		3.9905174132539		1.03684234619141	2.80628112979789	4.13239308147924	0.679093463391761	0.00782180107420187	98.2150854714474
354	2.84396545738607		4.04318558443016		1.02479386329651	2.84372194507797	4.13834719857046	0.68716369328806	0.00812181019201622	98.1472622606686
352	2.88215403633504		4.09762436106811		1.01273274421692	2.88191052402694	4.14477362940142	0.69531192333009	0.0084594347191687	98.0709913264177
350	2.91183708553284		4.1405935747636		1.00126516819	2.91159357322474	4.14086428455861	0.703136681895649	0.00878582593406704	97.9973143950244
348	2.93792315720595		4.17912237587918		0.990810453891754	2.93767964489785	4.13580217232567	0.710304681533139	0.00913557970145008	97.9184252228466
346	2.95986047157142		4.21245276392959		0.981342911720276	2.95961695926332	4.12899166883157	0.71678927850703	0.00956043749498881	97.8226812847485
344	2.9792535086033		4.24301086195202		0.972720801830292	2.9790099962952	4.1224387149233	0.722632937030969	0.00991179325690452	97.743572144414
342	2.99244618921465		4.26543000248743		0.964752793312073	2.99220267690655	4.11029883044211	0.727976918550397	0.0102697830838584	97.6630351165758
340	3.00194661642278		4.28358359128208		0.957048177719116	3.00170310411468	4.09484741792392	0.733043944684155	0.0106564423049692	97.5761228727901
338	3.00206482687153		4.28938623530186		0.950148642063141	3.00182131456343	4.07084028699832	0.737395992702247	0.0110654341446456	97.4842749350708
336	2.99914209983243		4.29274311517126		0.944044172763824	2.99889858752432	4.04785519098377	0.740861134114704	0.0114787032017944	97.3915542726213
334	2.98126820830228		4.27702098388643		0.938558220863342	2.98102469599418	4.00957649204696	0.743476200518204	0.0119192704463922	97.292806132306
332	2.95347921915551		4.25054442637504		0.933434963226318	2.95323570684741	3.96297548649212	0.745206655179568	0.0123794269282376	97.1897741859007
330	2.9103599200114		4.20574624296029		0.928119659423828	2.9101164077033	3.89883084900645	0.746407454030711	0.012824952840249	97.0901220788804
328	2.84788912436258		4.13783249323166		0.923022568225861	2.84764561205448	3.81473314268341	0.746486190656931	0.0132885982756621	96.9865256172309
326	2.77451498403077		4.05778596767261		0.918195605278015	2.77427147172267	3.7212855598357	0.745514265732716	0.0137889871695997	96.8748432573818
324	2.69344620749924		3.96975709595404		0.913534343242645	2.69320269519114	3.62197688577767	0.7435725793189	0.0143038158095989	96.7600722981459
322	2.6079477019815		3.87704578528934		0.908978700637817	2.6077041896734	3.51964208761347	0.740900388380563	0.014940974527901	96.6182185019921
320	2.52548631315084		3.78681710645066		0.904343068599701	2.52524280084274	3.42009484962904	0.738354610579482	0.0155566440957373	96.4813465052467
318	2.4502577441155		3.70368455063049		0.899914681911469	2.4500142318074	3.32853512334415	0.736063806154431	0.0160268702057894	96.376939246555
316	2.38243177758965		3.63144676771602		0.895963847637177	2.38218826528155	3.24919963985791	0.733161556482791	0.016702209871129	96.2271869640057
314	2.32433798143506		3.57217614051145		0.892610192298889	2.32409446912696	3.18413209243601	0.729898886622169	0.0174658906274498	96.0581259219539
312	2.27868458806279		3.53003617241811		0.88999992609024	2.27844107575469	3.1373161442697	0.72623891599712	0.0181706623770273	95.9023695053292
310	2.22802450525741		3.48084838208731		0.888025283813477	2.22778099294931	3.08667538144315	0.721741264514744	0.0189687628773671	95.7262921038867
308	2.17397743516087		3.42674510593631		0.887133359909058	2.17373392285277	3.0355783337438	0.716085596833171	0.019753733318602	95.5534268123201
306	2.11538242074657		3.36668086545366		0.887335538864136	2.11513890843847	2.98297301117042	0.709070749389232	0.0206436199981506	95.3578344941458
304	2.05459226229807		3.30310504295379		0.888603985309601	2.05434874998997	2.93074344283101	0.700965058888105	0.0215084211651246	95.1681394404221
302	1.98950720152298		3.2356660734967		0.891015827655792	1.98926368921488	2.87860885575929	0.691050361091928	0.0225290757688722	94.9447432108064
300	1.91648553189288		3.15495991659262		0.894482612609863	1.91624201958478	2.81761875947551	0.680092724801947	0.023564673400874	94.718612282437
298	1.83933228268945		3.06760154780106		0.900495111942291	1.83908877038135	2.75789233840597	0.666845744763309	0.0247436068472685	94.4618383272508
296	1.75359374543439		2.96672367466899		0.909423410892487	1.75335023312629	2.69349580432408	0.650957105747669	0.0261506814329304	94.1562858187782
294	1.66010073555406		2.85201898274452		0.92107892036438	1.65985722324596	2.62236457690336	0.632962036577697	0.0275452649967915	93.8544210389608
292	1.56493635605151		2.73198090705229		0.934718489646912	1.56469284374341	2.54899540505732	0.613846867137928	0.0290810044856455	93.5231218812268
290	1.46492004053319		2.60226847104716		0.948803901672363	1.46467652822509	2.46433493078095	0.594349619416759	0.0308269827232008	93.1478890642143
288	1.36155254827044		2.46358966789036		0.962523102760315	1.36130903596234	2.36648635467538	0.575244827958906	0.0325288267373112	92.7835902033049
286	1.24693273671672		2.30362536921314		0.97529125213623	1.24668922440862	2.24186670445924	0.556094268195724	0.0342216906964185	92.4226271397331
284	1.13903095247991		2.15027985224775		0.986907541751862	1.13878744017181	2.11723080180585	0.53786646179552	0.0361394218677577	92.0154126595663
282	1.03692049054661		2.00315611260125		0.996903836727142	1.03667697823851	1.99200781574104	0.520418127904213	0.0378527094363148	91.6531278135321
280	0.939957574979467		1.86134736316789		1.00535523891449	0.939714062671365	1.86632719238457	0.503509816770505	0.0397786234268967	91.2475844804858
278	0.848130785795607		1.72391381147096		1.00982344150543	0.847887273487506	1.73583827808593	0.488459831881604	0.0417181605102976	90.8409860056564
276	0.76643107207177		1.60001274995432		1.01022160053253	0.766187559763669	1.61135516576888	0.475492663591687	0.0436403474685615	90.439812341186
274	0.688293377681844		1.47940416889328		1.00653350353241	0.688049865373743	1.48407588460974	0.46362175445946	0.0455674129891751	90.0393989016638
272	0.626165138489179		1.3830863384676		0.99854451417923	0.625921626181077	1.37611893711841	0.454845587323837	0.0473360555625806	89.673463581813
270	0.576719186233141		1.30741525081831		0.988452672958374	0.57647567392504	1.28741383182175	0.447778064578736	0.0491552756261891	89.2986152541003
268	0.535884190363595		1.24595030416449		0.972882628440857	0.535640678055494	1.20733639102046	0.443654876999742	0.0509190104810244	88.9366956221513
266	0.50296913678418		1.19732389200528		0.953488886356354	0.502725624476078	1.1369042318145	0.442188190005878	0.052644694963262	88.5840036979089
264	0.474926981134512		1.15640540523031		0.931065678596497	0.474683468826411	1.07206984486881	0.442772894973552	0.054238228154353	88.25956280765
262	0.448943287390681		1.1179004767953		0.906938552856445	0.44869977508258	1.00936721036629	0.444535715519977	0.0558574862438071	87.9311015447051
260	0.422293854513769		1.07615965237712		0.883175373077393	0.422050342205668	0.946055774631838	0.44611570852671	0.0574004248565933	87.6192588252063
258	0.396023620548915		1.03268788771929		0.859192788600922	0.395780108240814	0.8830150491952	0.448214454104193	0.0588335757135898	87.3305960429775
256	0.368426101738291		0.984292710300359		0.834685504436493	0.36818258943019	0.817433514969054	0.450412887027428	0.0602674585806062	87.0427375520261
254	0.338406021597015		0.92755058009496		0.80953711271286	0.338162509288914	0.746870051325412	0.452772886914937	0.0618551193010171	86.7251142606433
252	0.308701781908578		0.868943241767132		0.784095585346222	0.308458269600477	0.677444222277767	0.455326445273014	0.063402132427563	86.4167377491419
250	0.280263517862056		0.810794011042454		0.758817315101624	0.280020005553954	0.611479616712908	0.457938413481777	0.0649859963664353	86.1021514995087
248	0.253087474879826		0.752958782696892		0.735633492469788	0.252843962571724	0.550251809087711	0.459505917828651	0.0667729503161893	85.748602280282
246	0.225942313550304		0.692761276223562		0.715051770210266	0.225698801242203	0.491812404438937	0.458912380422127	0.0686114064504593	85.38637837663
244	0.199973201715595		0.632945618198413		0.697206974029541	0.199729689407494	0.43783486476338	0.456175845008218	0.0706698073222933	84.9826349678115
242	0.175101837068882		0.572941353911811		0.681808710098267	0.174858324760781	0.387253570461203	0.451534441767785	0.0729605186446472	84.5355692260218
240	0.151848110049983		0.51434170235153		0.667849898338318	0.151604597741882	0.340189476101182	0.445647524077994	0.0755840047988232	84.0264460539868
