Wavelength	I1	I1 dark	R1	R1dark	XCorrect	I1c	R1c	I1c/R1c	Abs	Percent T
nm	uA	uA	uA	uA		uA	uA	uA/uA	OD	T*100
	Abs Detector Raw	Dark Offset for Abs Detector	Ref Detector Raw	Dark Offset for Ref Detector	Linear interp	Dark subtracted Abs Detector	Corrected Ref Detector	Corrected Intensity 	-Log(T)	% Transmittance
800	0.140819221849424	2.4706569954378E-4	0.207311263133417	0.00497053458707232	1.35067892074585	0.14057215614988	0.273297356855906	0.514356076352379	8.03863791294848E-4	99.8150747196246
798	0.143926586644136		0.212128137122349		1.34199333190918	0.143679520944592	0.278004121256633	0.516825147393977	9.16257057886161E-4	99.7892464136163
796	0.156626140197517		0.230777318947854		1.33337259292603	0.156379074497973	0.301084577563424	0.519385867464539	8.57560834297415E-4	99.802734146005
794	0.164724678983516		0.242260421166375		1.32502686977386	0.164477613283973	0.314415475643168	0.523121875434144	8.91333550883483E-4	99.794973332682
792	0.15861977956333		0.233173746855759		1.31713449954987	0.158372713863786	0.300574323787189	0.526900341547193	9.61903796731244E-4	99.7787585661114
790	0.149675882962105		0.220354792210326		1.30966234207153	0.149428817262562	0.282080651284209	0.529737919216605	8.5477392014142E-4	99.8033745928829
788	0.148117394580271		0.218508930401295		1.30193436145782	0.147870328880727	0.278012975001119	0.531882833454562	8.0933867853846E-4	99.8138164194216
786	0.1519438056215		0.224129476796073		1.29363858699799	0.151696739921956	0.283512464327225	0.535061977899041	7.18419515474465E-4	99.8347145404338
784	0.156128768983684		0.230241753001508		1.28498160839081	0.15588170328414	0.289469372562339	0.538508450494432	7.86591464262299E-4	99.8190445441769
782	0.162503115119102		0.239570123401856		1.27644824981689	0.162256049419558	0.299454234550394	0.541839221820232	7.0786374748392E-4	99.8371411079706
780	0.171865412521268		0.253236439799274		1.268270611763	0.171618346821724	0.314868351483375	0.545047941507025	6.93227762593509E-4	99.8405057362858
778	0.185402690146619		0.273098305183167		1.26044166088104	0.185155624447075	0.337959412498473	0.547863493661126	9.33637509036142E-4	99.7852529311053
776	0.202166987488689		0.297293127169009		1.25292003154755	0.201919921789146	0.366256831919821	0.551306908681362	6.45940090717628E-4	99.8513773506256
774	0.227583444525192		0.334287033576364		1.24577045440674	0.227336378825648	0.410252764589526	0.554137347625449	7.15146734290521E-4	99.8354668834176
772	0.290146131424251		0.425550236031519		1.23883104324341	0.289899065724708	0.521027190307425	0.556399111443026	5.63527459891175E-4	99.8703271551223
770	0.387252622353982		0.567184029716066		1.23221707344055	0.387005556654438	0.692769067616633	0.558635734106709	5.46016410704592E-4	99.8743540758904
768	0.441941746891314		0.644162700062772		1.22665858268738	0.441694681191771	0.784070555767297	0.563335375806231	5.72494469455302E-4	99.8682651235494
766	0.401175136336436		0.582986570546477		1.22236526012421	0.400928070636893	0.706546722151481	0.567447357785541	7.2556347597931E-4	99.8330723151203
764	0.339610760056557		0.493809551249491		1.2186872959137	0.339363694357013	0.595741899353433	0.569648860899878	7.92648605750035E-4	99.8176523693166
762	0.319045286200744		0.465521477937231		1.214359998703	0.3187982205012	0.559274642969366	0.57002087348105	6.65716121460749E-4	99.8468306224675
760	0.328937674772056		0.479833378819985		1.20898902416229	0.328690609072512	0.57410396666008	0.572528023076917	5.2365118057765E-4	99.8794975223822
758	0.34891983259016		0.508653303631584		1.2031888961792	0.348672766890616	0.606025514911149	0.575343377979286	4.57082338592483E-4	99.8948082674215
756	0.374474085112562		0.545318839984099		1.19780671596527	0.374227019413018	0.647232829165012	0.578195361158989	4.3684452499132E-4	99.8994634028151
754	0.399079722831626		0.580460352905204		1.1931779384613	0.398832657132082	0.686661755026299	0.58082841255198	4.92738979073099E-4	99.8866069957135
752	0.422015281516835		0.612957532340782		1.18890511989594	0.421768215817291	0.722838854459544	0.583488578699386	3.57171792390268E-4	99.9177919648562
750	0.453901875017352		0.658527456169924		1.1848680973053	0.453654809317808	0.774378746156581	0.58583065659976	4.03609158976181E-4	99.9071087273938
748	0.499632434527005		0.724027537390132		1.18107759952545	0.499385368827461	0.849262118792604	0.588022658466667	3.03956675249688E-4	99.9300358753808
746	0.555143425821307		0.802916285243853		1.17750906944275	0.554896360121763	0.939588358321662	0.590573898885833	2.31106091731832E-4	99.9468000120424
744	0.603790311613252		0.871194474668293		1.174187541008	0.603543245913708	1.01710935816623	0.59339071169481	2.69811212674651E-4	99.9378929667843
742	0.656124879885579		0.944415436594954		1.17108881473541	0.655877814186035	1.10017341680164	0.596158572975492	3.11746596358975E-4	99.9282434507775
740	0.739701081028675		1.06251532656495		1.16803753376007	0.739454015329132	1.23525201066264	0.598626036587026	3.901479579755E-4	99.9102054522446
738	0.851118080095194		1.21941158265189		1.16498303413391	0.85087101439565	1.41480321695131	0.601405908751853	3.53838094400466E-4	99.9185589490905
736	0.938653062960753		1.34050758741703		1.16204738616943	0.938405997261209	1.55195734137349	0.604659659285943	4.67289495205065E-4	99.8924604826508
734	0.976249672612771		1.39041338311606		1.15931880474091	0.976002606913227	1.60616994719346	0.607658366799008	5.33932639112899E-4	99.8771330098229
732	0.983350578956467		1.39909122609896		1.15665113925934	0.983103513256923	1.61251128610224	0.609672330190803	4.79523188605742E-4	99.8896466395707
730	0.980156621449698		1.39564891288029		1.15388596057892	0.979909555750155	1.60468425639321	0.610655679985709	4.77463712658201E-4	99.8901203292467
728	0.980832548876197		1.39922658620584		1.15089321136475	0.980585483176653	1.60463982471226	0.611093821850328	4.04895967382191E-4	99.9068127044825
726	0.989559674695817		1.41562290083759		1.1476241350174	0.989312608996273	1.61889870162849	0.611102231412687	4.04576246294589E-4	99.9068862544076
724	1.00438549128697		1.44071103428227		1.14410185813904	1.00413842558742	1.64263337350674	0.611297957159947	3.38455470358557E-4	99.9220981072235
722	1.01065029991672		1.45264348662716		1.14027833938599	1.01040323421718	1.65075010972628	0.612087334275394	3.04549465996745E-4	99.9298994758578
720	0.99043450623529		1.42530262858212		1.13600122928619	0.990187440535746	1.613499004773	0.61368952667873	3.64376798054729E-4	99.9161343285854
718	0.930072335150802		1.33882359694525		1.13137769699097	0.929825269451258	1.50909160581514	0.616148990471	4.39722850980116E-4	99.8988013122731
716	0.822211693797124		1.18319924728633		1.12621939182281	0.82196462809758	1.32694402424434	0.619441825035288	4.86810283511924E-4	99.8879705896581
714	0.692893246437878		0.997317274762476		1.12039887905121	0.692646180738334	1.11182417532264	0.622981759267228	4.29395642703811E-4	99.9011768616688
712	0.566789368157585		0.817772702115642		1.11375534534454	0.566542302458041	0.905262758792576	0.625831889090064	4.3375005787873E-4	99.9001752163847
710	0.46723798855049		0.677737058143947		1.10628998279572	0.466990922850946	0.744274865771268	0.627444166567439	4.7220797861154E-4	99.8913291843091
708	0.394889761605692		0.577242854138764		1.09837675094604	0.394642695906148	0.628570611005544	0.62784146919441	4.22443417426858E-4	99.9027761015281
706	0.341538499306666		0.504438373228504		1.09038031101227	0.341291433607122	0.54460989723847	0.626671375855808	3.21254211912695E-4	99.92605583624
704	0.30265572053137		0.452342533592919		1.0826700925827	0.302408654831826	0.484356283582569	0.624351670623623	4.26265407342567E-4	99.9018969153109
702	0.280611270546213		0.424406132947712		1.07555782794952	0.280364204846669	0.451127241137478	0.621474784231064	4.03113495587499E-4	99.9072227521544
700	0.269775508565585		0.41218824969575		1.0694442987442	0.269528442866041	0.435496663770616	0.618898984282475	3.03078136905512E-4	99.9302380249837
698	0.274467275514611		0.422058171531312		1.0649927854538	0.274220209815067	0.444195324247588	0.617341504617507	3.2364250717261E-4	99.9255063190823
696	0.294378512007315		0.453451106586536		1.06259047985077	0.294131446307771	0.476551186204658	0.617208507338506	3.70561705882609E-4	99.9147114054151
694	0.321911527034018		0.495194149937806		1.06203079223633	0.321664461334474	0.520632574583896	0.617833914044961	2.58676875987512E-4	99.9404551831115
692	0.346528049762803		0.532067258310976		1.06277585029602	0.346280984063259	0.560185668743918	0.618153950349553	3.23883651290602E-4	99.9254508349756
690	0.364126478952737		0.558020347501706		1.06392598152161	0.363879413253193	0.588404065035543	0.618417571998272	2.23835612916802E-4	99.9484732250462
688	0.37592745058527		0.575845705096495		1.06461536884308	0.375680384885727	0.607762480215244	0.618136849699369	3.75461958122263E-4	99.9135840493317
686	0.382462165219803		0.585678790384352		1.0645604133606	0.38221509952026	0.618199020833463	0.61827192641773	2.45530720134719E-4	99.9434804407183
684	0.380390625311089		0.582561977957842		1.06376242637634	0.380143559611545	0.614420075254304	0.618703025701441	3.040084626519E-4	99.9300239592344
682	0.376371655905761		0.576773323500992		1.06245732307434	0.376124590206217	0.607516060435925	0.619118760311172	2.39175796047861E-4	99.9449428997284
680	0.376616474935545		0.577743054332078		1.06094348430634	0.376369409236001	0.607679272813185	0.619355350880472	3.15022225310955E-4	99.9274897533979
678	0.383576134941915		0.588819345181374		1.05921316146851	0.383329069242371	0.618420344489217	0.619851970683437	2.76781606391776E-4	99.936288984003
676	0.391817695577928		0.601775281714077		1.05730748176575	0.391570629878385	0.631006124290697	0.6205496504785	1.9090958793228E-4	99.9560511032299
674	0.398506837702079		0.612439990838943		1.05524814128876	0.398259772002535	0.641031014599479	0.621280036273082	2.16017037553992E-4	99.950272607118
672	0.404759063018893		0.62246064997859		1.05312037467957	0.404511997319349	0.650291421682044	0.622047260400635	3.1014008171069E-4	99.9286130996919
670	0.410770519293701		0.632185864478304		1.0509113073349	0.410523453594157	0.659147682316485	0.622809522975834	3.19713586636394E-4	99.9264103166372
668	0.414986427785155		0.639040923655015		1.0485315322876	0.414739362085612	0.664842796627603	0.623815681224744	2.53814154340226E-4	99.9415742057007
666	0.41806050919377		0.644208133412199		1.04595601558685	0.417813443494227	0.668614411880437	0.624894462443835	2.98705848542139E-4	99.9312440843155
664	0.421164728236542		0.649454221037721		1.04322910308838	0.420917662536999	0.672344138171003	0.626044965130555	3.47589853625758E-4	99.9199964983371
662	0.426309600042156		0.657780174678769		1.04042720794678	0.426062534342613	0.679200911161345	0.627299709616263	2.47658231570463E-4	99.9429908411825
660	0.43313152689478		0.668670917127928		1.03775990009308	0.432884461195236	0.688761642677336	0.628496760523044	2.93893632213009E-4	99.9323513823561
658	0.442341219545968		0.68318109773401		1.03528940677643	0.442094153846424	0.702144211589901	0.62963440636414	3.01449320241254E-4	99.930612812942
656	0.454409270340032		0.702146832216332		1.03309750556946	0.454162204640488	0.720251094022939	0.630560936886302	2.80203972754167E-4	99.9355014601903
654	0.471736265204879		0.729281810440426		1.03115320205688	0.471489199505335	0.746875891382093	0.631281856792625	3.21226892837659E-4	99.9260621220383
652	0.488234132265421		0.75501498752266		1.02945709228516	0.487987066565877	0.772138581603681	0.631994150003955	3.12953007230212E-4	99.9279658641241
650	0.498588910056077		0.771131174897228		1.02793705463409	0.498341844356533	0.787564911976993	0.632762883132472	2.64470194615324E-4	99.9391220253969
648	0.500788394910569		0.774693529924497		1.02666783332825	0.500541329211026	0.790249839886002	0.633396305759747	3.00800897730787E-4	99.9307620142557
646	0.502314299140312		0.777494204962134		1.02560043334961	0.502067233440768	0.792300611109494	0.633682754248669	2.8253676902415E-4	99.9349646618918
644	0.507246164965332		0.785552556370364		1.02465677261353	0.506999099265788	0.799828655200608	0.63388464012786	3.26189608283025E-4	99.9249202659954
642	0.515530006790141		0.798740120099408		1.02378344535828	0.515282941090598	0.81264816107643	0.634078763444264	2.82694945084149E-4	99.9349282642014
640	0.527921203334867		0.818328534938128		1.02288675308228	0.527674137635323	0.831973124072584	0.634244210981612	2.67848287275003E-4	99.93834466737
638	0.541902971162299		0.840278694762529		1.02184903621674	0.541655905462755	0.853558838419265	0.634585316304458	3.10808132282871E-4	99.9284593852917
636	0.557129182954486		0.864174814967338		1.02063095569611	0.556882117254942	0.876930485822696	0.635035645650409	3.64549056221336E-4	99.916094697949
634	0.571372473302846		0.886442376829045		1.01923584938049	0.571125407603302	0.898427701832485	0.635694342948689	2.88654961748987E-4	99.9335568220677
632	0.584288470565689		0.906747377968613		1.0177036523819	0.584041404866145	0.917741587142812	0.636389821544898	3.38754504970664E-4	99.9220293056227
630	0.597290123345768		0.927131862750442		1.01619136333466	0.597043057646224	0.937092377280832	0.637122947663569	2.82276394651488E-4	99.9350245763338
628	0.612366983637087		0.950858919235223		1.01451146602631	0.612119917937543	0.95961461180665	0.637880989312069	3.50336824886235E-4	99.9193644928613
626	0.628303252799483		0.9759676715763		1.01275491714478	0.628056187099939	0.983382125019339	0.638669517292261	3.96631131292565E-4	99.9087139980116
624	0.644173980580305		1.00072100277622		1.01092803478241	0.643926914880761	1.00663206394012	0.639684486465023	3.38451886586892E-4	99.9220989317746
622	0.656805138061571		1.02049858662053		1.0092089176178	0.656558072362028	1.0248799662032	0.640619481317733	3.52570159087258E-4	99.918850664642
620	0.666928807149537		1.03638737195743		1.00772297382355	0.666681741449993	1.03938244260654	0.641421015134819	3.3651631522991E-4	99.9225442673514
618	0.675220106860059		1.04954210975887		1.0068142414093	0.674973041160515	1.05168953805432	0.64179875974544	3.14685421543671E-4	99.9275672491283
616	0.682863054827566		1.06160995639034		1.00664889812469	0.682615989128022	1.06366490967337	0.641758492660661	3.07437448951111E-4	99.9292349615736
614	0.690120947864971		1.07326661863624		1.00700271129608	0.689873882165428	1.0757770531045	0.6412796035894	3.67319094662814E-4	99.9154574102281
612	0.696844472313203		1.08385614618182		1.00780045986176	0.696597406613659	1.08730141550342	0.640666329208388	3.7420455108058E-4	99.9138733282226
610	0.706154388352663		1.09864351581267		1.00835275650024	0.705907322653119	1.10280816532868	0.640099833177	4.01157832661949E-4	99.9076726434139
608	0.716754603459232		1.11534525738412		1.0085117816925	0.716507537759688	1.11982599003437	0.639838282140331	4.10860471844743E-4	99.905440615812
606	0.728352866657517		1.13355109288266		1.00798010826111	0.728105800957973	1.13758675333217	0.640044197794354	4.0874029311746E-4	99.905928344567
604	0.742067483301935		1.15480077205801		1.00688087940216	0.741820417602391	1.15774208066793	0.640747563718524	3.81562222735937E-4	99.9121806351831
602	0.758046730064256		1.17959307451021		1.00539457798004	0.757799664364713	1.18095913281187	0.641681530977611	3.78790809494841E-4	99.9128182182871
600	0.775847644299768		1.20717517706113		1.00393652915955	0.775600578600224	1.2069371561049	0.642618859380623	4.18733634458329E-4	99.9036294837737
598	0.793688854250451		1.23474938532497		1.00287997722626	0.793441788550907	1.23332058582136	0.643337829330478	4.59752799570691E-4	99.8941940197662
596	0.812547350268846		1.26388642622417		1.00218975543976	0.812300284569302	1.26167260955901	0.64382810438694	4.70316718998039E-4	99.8917641906375
594	0.832387799713493		1.29441316529897		1.00178515911102	0.83214073401395	1.29174449097226	0.644199173930769	4.39883505337441E-4	99.8987643576826
592	0.851507876236214		1.32397317464131		1.00154709815979	0.85126081053667	1.32104326661142	0.644385261294448	4.31695506894724E-4	99.9006478231005
590	0.869401447331707		1.35160076486294		1.00122630596161	0.869154381632164	1.34828161095534	0.644638608559168	4.69338920858307E-4	99.8919890935437
588	0.886474340635069		1.37780165587153		1.00070452690125	0.886227274935526	1.37379831774027	0.64509270647038	4.60730631884774E-4	99.893969104035
586	0.900400792300613		1.39921964895001		0.999973237514496	0.90015372660107	1.39421180079123	0.645636284307898	5.09083718444126E-4	99.8828478186932
584	0.914826951605762		1.42123828289523		0.999053955078125	0.914579885906219	1.41492789539686	0.646379146867904	5.02965315155048E-4	99.8842549925692
582	0.927502848771909		1.44077075352031		0.998229086399078	0.927255783072365	1.43325754079732	0.64695684946931	5.2884547654969E-4	99.8783029399255
580	0.941652412924354		1.46233029689119		0.997582137584686	0.941405347224811	1.45383606690925	0.647531980153834	5.46727825611707E-4	99.8741904725081
578	0.956281679833672		1.48462477556187		0.997147619724274	0.956034614134128	1.47543370440295	0.647968533781732	5.47712683271373E-4	99.873963986209
576	0.971356096277344		1.50769470833102		0.996688485145569	0.9711090305778	1.49774788032048	0.648379505881863	5.51783307079933E-4	99.8730278761562
574	0.988825710770527		1.53444352902492		0.996220171451569	0.988578645070983	1.52369184874941	0.648804839300263	5.65615496005556E-4	99.8698469916451
572	1.00774796716464		1.56321410386113		0.9957315325737	1.0075009014651	1.55159225735637	0.649333545387562	5.72138855665069E-4	99.8683468988155
570	1.0270097825784		1.59248035618559		0.995352268218994	1.02676271687886	1.58013150174802	0.649795738989447	5.48992147748441E-4	99.8736697503708
568	1.04427739664514		1.61871993982098		0.995181918144226	1.0440303309456	1.60597422850478	0.650091584544062	5.77588852248105E-4	99.8670936507156
566	1.06369095430683		1.64819996777935		0.995282471179962	1.06344388860729	1.63547745098326	0.650234515901112	5.81472099636005E-4	99.8662006923361
564	1.08554157006425		1.68128032287178		0.995623111724854	1.0852945043647	1.66897276762685	0.650276940053316	5.84634203286776E-4	99.8654735679048
562	1.11037379133953		1.71890490768238		0.996170461177826	1.11012672563999	1.70737079487488	0.650196623353478	5.79111545291549E-4	99.8667435042861
560	1.13728784213531		1.75965045805667		0.99668163061142	1.13704077643577	1.7488572473248	0.650162143408261	5.52089609328021E-4	99.8729574370338
558	1.16538580772128		1.8020511817642		0.997178435325623	1.16513874202173	1.79201006790605	0.650185377241318	5.9355660782071E-4	99.8634218932041
556	1.19369472881177		1.84469960810746		0.997675478458405	1.19344766311223	1.83545258365829	0.650219827925785	5.9358734295775E-4	99.8634148258432
554	1.22208048187218		1.88732986672618		0.99818366765976	1.22183341617264	1.87894034200819	0.650277919344024	6.08539012504665E-4	99.8599768381677
552	1.2510309138854		1.93075597373039		0.998678505420685	1.25078384818586	1.92324052412457	0.650352273933704	5.85885115072878E-4	99.8651859227166
550	1.27824013435774		1.9712568109709		0.999059557914734	1.27799306865819	1.96443709801784	0.650564515375787	5.96029964140117E-4	99.8628531613123
548	1.30877045070303		2.01674052172666		0.999196529388428	1.30852338500348	2.01015358907768	0.650956917975545	5.92110807701857E-4	99.8637543468585
546	1.33660675369239		2.05800795320239		0.99907249212265	1.33635968799284	2.05113321023706	0.651522622384138	6.55735087512456E-4	99.8491253466683
544	1.36262952092239		2.09624132341094		0.998806416988373	1.36238245522284	2.08877468353762	0.652240026633926	6.9085584835594E-4	99.8410510201279
542	1.38611031306489		2.13025864871447		0.998482644557953	1.38586324736535	2.12206329664151	0.653073473142244	6.74271822226447E-4	99.8448636364101
540	1.40792819627849		2.16178676382286		0.99831360578537	1.40768113057895	2.15317898682479	0.653768748066227	7.34322744360234E-4	99.8310588061036
538	1.42701869546979		2.18890047465202		0.998360693454742	1.42677162977025	2.18034980941982	0.654377395593189	7.2106515585717E-4	99.8341063679635
536	1.44860537751244		2.21964840909947		0.998661279678345	1.4483583118129	2.21171304023587	0.654858150883098	6.98904722779903E-4	99.8392006612843
534	1.46886438133774		2.24823227128994		0.999168038368225	1.4686173156382	2.24139542900791	0.655224551915964	7.49419118167798E-4	99.827588670399
532	1.48679380387352		2.27318632636601		0.999805629253387	1.48654673817397	2.26777491698202	0.655508942727125	7.69302472925941E-4	99.8230183569229
530	1.50567048104418		2.29918824276602		1.0004802942276	1.50542341534464	2.29531960770105	0.655866577488286	7.95100233253483E-4	99.8170888921799
528	1.52555673828894		2.32658533494171		1.00102841854095	1.5253096725894	2.32400239206027	0.656328787698528	7.90937711955763E-4	99.8180455995912
526	1.54669365592909		2.35566668248175		1.0014044046402	1.54644659022955	2.35399747647248	0.656944880224314	8.01216228656298E-4	99.8156832179573
524	1.57005948957596		2.38795157493087		1.00163662433624	1.56981242387642	2.38688108510723	0.657683549327675	7.99807393422613E-4	99.8160070168664
522	1.59220721287614		2.41825655771994		1.00181710720062	1.59196014717659	2.41767122254266	0.6584684188375	8.35098067277135E-4	99.8078963196829
520	1.6175659603334		2.45328753414246		1.0020604133606	1.61731889463386	2.45336154461224	0.659225664552215	8.66988542777962E-4	99.8005676416866
518	1.64758843091656		2.49503031473738		1.00242054462433	1.64734136521702	2.49608708096541	0.659969508988395	8.65784591577826E-4	99.8008443092124
516	1.68403757627873		2.54627227498185		1.00289297103882	1.68379051057919	2.54865365273064	0.660658818343233	8.85344998292532E-4	99.7963494302182
514	1.72561737469657		2.60469631039293		1.00349617004395	1.72537030899703	2.6088148591857	0.66136173018256	8.91804080338045E-4	99.7948652114627
512	1.76693699123068		2.66271144687986		1.00418245792389	1.76668992553114	2.66885680183105	0.661965049724304	9.53252586543695E-4	99.7807461935077
510	1.81577096686563		2.73141161994519		1.00497353076935	1.81552390116609	2.74000112398696	0.662599692121413	9.56941377412223E-4	99.7798986839086
508	1.8781530894191		2.82013372896568		1.00580215454102	1.87790602371956	2.83149720629057	0.663220157712861	9.64089361547554E-4	99.7782564358646
506	1.95233858839025		2.92583174368005		1.00663805007935	1.9520915226907	2.94025003207375	0.663920245352024	9.63838073733478E-4	99.7783141687353
504	2.03161755047581		3.03905898443855		1.00742840766907	2.03137048477626	3.05662689576098	0.664579143628365	0.00103657819812953	99.7616036658207
502	2.12048345710314		3.16468800249125		1.00814700126648	2.12023639140359	3.18545969011691	0.665598248812177	0.0010566384461108	99.7569957410749
500	2.21442197845629		3.29799175928281		1.00866842269897	2.21417491275675	3.3215665246281	0.666605620070988	0.00105579127000471	99.7571903367448
498	2.33236789351235		3.46635204913742		1.00904226303101	2.33212082781281	3.49268023665558	0.66771667309743	0.00111183033435702	99.7443190266407
496	2.50451392798074		3.71466713847724		1.00876116752625	2.50426686228119	3.74219787730839	0.669196804761808	0.00115297391740546	99.7348700364768
494	2.71690561658519		4.01984692973827		1.00816118717194	2.71665855088564	4.04764255288421	0.671170567902506	0.00117663792696743	99.7294357914704
492	2.88954642644222		4.26350808599121		1.00794267654419	2.88929936074268	4.29236173772622	0.673125784191996	0.00122369861325767	99.7186295721685
490	2.95813688759393		4.35167522431078		1.00791668891907	2.95788982189439	4.3811161985753	0.675145257013786	0.00124526646332088	99.7136774874946
488	2.99145014673816		4.38948672318313		1.00887954235077	2.99120308103862	4.42344868578033	0.67621516457378	0.00130130178370442	99.7008126511979
486	3.08946326890511		4.5224648940385		1.00954282283783	3.08921620320557	4.56060400779456	0.67736997071567	0.00130314226147254	99.700390134339
484	3.30189165672817		4.81970340359298		1.01009511947632	3.30164459102862	4.86333817256508	0.678884435726424	0.00128490320552391	99.704577337388
482	3.4919001593869		5.08117810713802		1.01073944568634	3.49165309368736	5.13072322806895	0.68053818896045	0.00136556714854812	99.6860603682997
480	3.56766650918181		5.17363326057718		1.01162850856781	3.56741944348226	5.22876656478341	0.682267873174797	0.00138214872374933	99.6822543785381
478	3.54150186329026		5.11847738677414		1.0127238035202	3.54125479759072	5.1785701086735	0.683828686930303	0.00139590412556628	99.6790971941716
476	3.63996585459604		5.24615802591239		1.01399922370911	3.6397187888965	5.31456004751775	0.684857966859644	0.00142965114375577	99.6713518928745
474	3.90665049708511		5.61583419631023		1.01552999019623	3.90640343138556	5.69800031938209	0.6855744493551	0.0014501320073393	99.6666516092811
472	4.37149725304017		6.26630871519544		1.01726651191711	4.37125018734063	6.36944965092093	0.686283812088633	0.00153918907832578	99.6462159131476
470	4.89532649899393		7.00003170542769		1.01911818981171	4.89507943329438	7.12879407804925	0.686663042823351	0.00160436341471863	99.6312631817927
468	5.32507661934704		7.59305242083154		1.02110064029694	5.3248295536475	7.7481952726698	0.687234816142252	0.00165825281293907	99.6189012109548
466	5.47475986093644		7.77343199042327		1.02326714992523	5.4745127952369	7.94921141321753	0.688686274733386	0.00166057880201809	99.6183676746898
464	5.3056053889561		7.49562032649429		1.02553856372833	5.30535832325655	7.68195022898446	0.690626490033627	0.00168885234289915	99.6118825075325
462	5.0967957169389		7.17653717347241		1.027627825737	5.09654865123935	7.36970143224574	0.691554291323075	0.00177572467759717	99.5919590414748
460	4.93087101057065		6.93079258461061		1.02919805049896	4.9306239448711	7.12804255198695	0.691722013289145	0.00181005113292062	99.5840876455103
458	4.78475724894746		6.71844072510756		1.03004312515259	4.78451018324792	6.91516381566246	0.6918867449548	0.00184164253527746	99.5768439740109
456	4.59470813837873		6.45386816268818		1.03006207942963	4.59446107267919	6.64276490083061	0.691648905428627	0.00184694684613059	99.575627786998
454	4.40661698434515		6.20252864220811		1.02918720245361	4.40636991864561	6.3784474908262	0.690821696813068	0.00194660048129574	99.5527816876246
452	4.26948249270562		6.02927521516602		1.02735614776611	4.26923542700607	6.18910644960895	0.68979835163052	0.00196297694228033	99.5490278027026
450	4.11460335269948		5.83192327747804		1.02460694313049	4.11435628699994	5.97033623765935	0.689133094556322	0.00202043437136718	99.5358582758215
448	3.85931824629768		5.48995243411792		1.02102768421173	3.85907118059813	5.60031836682124	0.689080678602305	0.00207468890721714	99.5234244671642
446	3.51027275696974		5.01328933299523		1.01675081253052	3.51002569127019	5.09221220769336	0.689292894347022	0.00216096117988203	99.5036561771812
444	3.24101810960812		4.64708401219289		1.0121191740036	3.24077104390858	4.69837205858538	0.68976466816558	0.00219611505899327	99.4956021997996
442	3.1034792039077		4.46161380053165		1.00782012939453	3.10323213820816	4.49149479294953	0.690912999182237	0.00225562830228501	99.4819688230601
440	3.05693956053898		4.39856971142809		1.0045450925827	3.05669249483943	4.41356849187104	0.692567137106693	0.00233189194172951	99.4645009729785
438	3.02806714854497		4.35501844939508		1.00285410881042	3.02782008284543	4.36246342488743	0.694061998450694	0.00244697658286435	99.4381471500543
436	2.99981698752504		4.30738979724164		1.00277864933014	2.9995699218255	4.31437417705673	0.695250295576312	0.00245716661629089	99.4358140185084
434	2.96958520541928		4.25463653085087		1.00421047210693	2.96933813971974	4.26755909640486	0.695793092173278	0.00262593985494363	99.3971793026534
432	2.9549138749115		4.21998488548152		1.00665414333344	2.95466680921195	4.24306166053779	0.696352550492387	0.00269776197082821	99.3807427008638
430	2.96350325720139		4.21715794945766		1.00962591171265	2.96325619150185	4.25273355904325	0.696788583239741	0.0028087799893056	99.3553414039829
428	2.97095850131223		4.21356838160091		1.01240730285645	2.97071143561269	4.26081519510272	0.697216682626167	0.00295619767837564	99.3216217739595
426	2.96800877964433		4.1988736038276		1.01423370838165	2.96776171394478	4.25359786250901	0.697706226557635	0.00298710662379874	99.3145532583021
424	2.94972663127988		4.17005413372791		1.01462960243225	2.94947956558034	4.22601711629336	0.697933653465021	0.00307795354100642	99.2937805389339
422	2.93167434375436		4.15046144825932		1.01337480545044	2.93142727805481	4.20093604813918	0.69780335726684	0.003136448814347	99.280407526064
420	3.40360416608737		4.83470935812286		1.01114857196808	3.40335710038782	4.883583514397	0.696897491433205	0.00328510892524811	99.2464294046089
418	3.25181185712359		4.64228231055192		1.0079870223999	3.25156479142404	4.67435008899481	0.695618584298908	0.00338317849092441	99.2240207492212
416	3.0632899877597		4.40012648388281		1.00422537326813	3.06304292206015	4.41372712375314	0.693981036021898	0.0035010617963349	99.1970913989827
414	2.88671478826994		4.17438495402311		1	2.8864677225704	4.16941441943603	0.692295711626774	0.0035879287827669	99.1772521170355
412	2.73773851200976		3.98618136590794		0.995681941509247	2.73749144631021	3.96401973008721	0.690584717712792	0.00364040319123207	99.165269571873
410	2.6249244743746		3.84534364186133		0.991583049297333	2.62467740867506	3.80804887615048	0.689244674645121	0.00374491490428465	99.1414086072397
408	2.52346545866673		3.71607720683098		0.988153755664825	2.52321839296719	3.66714399585061	0.688060898569083	0.00389367343935501	99.1074555965996
406	2.44078426759086		3.60932890647627		0.985654711723328	2.44053720189131	3.55265281199201	0.686961921427633	0.00403746724612143	99.0746467999608
404	2.37931629176225		3.5300515435118		0.98426741361618	2.37906922606271	3.46962236744185	0.685685349618262	0.00418636569534043	99.0406847459008
402	2.35273710241533		3.49788385809346		0.984128773212433	2.35249003671579	3.4374765039997	0.684365415728233	0.00438125947205633	98.9962492684082
400	2.36494601349936		3.51839699277712		0.985299050807953	2.36469894779982	3.4617757543382	0.683088425018993	0.00451367874805149	98.9660692548662
398	2.40651477554029		3.57871592320016		0.987817049026489	2.40626770984075	3.5302066237518	0.681622342910749	0.00469557399493834	98.9246280459448
396	2.45468570064078		3.64438927987133		0.991658091545105	2.45443863494123	3.60905904728207	0.680077162159382	0.00483126293124362	98.8937253257275
394	2.48122559311286		3.67501264400678		0.996615350246429	2.48097852741331	3.65762030229847	0.678304012544509	0.00495548158506394	98.8654433896512
392	2.48801561017557		3.67451227535644		1.0025714635849	2.48776854447602	3.67897783372902	0.676211887353073	0.0051973486239659	98.8103986316257
390	2.49022599835033		3.66516827392893		1.0093150138855	2.48997893265079	3.69429253210749	0.674006974545224	0.00534582374359887	98.776623442581
388	2.50190071998337		3.66921921873696		1.01699423789978	2.50165365428382	3.72651979801229	0.671310979111984	0.00551210821610151	98.7388106787292
386	2.52032121307382		3.68184027581544		1.02549052238464	2.52007414737428	3.77059507167256	0.668349186128975	0.00563017642236015	98.7119709876399
384	2.54959581256622		3.71087331036739		1.03449034690857	2.54934874686668	3.83372064812642	0.664980310475302	0.00585343802556338	98.6612382935818
382	2.58015554388943		3.74293442107913		1.04369103908539	2.57990847818988	3.90127941275655	0.661298052570652	0.00606248998214007	98.613758156355
380	2.60770808040043		3.77140271930522		1.0526317358017	2.60746101470088	3.96466604837924	0.657674816209757	0.00622847498433166	98.5760757127915
378	2.62481128101568		3.78644343701856		1.06117713451386	2.62456421531613	4.01281257884403	0.654046049684232	0.0064497444430605	98.5258648068658
376	2.63229122239204		3.78897245068033		1.06922745704651	2.6320441566925	4.04595874620351	0.650536577804273	0.00670360882665993	98.4682888992005
374	2.6275385930165		3.775163896048		1.07646524906158	2.62729152731696	4.05848213585537	0.647358159866145	0.00693230044359028	98.4164509294172
372	2.62636010425168		3.76744772908665		1.08239138126373	2.62611303855213	4.07247288752769	0.644844818143501	0.00718278552694696	98.3597043066366
370	2.62867446459399		3.76585071981568		1.08660447597504	2.62842739889445	4.08658924287523	0.643183653330704	0.0074249130133213	98.3048821724237
368	2.63839734785592		3.77585360063509		1.08728444576263	2.63815028215638	4.10002250450372	0.64344775650828	0.00770064216762721	98.2424892098947
366	2.6497997843338		3.78934988964366		1.08414971828461	2.64955271863425	4.10283381166668	0.64578602016491	0.00801891675017112	98.1705181536968
364	2.66684291658992		3.81155187441823		1.07767069339752	2.66659585089037	4.10224115196991	0.65003390880857	0.00830125160492793	98.106718237527
362	2.69115245994981		3.8447963298518		1.06871128082275	2.69090539425027	4.10366514379361	0.655732205226344	0.00863585550254186	98.031160639825
360	2.72134434459479		3.88682119052372		1.05907070636749	2.72109727889525	4.11115431619594	0.66188157135709	0.00893658330947954	97.9633023258002
358	2.7573499206228		3.93705900282298		1.04836678504944	2.75710285492325	4.12227094597444	0.668831062066813	0.00924109246010314	97.8946386249203
356	2.79673481548496		3.9926098595346		1.03684234619141	2.79648774978541	4.13455331344371	0.67636998190167	0.00956702641173706	97.8211971751395
354	2.83436578213147		4.04611187592238		1.02479386329651	2.83411871643192	4.14133684731424	0.684348755226205	0.00990453376130708	97.7452060011442
352	2.86983930982175		4.09704825267197		1.01273274421692	2.86959224412221	4.14418109698503	0.692438910599223	0.0102576470892094	97.6657642662228
350	2.90078035461999		4.14212812309731		1.00126516819	2.90053328892045	4.14239178868825	0.70020737701369	0.0105988991938461	97.5890523616708
348	2.92606531057365		4.17981286415767		0.990810453891754	2.9258182448741	4.13647742348835	0.70732121690313	0.0109635713318876	97.5071423383694
346	2.94778536419779		4.21358898951099		0.981342911720276	2.94753829849825	4.13009788887472	0.713672745248498	0.0114528265495945	97.3973573453368
344	2.96402220983604		4.23993175063619		0.972720801830292	2.9637751441365	4.11943486979549	0.719461585827581	0.0118219351044302	97.3146141226315
342	2.97833916534524		4.26438873540175		0.964752793312073	2.97809209964569	4.10928560712024	0.724722587908101	0.0122155952745125	97.226444615283
340	2.98729397487977		4.28210571531142		0.957048177719116	2.98704690918022	4.09342443057056	0.729718347032945	0.0126311872181553	97.1334496505459
338	2.98698473171694		4.28798116938951		0.950148642063141	2.9867376660174	4.06949673859953	0.733932930253496	0.0131098331445337	97.0264556151771
336	2.98397303006882		4.29171574945271		0.944044172763824	2.98372596436928	4.04687684021712	0.73729102272586	0.013576569356737	96.9222373101363
334	2.96556826207596		4.27555733154853		0.938558220863342	2.96532119637641	4.00819434619862	0.73981472460005	0.0140633704200176	96.8136579545771
332	2.94155502242581		4.2542649830008		0.933434963226318	2.94130795672627	3.96644000719286	0.741548580437978	0.014516543842245	96.7126884599224
330	2.89400046939318		4.20338826201268		0.928119659423828	2.89375340369363	3.89663403129722	0.742628992215181	0.0150290206356128	96.5986327228201
328	2.83088150480164		4.13480855037265		0.923022568225861	2.83063443910209	3.8119336916872	0.74257179375259	0.0155719276144462	96.4779512318094
326	2.75627293088101		4.05309051847262		0.918195605278015	2.75602586518146	3.71696597884182	0.741471910388651	0.0161502424020925	96.3495648578302
324	2.67740935697738		3.96774879762222		0.913534343242645	2.67716229127784	3.62013403793804	0.739520212020297	0.0166771334421982	96.2327433410311
322	2.59374914735073		3.8770303165394		0.908978700637817	2.59350208165119	3.51961986939098	0.736869939906311	0.0173099568232854	96.0926218665287
320	2.51134201633236		3.78746936719024		0.904343068599701	2.51109495063282	3.42067660125113	0.734093059166823	0.0180705173810014	95.9244864103772
318	2.43557614017026		3.70436141342076		0.899914681911469	2.43532907447072	3.3291361659918	0.731519815665213	0.0187162383238452	95.7819692294796
316	2.36368942903173		3.62594016617552		0.895963847637177	2.36344236333218	3.24425788329536	0.728500152685617	0.0194722472846645	95.6153794152612
314	2.30807716607035		3.56992845741496		0.892610192298889	2.3078301003708	3.18211777703285	0.725249743120046	0.0202410081618202	95.446276773885
312	2.26436748362782		3.53055433159573		0.88999992609024	2.26412041792827	3.13776931876265	0.721570067114145	0.0209716704644634	95.2858318055767
310	2.21519118255478		3.48465244945492		0.888025283813477	2.21494411685524	3.09004552003114	0.716799834338012	0.0219524027621059	95.0708982504857
308	2.16032129996153		3.42934087496891		0.887133359909058	2.16007423426199	3.03787316563586	0.711048196052603	0.0228196328981658	94.8812433346199
306	2.10057154678231		3.36737139035324		0.887335538864136	2.10032448108277	2.9835777752285	0.703961699447204	0.0237841591534146	94.6707550465536
304	2.04002315835238		3.30461837790868		0.888603985309601	2.03977609265283	2.93208022369381	0.69567540347963	0.0247981427526848	94.4499771623991
302	1.97283412541773		3.23361953786034		0.891015827655792	1.97258705971818	2.87677736386158	0.685693333275649	0.0259088469946598	94.2087308171711
300	1.89993043674419		3.15298989706924		0.894482612609863	1.89968337104465	2.81584858389949	0.674639745157709	0.02706087920044	93.9591589816286
298	1.82310068119181		3.06610617183048		0.900495111942291	1.82285361549227	2.75653767833004	0.66128376543599	0.0283811301958143	93.6739577774795
296	1.73570458290822		2.96141294226834		0.909423410892487	1.73545751720867	2.68865793850069	0.645473525046639	0.029824619683639	93.3631251216483
294	1.64396094313809		2.84947878011795		0.92107892036438	1.64371387743854	2.62001658376116	0.627367737909092	0.0314007463914936	93.024908947683
292	1.54985421499849		2.73056387336655		0.934718489646912	1.54960714929895	2.54766248901564	0.608246640196711	0.0330613295065453	92.6698949042318
290	1.45201913238161		2.60417976986765		0.948803901672363	1.45177206668207	2.46613986369705	0.588681967334035	0.034988239081838	92.2596411202276
288	1.34709799022273		2.46207207756439		0.962523102760315	1.34685092452319	2.36501700094368	0.569488897536791	0.0368962876272823	91.855192652267
286	1.23454744135605		2.30478324518507		0.97529125213623	1.23430037565651	2.24298721819794	0.550293093800227	0.0387760469806318	91.4584744613263
284	1.12737087928431		2.15127352411878		0.986907541751862	1.12712381358477	2.11820260725341	0.532113316131862	0.040809759654874	91.031194252334
282	1.02535439348589		2.00332021904591		0.996903836727142	1.02510732778635	1.99216246755949	0.514570143991401	0.0427605412270269	90.6232136190152
280	0.929231503550158		1.86178761218957		1.00535523891449	0.928984437850614	1.86676077667356	0.497645145247801	0.0448667940121458	90.1847708224512
278	0.838683530889509		1.7251326054114		1.00982344150543	0.838436465189965	1.73705998230693	0.482675597693791	0.046891673121862	89.7652669749134
276	0.756488266020191		1.59847737886671		1.01022160053253	0.756241200320647	1.60979503468772	0.469774837184381	0.0488944173315773	89.3522684380476
274	0.679472643769336		1.47883041645417		1.00653350353241	0.679225578069793	1.48348935061155	0.457856726635611	0.0510016200599198	88.9197800854245
272	0.617882346163876		1.38244916683929		0.99854451417923	0.617635280464333	1.37547373163456	0.449034588054517	0.0529202463784554	88.5278166944435
270	0.568768428208271		1.3061243545222		0.988452672958374	0.568521362508727	1.28612897124487	0.442040709150998	0.0547558235294241	88.1544370652924
268	0.528709917015797		1.2454009151286		0.972882628440857	0.528462851316253	1.20679316901914	0.437906730733138	0.0565826500097995	87.7844009863708
266	0.496025723420811		1.19650513071705		0.953488886356354	0.495778657721267	1.13611499511904	0.436380700766405	0.0583862988205868	87.4205835526125
264	0.468360124471299		1.15583212367742		0.931065678596497	0.468113058771755	1.07152772641705	0.436865091990687	0.0600719116744188	87.0819385349343
262	0.442595309510773		1.11710791759436		0.906938552856445	0.44234824381123	1.00864026872219	0.438558976404567	0.0617361411015598	86.7488765047022
260	0.416846114972549		1.0767905874332		0.883175373077393	0.416599049273005	0.946605075044207	0.44009805171766	0.063298494670922	86.4373622468171
258	0.39049018062962		1.032327299647		0.859192788600922	0.390243114930076	0.882697523859858	0.442102877125588	0.06479609212373	86.1398096785109
256	0.362432647782748		0.981921550641865		0.834685504436493	0.362185582083204	0.815446851645439	0.444155963509299	0.0663427688687922	85.8335808707732
254	0.333432979929875		0.927061120258049		0.80953711271286	0.333185914230331	0.746466550383793	0.446350762882844	0.0680592503170276	85.4950065033653
252	0.304402408146461		0.869369319341113		0.784095585346222	0.304155342446917	0.677771271104282	0.448758092020279	0.0697127143398912	85.1701252003256
250	0.275987141231194		0.810254665951835		0.758817315101624	0.27574007553165	0.611063542456153	0.451246157516321	0.0713795547740475	84.8438651884082
248	0.249190813213267		0.752199120529517		0.735633492469788	0.248943747513723	0.549686374350101	0.452883242390811	0.0730778080196803	84.5127418917278
246	0.222592757289274		0.692657818887549		0.715051770210266	0.22234569158973	0.491732009990147	0.4521684313254	0.0750409423057669	84.1315824419545
244	0.196808267951386		0.632481189794507		0.697206974029541	0.196561202251842	0.43750480508847	0.449277813559315	0.0772871199256572	83.6975759384189
242	0.172408855207084		0.572938533477252		0.681808710098267	0.172161789507541	0.387245528700407	0.444580445086904	0.0797010450110962	83.2336528860132
240	0.149349618543853		0.513950797812077		0.667849898338318	0.14910255284431	0.339922417051029	0.438637010579759	0.08247022975725	82.7046199415475
