Wavelength	I1	I1 dark	R1	R1dark	XCorrect	I1c	R1c	I1c/R1c	Abs	Percent T
nm	uA	uA	uA	uA		uA	uA	uA/uA	OD	T*100
	Abs Detector Raw	Dark Offset for Abs Detector	Ref Detector Raw	Dark Offset for Ref Detector	Linear interp	Dark subtracted Abs Detector	Corrected Ref Detector	Corrected Intensity 	-Log(T)	% Transmittance
800	0.144656211847214	2.54594234402919E-4	0.213008553416743	0.00495161006379436	1.35067892074585	0.144401617612811	0.281018127701641	0.513851610904345	5.63941118403952E-4	99.8702320302864
798	0.153769772678108		0.226562883616184		1.34199333190918	0.153515178443705	0.297400851383208	0.516189438361416	4.92739223761428E-4	99.8866069394359
796	0.165807134156498		0.244003116967822		1.33337259292603	0.165552539922095	0.318744727603497	0.51938910854091	4.04444270834514E-4	99.906916614589
794	0.167041458034623		0.245363215610458		1.32502686977386	0.16678686380022	0.318551837154805	0.523578408116878	5.31645282627907E-4	99.8776590473827
792	0.15683003324785		0.230570762285167		1.31713449954987	0.156575439013447	0.297170769149962	0.526887080655076	5.16473485351614E-4	99.8811482698513
790	0.151157528845467		0.222743275133827		1.30966234207153	0.150902934611064	0.285233542159277	0.529050452722698	3.12016598134522E-4	99.9281813252016
788	0.153825757747159		0.226834059381091		1.30193436145782	0.153571163512756	0.288876384970613	0.531615498886759	4.14142432763344E-4	99.9046856338208
786	0.157809067667766		0.232651243615354		1.29363858699799	0.157554473433363	0.294561032207599	0.534878874685374	3.67243918073313E-4	99.9154747056446
784	0.162686448210105		0.239869732279748		1.28498160839081	0.162431853975703	0.301865466525205	0.538093528370328	3.65650567364482E-4	99.9158412787675
782	0.170980618938072		0.251946342605943		1.27644824981689	0.170726024703669	0.315275994067418	0.541512921745515	2.98860157248438E-4	99.9312085778587
780	0.182586464915257		0.269065444634096		1.268270611763	0.182331870680854	0.334967814545548	0.544326537545776	4.88643803484846E-4	99.8875488799423
778	0.198598413818256		0.29225196416425		1.26044166088104	0.198343819583853	0.36212533549409	0.547721465865485	2.10558741159971E-4	99.9515288092196
776	0.218206607518898		0.320731613403478		1.25292003154755	0.217952013284495	0.395647091746441	0.550874801890807	2.91725268110289E-4	99.9328503301286
774	0.261333310227431		0.38374611510481		1.24577045440674	0.261078715993028	0.471891002671721	0.553260635432483	2.48807682545147E-4	99.9427263215513
772	0.35099314892709		0.51500932258812		1.23883104324341	0.350738554692687	0.631875328120857	0.555075564883588	1.86263636354148E-4	99.957120408682
770	0.435464793181844		0.63665865681883		1.23221707344055	0.435210198947441	0.778400208424264	0.559108533421963	2.32931664202046E-4	99.9463798829578
768	0.432132194318207		0.628755298390938		1.22665858268738	0.431877600083804	0.765194148198533	0.564402643565109	3.18592154034675E-4	99.9266683463466
766	0.369741702318972		0.537192739247527		1.22236526012421	0.369487108084569	0.650593066323474	0.567923525795555	3.37887888017471E-4	99.9222286961621
764	0.327700576998679		0.478022892377024		1.2186872959137	0.327445982764276	0.576525961816735	0.567963985060509	2.65286691137994E-4	99.9389341347551
762	0.328658249113993		0.479952350987478		1.214359998703	0.32840365487959	0.57682189913201	0.569332848447267	1.75371640781657E-4	99.959627339373
760	0.346742216632065		0.506142043570818		1.20898902416229	0.346487622397662	0.605933733125133	0.571824282847953	4.4518102652586E-5	99.9897498534098
758	0.371188612408405		0.541460729342777		1.2031888961792	0.370934018174002	0.645521815015354	0.574626619187424	7.85776433845625E-5	99.9819084656855
756	0.39586927026877		0.576769239028352		1.19780671596527	0.395614676034367	0.684926996281084	0.577601230762428	4.0721706316184E-5	99.9906239201894
754	0.420844169460968		0.612374902948578		1.1931779384613	0.420589575226565	0.724764072377643	0.580312395793557	7.17969681953668E-5	99.9834695035683
752	0.447600680279347		0.650613309167856		1.18890511989594	0.447346086044944	0.767630499785527	0.582762261491604	-3.32376626909757E-5	100.007653547533
750	0.488085522036523		0.708586516028491		1.1848680973053	0.48783092780212	0.833714552227983	0.585129438485225	-1.91514162171477E-5	100.004409873781
748	0.540926754125184		0.784196568216603		1.18107759952545	0.540672159890782	0.92034876461743	0.587464427265818	-4.64643419586595E-5	100.010699382458
746	0.594220482549929		0.859732197187238		1.17750906944275	0.593965888315526	1.00651189372145	0.590123069603689	-1.80368206017511E-5	100.004153217668
744	0.640572659793914		0.924750570035348		1.174187541008	0.640318065559511	1.08001647903071	0.592878051392495	3.3712517775702E-5	99.9922377071938
742	0.712725905050037		1.026609079455		1.17108881473541	0.712471310815634	1.19645163489493	0.595486929881793	9.07807633172687E-6	99.9979097175233
740	0.817047086884167		1.17434022815669		1.16803753376007	0.816792492649764	1.36588979748432	0.597992967041793	6.32058450251227E-6	99.998544642225
738	0.92452709133751		1.32400221028572		1.16498303413391	0.924272497103107	1.5366715704227	0.60147692902841	-5.38417058804503E-5	100.012398279457
736	0.984319310642049		1.4048879964005		1.16204738616943	0.984064716407646	1.62679241854606	0.604911053917471	8.24201627826239E-5	99.9810238568793
734	0.998889276709319		1.42315364116394		1.15931880474091	0.998634682474916	1.64414828357615	0.607387236571392	1.49700935446188E-4	99.9655360259558
732	1.00212619533652		1.42740716287546		1.15665113925934	1.00187160110212	1.64528483570539	0.608935048424355	-1.90863327320378E-5	100.004394887095
730	1.00240689907075		1.42968412667252		1.15388596057892	1.00215230483635	1.64397884849508	0.609589536844549	-2.75556581067921E-5	100.006345126053
728	1.00795229394605		1.44149618869807		1.15089321136475	1.00769769971165	1.65330940337302	0.609503398248255	-8.71659465744614E-5	100.02007271522
726	1.02687405137777		1.47267739432299		1.1476241350174	1.02661945714337	1.68439753360319	0.609487627868505	-1.10449659872475E-4	100.025435208236
724	1.03943237347115		1.49399978498486		1.14410185813904	1.03917777923674	1.70362278378574	0.609981146722818	-1.28222902648394E-4	100.029528773306
722	1.03097022750886		1.48421994646193		1.14027833938599	1.03071563327446	1.68677764213433	0.611056020383495	-3.40652555051166E-5	100.007844122587
720	0.98971369538612		1.42503863108561		1.13600122928619	0.989459101151717	1.61322060157415	0.613343953199097	-2.12355828922449E-5	100.004889793207
718	0.901448490355509		1.29766451660434		1.13137769699097	0.901193896121106	1.46254655107234	0.616181341688133	-2.23329610509172E-5	100.005142486541
716	0.768350729351697		1.10582426315947		1.12621939182281	0.768096135117294	1.23982412984378	0.619520234062613	1.90962835717753E-5	99.9956030148818
714	0.637297218827998		0.918660059500602		1.12039887905121	0.637042624593595	1.02371792252862	0.622283356161313	5.48526773012062E-5	99.9873705018818
712	0.52160088445143		0.755224557529147		1.11375534534454	0.521346290217027	0.835620505706942	0.623903179321771	-2.91095539011124E-5	100.006702947125
710	0.437547448507994		0.637891827895446		1.10628998279572	0.437292854273591	0.700215422695694	0.624511886056577	-7.74033640808073E-5	100.01782437158
708	0.374306657439891		0.550769646541909		1.09837675094604	0.374052063205488	0.599513841514581	0.623925649924116	4.54510138003767E-5	99.9895350649287
706	0.328405330108656		0.488571865418369		1.09038031101227	0.328150735874253	0.527330004445353	0.622287245383282	-5.85606477309025E-5	100.013484996594
704	0.295907200966051		0.445559772999904		1.0826700925827	0.295652606731648	0.477033280558733	0.61977354365163	-1.03456574086301E-5	100.002382204027
702	0.281127937719442		0.427973957640486		1.07555782794952	0.280873343485039	0.454984997333695	0.61732440658706	-3.72669751893934E-5	100.008581406335
700	0.279510013226395		0.428892646601659		1.0694442987442	0.279255418991992	0.453381324529127	0.615939395567343	-8.52596426334668E-5	100.019633685372
698	0.294350596968364		0.4532087414752		1.0649927854538	0.294096002733961	0.477390610981361	0.616048987912424	-1.10326050003378E-4	100.025406738776
696	0.320119691714029		0.492933231672914		1.06259047985077	0.319865097479626	0.518524625463991	0.616875422634752	-8.08989620250596E-5	100.018629409459
694	0.347452746719558		0.534004999697276		1.06203079223633	0.347198152485155	0.561870990527761	0.617932155847793	-2.15516907549454E-4	100.049636916904
692	0.367209584103992		0.56324441303259		1.06277585029602	0.366954989869589	0.59334010838931	0.618456404145222	-1.29539375658449E-4	100.029831992389
690	0.383448612969768		0.587550328767987		1.06392598152161	0.383194018735365	0.619841913630589	0.618212499524096	-1.65278341930591E-4	100.03806398713
688	0.391394169578644		0.599632335555648		1.06461536884308	0.391139575344241	0.633106239913379	0.617810330534346	-1.68648791452788E-4	100.03884036023
686	0.393021324113158		0.602054952123116		1.0645604133606	0.392766729878755	0.635652580641664	0.617895280913158	-2.30162680089785E-4	100.05301096146
684	0.388201390050386		0.59482066412712		1.06376242637634	0.387946795815983	0.627480536194722	0.618261082915239	-3.11506542705953E-4	100.071752762148
682	0.38619851530253		0.592506426160293		1.06245732307434	0.385943921068127	0.624251917069323	0.618250277676389	-1.18681128436219E-4	100.027331073973
680	0.391994020040114		0.601952356603506		1.06094348430634	0.391739425805712	0.633384052167325	0.61848640562586	-5.74342509102614E-5	100.013225599503
678	0.400392834398644		0.615217847273156		1.05921316146851	0.400138240164241	0.646402030452017	0.619023798369618	-1.20145803102772E-4	100.027668420523
676	0.407493626301423		0.626357657409308		1.05730748176575	0.40723903206702	0.657017263072891	0.619830033327207	-2.47360245345765E-4	100.056973024819
674	0.414530079520377		0.637692322281009		1.05524814128876	0.414275485285974	0.66769846048494	0.620452958638083	-1.4342296817208E-4	100.033029812492
672	0.420188421477748		0.646915538491713		1.05312037467957	0.419933827243345	0.676065292836776	0.62114389200679	-1.32244304293817E-4	100.030455012968
670	0.42516772138461		0.654804166084703		1.0509113073349	0.424913127150207	0.68293739922286	0.622184592077885	-2.00585442862724E-4	100.046197172669
668	0.430085027883516		0.662863241980235		1.0485315322876	0.429830433649113	0.68984109152318	0.623086155537706	-1.60442970233938E-4	100.036950184053
666	0.432252923382666		0.666683351523076		1.04595601558685	0.431998329148263	0.6921422956841	0.624146699084881	-2.30907468836365E-4	100.053182546465
664	0.437324601524022		0.674896345875025		1.04322910308838	0.437070007289619	0.698905845859131	0.625363215773864	-3.52590804357901E-4	100.081219998596
662	0.44410114110876		0.685732548834655		1.04042720794678	0.443846546874357	0.708303011348753	0.626633714332491	-2.89801745833807E-4	100.06675158695
660	0.452352482323348		0.698945694228635		1.03775990009308	0.452097888088945	0.720199231448093	0.627740031296506	-1.56918935728565E-4	100.036138448586
658	0.463500906045891		0.716558658025445		1.03528940677643	0.463246311811488	0.736719238542142	0.628796273500586	-1.58752791194411E-4	100.036560862902
656	0.479263122169432		0.741176249784988		1.03309750556946	0.479008527935029	0.760591838834738	0.629783943867833	-1.75637022803226E-4	100.040450097895
654	0.498051034081664		0.770447448703671		1.03115320205688	0.497796439847261	0.789343485174729	0.630646162534766	-2.9317733938556E-4	100.067529367945
652	0.511131867464454		0.790866503797861		1.02945709228516	0.510877273230051	0.80906566128707	0.631441053149311	-1.78786470522968E-4	100.041175581002
650	0.515721698989082		0.798188812118212		1.02793705463409	0.51546710475468	0.815397913106008	0.632166328205533	-1.52026470647554E-4	100.035011516106
648	0.518488271548829		0.802541108548575		1.02666783332825	0.518233677314426	0.818859482294733	0.632872536154985	-3.2340699048991E-4	100.074494945239
646	0.519829525205579		0.805261863542586		1.02560043334961	0.519574930971176	0.820798542781985	0.633011517308678	-2.08724864143923E-4	100.048072227065
644	0.527103354827393		0.816999142243245		1.02465677261353	0.52684876059299	0.832070003531774	0.633178408495375	-2.80216026888135E-4	100.064542944634
642	0.540594374976122		0.83808946350907		1.02378344535828	0.540339780741719	0.852952742058603	0.633493221954604	-2.99224321551621E-4	100.068922687003
640	0.554228678205333		0.859644529340909		1.02288675308228	0.553974083970931	0.874254065081779	0.633653426500352	-2.42251602392057E-4	100.055796053052
638	0.569384641279539		0.883590743539658		1.02184903621674	0.569130047045136	0.897836551724619	0.6338904848014	-1.71543893734674E-4	100.039507243307
636	0.583187461048604		0.905179154403102		1.02063095569611	0.582932866814201	0.918800098922986	0.634450156783301	-2.21573610980567E-4	100.051032226377
634	0.598839066210673		0.9295627892544		1.01923584938049	0.59858447197627	0.942396860569037	0.635172396069776	-2.92689690244952E-4	100.067417006819
632	0.611802306210144		0.950075392932202		1.0177036523819	0.611547711975741	0.961855925778173	0.635799703038663	-1.63805088204251E-4	100.037724629375
630	0.626028265931132		0.972616182637055		1.01619136333466	0.625773671696729	0.983332381253869	0.636380621269475	-1.47719086787328E-4	100.034019361992
628	0.644138019276737		1.00082749691642		1.01451146602631	0.643883425042335	1.0103275059511	0.637301688066183	-2.73185694763053E-4	100.062923119132
626	0.66052003367661		1.02639483079863		1.01275491714478	0.660265439442207	1.0344716443834	0.638263448811842	-2.4278302768027E-4	100.055918486597
624	0.674112866569073		1.04775858498573		1.01092803478241	0.67385827233467	1.05420280581522	0.639211230151843	-2.78827038918871E-4	100.064222912421
622	0.684973881845499		1.06488788484404		1.0092089176178	0.684719287611096	1.06969714061481	0.640105747331017	-2.27483262860429E-4	100.052393677692
620	0.694184529391703		1.07929795253548		1.00772297382355	0.6939299351573	1.08264349115202	0.640958857489553	-2.4711199352533E-4	100.056915830175
618	0.702450776917266		1.09223847219813		1.0068142414093	0.702196182682863	1.09469589729408	0.641453196653594	-3.18734149956297E-4	100.073418188199
616	0.709639721895865		1.10397181718298		1.00664889812469	0.709385127661462	1.10632748051331	0.641207183367014	-1.90671070901516E-4	100.043913275609
614	0.718391630735406		1.1175973191427		1.00700271129608	0.718137036501003	1.12043724575441	0.640943559509635	-2.91101692255909E-4	100.067051110927
612	0.727568179465828		1.13211087346703		1.00780045986176	0.727313585231425	1.13595162399522	0.640268097573921	-2.68475481393894E-4	100.061837875865
610	0.738266397196517		1.14896671751589		1.00835275650024	0.738011802962115	1.15357078707724	0.639762909419704	-2.94899958199535E-4	100.067926284226
608	0.749054270993743		1.16597626944988		1.0085117816925	0.74879967675934	1.17090704782639	0.639503945380953	-1.96970023214435E-4	100.045364310415
606	0.763358636476137		1.18826566602829		1.00798010826111	0.763104042241734	1.19275703023799	0.639781634394957	-2.46005243392469E-4	100.05666084682
604	0.780624340752849		1.21508536501781		1.00688087940216	0.780369746518446	1.21846053938233	0.640455493875932	-2.52027038670245E-4	100.058048211685
602	0.796407961905601		1.23946094322851		1.00539457798004	0.796153367671199	1.24116899002956	0.641454446627961	-2.49629487819472E-4	100.057495836266
600	0.814168493450845		1.26706092938532		1.00393652915955	0.813913899216442	1.26707764945957	0.642355186016889	-2.36520184343571E-4	100.054475617644
598	0.834108906273999		1.2977826928734		1.00287997722626	0.833854312039596	1.29655440688549	0.643130984408615	-2.01761752807741E-4	100.046468153538
596	0.855425220886089		1.33075098955563		1.00218975543976	0.855170626651686	1.3287025558951	0.64361329242389	-2.13784336759134E-4	100.049237780511
594	0.875924529581033		1.36220283879519		1.00178515911102	0.87566993534663	1.35967413812831	0.644029264653113	-2.27739048905975E-4	100.052452605481
592	0.895460352562054		1.39223783013025		1.00154709815979	0.895205758327651	1.38943248802462	0.644295974106937	-2.88120008287229E-4	100.066364094835
590	0.912238897111709		1.41813385358635		1.00122630596161	0.911984302877306	1.41491523733262	0.644550485297314	-2.0645400658202E-4	100.047549092793
588	0.930193753912524		1.44568235811494		1.00070452690125	0.929939159678121	1.4417457816206	0.645009107384257	-2.37124520913327E-4	100.054614847184
586	0.942647261858367		1.46469890009218		0.999973237514496	0.942392667623965	1.45970822356269	0.645603451711656	-2.46349293418225E-4	100.056740112185
584	0.957930979143488		1.48806176620976		0.999053955078125	0.957676384909085	1.48170706731416	0.646333142383555	-2.84424042002293E-4	100.065512505995
582	0.972399156881086		1.51019831702463		0.998229086399078	0.972144562646683	1.50258104509473	0.646983113370362	-2.54274326018496E-4	100.058565970434
580	0.988301584490883		1.53450581357057		0.997582137584686	0.98804699025648	1.52585595188593	0.647536216662703	-1.52219883487799E-4	100.035056066661
578	1.00136780453145		1.55451277149843		0.997147619724274	1.00111321029704	1.54514122374173	0.647910491879012	-2.55517970380186E-4	100.05885249825
576	1.02132785999368		1.58485700965843		0.996688485145569	1.02107326575928	1.57467351939529	0.648434899795226	-2.47792726753181E-4	100.057072664128
574	1.03866684002694		1.61133469357363		0.996220171451569	1.03841224579254	1.60031123087107	0.648881433661698	-2.10790066777321E-4	100.048547987274
572	1.0573438876818		1.63972188675854		0.9957315325737	1.0570892934474	1.62779231301919	0.649400593056452	-2.70490183799348E-4	100.062302066182
570	1.07892383296911		1.67228353366212		0.995352268218994	1.0786692387347	1.65958261202754	0.649964172266711	-3.06667591999822E-4	100.070637759307
568	1.09731486988292		1.7004200997118		0.995181918144226	1.09706027564852	1.687299583681	0.650187012584442	-2.2641303833546E-4	100.052147120579
566	1.11975115366779		1.73466661294166		0.995282471179962	1.11949655943338	1.72155502250134	0.650282183724111	-1.47065720851019E-4	100.033868867859
564	1.14766655425204		1.77653537192964		0.995623111724854	1.14741196001764	1.76382973767009	0.650523083669798	-3.3194441430654E-4	100.076462243489
562	1.1749572584887		1.81801134374877		0.996170461177826	1.17470266425429	1.80611655104791	0.650402469083588	-2.74531883616617E-4	100.063233286095
560	1.20227600685366		1.85945779438882		0.99668163061142	1.20202141261925	1.84835224777203	0.650320529578791	-1.60700976107072E-4	100.03700961407
558	1.23451229822875		1.90803635101844		0.997178435325623	1.23425770399435	1.89771506427722	0.650391477218124	-1.87875714423E-4	100.043269340416
556	1.26246546278991		1.94992446272851		0.997675478458405	1.26221086855551	1.94045172137087	0.650472699039268	-2.47362874373074E-4	100.05697363052
554	1.2908504083552		1.99234877743936		0.99818366765976	1.2905958141208	1.98378739362756	0.650571638002403	-2.10954470917874E-4	100.048585861111
552	1.32088352896273		2.03724338632979		0.998678505420685	1.32062893472833	2.02960611370008	0.65068237911481	-1.80314744697487E-4	100.04152762465
550	1.35283747628378		2.08511916433673		0.999059557914734	1.35258288204938	2.07821127716049	0.650839929950453	-1.2295013499386E-4	100.02831432255
548	1.38230954495264		2.12826915653492		0.999196529388428	1.38205495071823	2.1216115232235	0.651417535957945	-2.1912149788128E-4	100.050467319927
546	1.41154693344665		2.17154739122527		0.99907249212265	1.41129233921225	2.16458624650741	0.651991733519228	-1.35579159565024E-4	100.031223128578
544	1.43456152533467		2.20496905857219		0.998806416988373	1.43430693110027	2.19739154505657	0.65273161459413	-1.36838349377295E-4	100.031513158696
542	1.46192527492015		2.24441490802395		0.998482644557953	1.46167068068575	2.23606523613773	0.653679801941038	-2.83831732981986E-4	100.065376032547
540	1.47912985706576		2.26878796700859		0.99831360578537	1.47887526283136	2.26001863640957	0.654364189306335	-1.1391085989842E-4	100.026232384882
538	1.50212065897585		2.30199408259856		0.998360693454742	1.50186606474145	2.29327691577481	0.654899569437312	-4.71392856236397E-5	100.010854810729
536	1.52302595826976		2.33125320113399		0.998661279678345	1.52277136403535	2.32318732385593	0.655466456965649	-1.2689407830046E-4	100.029222710311
534	1.54285728448446		2.35851664096646		0.999168038368225	1.54260269025006	2.35160695509907	0.655978111863117	-2.08829938669524E-4	100.048096433002
532	1.5628380079764		2.3867453273771		0.999805629253387	1.562583413742	2.38133076629019	0.656180752317873	-2.16294223896079E-5	100.004980482578
530	1.58885220770155		2.42307975106004		1.0004802942276	1.58859761346715	2.41928955398396	0.656638065853312	-1.05107033546148E-4	100.02420471773
528	1.60922324796439		2.4509222192105		1.00102841854095	1.60896865372999	2.44848609067179	0.657127953415712	-1.33896341948453E-4	100.030835525269
526	1.62559627035991		2.47267011951423		1.0014044046402	1.6253416761255	2.47118418477581	0.6577177395917	-5.71864149193852E-5	100.013168525626
524	1.65436287791098		2.51278408419769		1.00163662433624	1.65410828367657	2.51193685379228	0.65849915023913	-5.44859286242189E-5	100.012546635727
522	1.67684000642224		2.54353347372326		1.00181710720062	1.67658541218783	2.54319473904329	0.659243818984361	-3.51688535215739E-5	100.008098255677
520	1.70750604939052		2.58576474796858		1.0020604133606	1.70725145515612	2.58613067977532	0.660156684465938	-1.29581495335869E-5	100.002983768708
518	1.74876621463093		2.6438938859199		1.00242054462433	1.74851162039652	2.64532995339584	0.66098053974399	-6.57309257016081E-5	100.015136250382
516	1.78502467548458		2.69473618308002		1.00289297103882	1.78477008125018	2.69756604188662	0.661622386083251	-3.56605056299747E-5	100.00821147199
514	1.83419635802736		2.76355645868394		1.00349617004395	1.83394176379296	2.76824940025497	0.662491523929903	-4.93886316011894E-5	100.011372799343
512	1.87923909008615		2.82651661468236		1.00418245792389	1.87898449585174	2.8333660815299	0.663163333570073	-7.85741835531255E-5	100.018094011143
510	1.94382010636862		2.91841750542842		1.00497353076935	1.94356551213422	2.92795610764067	0.663795986238445	-6.30226866401105E-5	100.014512562848
508	2.02218565933918		3.03017897959122		1.00580215454102	2.02193106510478	3.04278020624714	0.664501189061749	-7.80762875897653E-6	100.001797789119
506	2.10483782880872		3.14746417199367		1.00663805007935	2.10458323457432	3.16337271769094	0.665297270474828	7.24998537043545E-6	99.9983306431101
504	2.19481835060494		3.27485486972683		1.00742840766907	2.19456375637054	3.29419343411422	0.666191527687455	-2.71617235048365E-5	100.006254413545
502	2.29227798156317		3.41278132181242		1.00814700126648	2.29202338732876	3.43559330472619	0.6671404860918	5.36647894571293E-6	99.9987643301922
500	2.41019298353341		3.58080206088713		1.00866842269897	2.409938389299	3.60684743403939	0.668156453349083	-3.76360734156963E-5	100.008666401671
498	2.58757026553949		3.83626380303042		1.00904226303101	2.58731567130508	3.86595592556933	0.669256380858521	4.80990318597215E-6	99.9988924849955
496	2.80354156594604		4.1458791704456		1.00876116752625	2.80328697171164	4.17720692045236	0.671091239935048	-1.10080567043792E-4	100.025350199891
494	2.98752608669525		4.40617708200316		1.00816118717194	2.98727149246084	4.43714469680176	0.67324184731096	9.76036182082991E-6	99.9977526188909
492	3.0745193114453		4.5200389589896		1.00794267654419	3.07426471721089	4.55094922730708	0.67552164694881	2.22933907089069E-5	99.9948668888368
490	3.10941097390353		4.55944829721103		1.00791668891907	3.10915637966913	4.5905532206023	0.67729448505581	5.7067568206386E-5	99.9868605701142
488	3.20536094910607		4.68833070636401		1.00887954235077	3.20510635487167	4.72496535933052	0.678334360386888	-7.30630364988239E-5	100.01682480108
486	3.41301889505366		4.97936808313077		1.00954282283783	3.41276430081925	5.02188644819103	0.679578149770508	4.59653768712525E-5	99.9894166409192
484	3.62111094744482		5.26618797944563		1.01009511947632	3.62085635321041	5.3143491791239	0.681335800709906	9.50858713550771E-5	99.9781080656401
482	3.72149102516872		5.39178078900238		1.01073944568634	3.72123643093432	5.44468073832739	0.683462742771853	-2.75937662652923E-5	100.006353901338
480	3.70235365952253		5.34627240295376		1.01162850856781	3.70209906528813	5.40343238749351	0.685138408293367	4.40447653287781E-5	99.9898588322441
478	3.78384998488048		5.4498612941414		1.0127238035202	3.78359539064608	5.51418964508305	0.686156195955261	1.67621360157779E-4	99.9614112028756
476	4.05778025722341		5.8279350841346		1.01399922370911	4.05752566298901	5.90450072237875	0.687192000436296	-3.56350737565603E-6	100.000820531263
474	4.51138307523512		6.46025424664703		1.01552999019623	4.51112848100072	6.55555342324306	0.688138466693944	7.12537403753503E-5	99.9835945657977
472	5.0560516155392		7.22058100142142		1.01726651191711	5.0557970213048	7.34021814223298	0.688780213794404	1.18224377948346E-4	99.972781535867
470	5.52326855703167		7.86458328156296		1.01911818981171	5.52301396279727	8.00989360164498	0.689524010863641	1.55915695321269E-4	99.9641055280265
468	5.70901231849651		8.09665887878016		1.02110064029694	5.7087577242621	8.26244747318165	0.690928171439716	1.94907704025495E-4	99.9551309118076
466	5.54720288310791		7.82726930466128		1.02326714992523	5.54694828887351	8.00432073316047	0.69299425570161	2.21315402885382E-4	99.9490532275243
464	5.34654258117533		7.5162592228962		1.02553856372833	5.34628798694093	7.70313562098583	0.694040485588221	1.53085327019195E-4	99.9647570126053
462	5.17789853888045		7.26489793239668		1.027627825737	5.17764394464605	7.46052285418627	0.694005506831301	2.48963970065225E-4	99.9426903556372
460	5.04771606869751		7.07297813335887		1.02919805049896	5.04746147446311	7.27439911865025	0.693866447542358	2.77661200345105E-4	99.9360865792519
458	4.83828395283514		6.77897327613522		1.03004312515259	4.83802935860074	6.97753444677155	0.693372335960198	2.38641130242834E-4	99.9450659433738
456	4.67311119958889		6.55782687809309		1.03006207942963	4.67285660535449	6.74986832482923	0.692288557417556	3.00216003278929E-4	99.9308965980233
454	4.5253243593591		6.36979052630539		1.02918720245361	4.5250697651247	6.55061075827457	0.690785933114518	2.87648263742196E-4	99.9337884691027
452	4.33644961646147		6.12652209466025		1.02735614776611	4.33619502222706	6.28903307133375	0.689485167758461	2.79467793104729E-4	99.93567086263
450	4.09147928052626		5.79804718142199		1.02460694313049	4.09122468629185	5.93564594463212	0.689263599017684	2.36626566514693E-4	99.9455295600672
448	3.71322531475253		5.28309057947575		1.02102768421173	3.71297072051812	5.38912600888638	0.688974559955665	3.06372007204991E-4	99.9294801152968
446	3.4281924789774		4.89750977046958		1.01675081253052	3.427937884743	4.9745124849454	0.689100267637709	2.90003270302245E-4	99.9332465693109
444	3.28491433013585		4.70496126049678		1.0121191740036	3.28465973590145	4.75696988520519	0.69049412024179	2.72135185269245E-4	99.9373581860936
442	3.23060600515754		4.631219683643		1.00782012939453	3.23035141092314	4.66244608852838	0.69284477495004	2.95492396274408E-4	99.9319835030379
440	3.19437404729451		4.57801848756652		1.0045450925827	3.1941194530601	4.59385188984786	0.695303098499739	4.33248484207336E-4	99.900290592768
438	3.15983295856534		4.52152117333914		1.00285410881042	3.15957836433093	4.52946034425879	0.697561767669692	4.99281768623438E-4	99.8851021823833
436	3.12919808319947		4.46614197434168		1.00277864933014	3.12894348896506	4.47358644789521	0.69942618197022	5.13322036701067E-4	99.8818730579043
434	3.11283342262032		4.42879722351434		1.00421047210693	3.11257882838592	4.44247209201136	0.700641166431432	5.60973202268941E-4	99.8709145337447
432	3.12466426974102		4.42927121032885		1.00665414333344	3.12440967550662	4.45375965703814	0.70152184134346	6.59372592833649E-4	99.8482890472934
430	3.13064742401399		4.4220425238343		1.00962591171265	3.13039282977958	4.45960944093319	0.701943269077962	6.90612148155245E-4	99.8411070449959
428	3.14450610315783		4.4289961126737		1.01240730285645	3.14425150892343	4.47893496260418	0.702008744305426	6.47866283089433E-4	99.850934488598
426	3.11906358616965		4.38897224808753		1.01423370838165	3.11880899193525	4.44642150932452	0.701420003792903	7.10755936447158E-4	99.8364762436257
424	3.10492084940975		4.37475506064434		1.01462960243225	3.10466625517535	4.43373193776962	0.700237700147733	6.86255324555358E-4	99.84210865172
422	3.0779464598691		4.3505728463855		1.01337480545044	3.0776918656347	4.40374307491881	0.698880886844527	6.69509593028867E-4	99.8459584850707
420	3.45857657309427		4.90842893546501		1.01114857196808	3.45832197885987	4.95814409525729	0.697503322295115	7.6996491546105E-4	99.8228660939638
418	3.25071293867095		4.64094432960023		1.0079870223999	3.25045834443655	4.67302049723316	0.695579731858892	8.10425801908582E-4	99.8135665663813
416	3.05750155028283		4.39461123732281		1.00422537326813	3.05724695604842	4.40820757770422	0.693535161890137	8.26130368082026E-4	99.8099572632816
414	2.90556538145634		4.20312987822465		1	2.90531078722194	4.19817826816086	0.692040833343339	8.60610814563431E-4	99.802033249923
412	2.78541720078408		4.05261361906046		0.995681941509247	2.78516260654968	4.03018396769102	0.691075799238356	8.8102440251877E-4	99.7973422630732
410	2.67106746979569		3.90598389552527		0.991583049297333	2.67081287556129	3.86819748902523	0.690454115421682	0.0010249274241836	99.7642799961261
408	2.58698722110822		3.79875738228185		0.988153755664825	2.58673262687382	3.74886342208017	0.690004498867151	0.00103040355686586	99.763022050164
406	2.53141408900606		3.72741380346536		0.985654711723328	2.53115949477166	3.66906240013821	0.68986548025902	0.00102216302534793	99.7649150240822
404	2.5060552268027		3.69674572497463		0.98426741361618	2.5058006325683	3.63371264508672	0.689597906415767	0.00107301234370604	99.7532347445404
402	2.51812160859043		3.71655572245406		0.984128773212433	2.51786701435602	3.65269640177686	0.689317352827682	0.00117398090374897	99.7300459402245
400	2.56847042430721		3.78790049755961		0.985299050807953	2.56821583007281	3.72733594810463	0.689021828413068	0.00120224446861579	99.7235557935113
398	2.61355875420517		3.84720224292812		0.987817049026489	2.61330415997077	3.7954406817762	0.688537742802448	0.00129032071520493	99.7033336026262
396	2.64130440839118		3.87725717444865		0.991658091545105	2.64104981415678	3.84000314585738	0.687772825656656	0.00129589922667025	99.7020529217964
394	2.64780153971288		3.87490777260257		0.996615350246429	2.64754694547847	3.85685771636691	0.686451806153848	0.00146781027592203	99.6625946892662
392	2.64902094888769		3.86198167402141		1.0025714635849	2.64876635465329	3.86694827631294	0.684975894526014	0.00144628449620768	99.6675345821627
390	2.66838387605641		3.87473605629466		1.0093150138855	2.66812928182201	3.90583154208139	0.683114274918314	0.0015312149949025	99.6480455346749
388	2.68352094874984		3.88160074132583		1.01699423789978	2.68326635451543	3.94252982885268	0.680595067379946	0.00156649331586111	99.6399513195682
386	2.72258302134766		3.92259771381826		1.02549052238464	2.72232842711325	4.01750894945733	0.677616020614211	0.00167987953077523	99.6139405763719
384	2.75663805050846		3.95655202276462		1.03449034690857	2.75638345627405	4.08789248177892	0.674279832104234	0.00170456651773816	99.6082782936081
382	2.78639245712784		3.98654626092602		1.04369103908539	2.78613786289344	4.15555465837522	0.670461127801119	0.00180151791056979	99.5860443397496
380	2.80488856301097		4.00163350451807		1.0526317358017	2.80463396877657	4.20703420000662	0.666653474975827	0.00188266991216751	99.5674374908232
378	2.8081699472752		3.99660653920613		1.06117713451386	2.8079153530408	4.23585293967537	0.662892549158232	0.00195514615264071	99.5508227933278
376	2.81255462743346		3.99409695669663		1.06922745704651	2.81230003319906	4.26530373476914	0.65934343907897	0.00208106789820742	99.5219626609658
374	2.80848382666848		3.98074392940623		1.07646524906158	2.80822923243407	4.27980226925809	0.656158639058081	0.00214431182567766	99.5074708776697
372	2.80921817725148		3.97535998167384		1.08239138126373	2.80896358301708	4.29753580152808	0.653621915614592	0.00226576907994966	99.4796459458614
370	2.82187114350952		3.98785638054969		1.08660447597504	2.82161654927511	4.3278421509923	0.651968452367924	0.0024288829635551	99.4422900381959
368	2.83938603601765		4.00792390976638		1.08728444576263	2.83913144178325	4.3523695182853	0.652318565750314	0.00254597324985584	99.4154829816879
366	2.86035047685185		4.03351632909771		1.08414971828461	2.86009588261745	4.36756730523192	0.654848725328475	0.00263108526438359	99.3960016773868
364	2.88930328435335		4.07110208334205		1.07767069339752	2.88904869011895	4.38197119999644	0.65930344090835	0.00281396737576705	99.3541546712559
362	2.92297541556646		4.11509211002175		1.06871128082275	2.92272082133206	4.39255351807154	0.665380810798913	0.00290059882846055	99.3343378494901
360	2.96158002967002		4.16692002729512		1.05907070636749	2.96132543543561	4.40781883151638	0.67183465306283	0.00306975269251339	99.2956555361367
358	3.00753723163482		4.22867530048586		1.04836678504944	3.00728263740041	4.42801162626493	0.679149670602172	0.0031915254942303	99.2678177079986
356	3.04798719485209		4.28345099606777		1.03684234619141	3.04773260061769	4.43612934156285	0.687025189293505	0.00328610330446369	99.2462021660006
354	3.08172274159229		4.32942582498562		1.02479386329651	3.08146814735789	4.43169463743588	0.695325016603759	0.00347452882760241	99.2031519727082
352	3.12026535618438		4.38233565143436		1.01273274421692	3.12001076194998	4.43312015270856	0.703795668620373	0.00364466809128118	99.1642957444263
350	3.13977797817672		4.40886968453146		1.00126516819	3.13952338394232	4.40948977152686	0.711992440534726	0.00373830627888037	99.1429172458337
348	3.16051208453919		4.43852840023327		0.990810453891754	3.16025749030478	4.39283423183176	0.719411961281087	0.00390334228391836	99.1052491584424
346	3.18453752389631		4.47301083417751		0.981342911720276	3.18428292966191	4.38469824873039	0.726226241585479	0.00406876527954981	99.0675071055688
344	3.1942086298147		4.48892030677019		0.972720801830292	3.19395403558029	4.36164962604217	0.732281203081994	0.00429377573005641	99.0161929587748
342	3.19919266299791		4.49824801669386		0.964752793312073	3.1989380687635	4.33492025947545	0.737946231368646	0.00440911564002771	98.9898997341054
340	3.20402560975594		4.50908611479508		0.957048177719116	3.20377101552154	4.31067371995487	0.743218165803344	0.00465772254205545	98.9332503154735
338	3.18735954536941		4.49194148595734		0.950148642063141	3.18710495113501	4.26330733753131	0.747566313851657	0.00491213566604729	98.8753114113438
336	3.18081910350101		4.49060612219314		0.944044172763824	3.18056450926661	4.23465600320747	0.751079782361907	0.00507545519784478	98.8381356371088
334	3.1469152828357		4.4545131291733		0.938558220863342	3.1466606886013	4.17617254299741	0.753479569199699	0.00523862868224602	98.801007065905
332	3.08825402818729		4.38816145707515		0.933434963226318	3.08799943395289	4.09144132235828	0.754746112837562	0.00552120361878886	98.7367428195291
330	3.02682231456557		4.32211607159686		0.928119659423828	3.02656772033117	4.00684520971473	0.755349298992922	0.00569122608237703	98.6980958200464
328	2.9370953984202		4.22041403342903		0.923022568225861	2.93684080418579	3.89096695227419	0.754784309455333	0.00601843503149382	98.6237620702588
326	2.85396776203361		4.13038661679657		0.918195605278015	2.8537131677992	3.78795629304211	0.753364861427	0.00625353485545285	98.5703877922999
324	2.76493415643234		4.03262996435516		0.913534343242645	2.76467956219793	3.67942250018018	0.751389535195415	0.00654312269601639	98.5046829026282
322	2.67402702788933		3.93193760635907		0.908978700637817	2.67377243365493	3.56954662833538	0.749050989397445	0.00687941180594453	98.4284368725552
320	2.59150620302376		3.83968714286049		0.904343068599701	2.59125160878936	3.46791649899767	0.747207036137779	0.00715743951068738	98.3654448801832
318	2.51696884980597		3.75728462854132		0.899914681911469	2.51671425557157	3.3767795747491	0.74530012986073	0.00753088136743762	98.2808985940049
316	2.46541174551979		3.70725839583106		0.895963847637177	2.46515715128539	3.31713303290927	0.743158964934049	0.00789526115628345	98.1984739822779
314	2.41585401866704		3.65906116701974		0.892610192298889	2.41559942443263	3.26169543431565	0.740596255253813	0.00826721721138826	98.1144068765355
312	2.36438221711489		3.60802044456744		0.88999992609024	2.36412762288049	3.20673099640629	0.73723914651086	0.00865145075024286	98.0276404643516
310	2.29941987606588		3.53768544728989		0.888025283813477	2.29916528183147	3.13715696844017	0.732881811449378	0.00913892010562951	97.9176720798236
308	2.23567524741434		3.4695770735386		0.887133359909058	2.23542065317994	3.07358482823888	0.727300783320433	0.00950874240359866	97.8343260411112
306	2.17020732775406		3.3999011704967		0.887335538864136	2.16995273351966	3.01245939762329	0.720325968619416	0.00996493819120677	97.731611923602
304	2.10038172988854		3.32395207412049		0.888603985309601	2.10012713565414	2.94927703960519	0.712082014491006	0.0104790826158254	97.6159797114089
302	2.02057378343009		3.23386053395313		0.891015827655792	2.02031918919569	2.87700895724443	0.702229022995719	0.0110077641560171	97.497220736929
300	1.93706439655675		3.13659099088477		0.894482612609863	1.93680980232234	2.80119697510868	0.691422209695625	0.0115810624305875	97.3686026807823
298	1.85360225089415		3.03876378180301		0.900495111942291	1.85334765665975	2.73193303120219	0.678401569691546	0.0121057349749279	97.251042389099
296	1.75155913606752		2.91025964413289		0.909423410892487	1.75130454183312	2.64215514203647	0.662831835258275	0.0127932271657495	97.0972148747806
294	1.65619940744465		2.79143834333815		0.92107892036438	1.65594481321025	2.56657419189401	0.645196549719937	0.0134500824126927	96.9504697274191
292	1.55026589956716		2.65305850990671		0.934718489646912	1.55001130533276	2.47523448184474	0.626207867053294	0.0142354915343599	96.7752960280086
290	1.44099500156629		2.50706460179867		0.948803901672363	1.44074040733188	2.37401456898316	0.606879345289352	0.0150007470657962	96.6049217207363
288	1.32321994100174		2.34384573038055		0.962523102760315	1.32296534676733	2.25123962571514	0.587660829907022	0.0157735385011708	96.4331740311478
286	1.20904490483686		2.18522342876828		0.97529125213623	1.20879031060246	2.12640003206163	0.568467970455441	0.0165738459857295	96.2556329188618
284	1.09869394092234		2.02880929365109		0.986907541751862	1.09843934668793	1.99736041136476	0.549945488274393	0.0174208700122416	96.0680841882104
282	0.996564410995953		1.88184684306645		0.996903836727142	0.99630981676155	1.87108405891523	0.532477315497608	0.018135909650784	95.9100440263878
280	0.900180455997783		1.74122239294476		1.00535523891449	0.89992586176338	1.74556892774354	0.515548740276154	0.0189212223290597	95.7367714668455
278	0.812571752734569		1.61167710079883		1.00982344150543	0.812317158500166	1.62250906460855	0.500654927740663	0.0197108920464031	95.5628532095098
276	0.740127510165155		1.50512926644674		1.01022160053253	0.739872915930752	1.51551187311432	0.488200012851329	0.0204602458053684	95.3981063806355
274	0.670121852485899		1.39969593709508		1.00653350353241	0.669867258251497	1.40385689401875	0.477162067661968	0.0213241514614299	95.2085275330057
272	0.621095100972816		1.32863595355334		0.99854451417923	0.620840506738413	1.32175773969642	0.469708243873048	0.0221386199920671	95.0301423922674
270	0.581020380368787		1.27023533275398		0.988452672958374	0.580765786134384	1.25067307774384	0.46436258720949	0.0229017893594137	94.8632961346128
268	0.547378044992961		1.22305919463682		0.972882628440857	0.547123450758558	1.18507570860315	0.461678057179531	0.023747394157615	94.6787696941805
266	0.518272699955452		1.18257959885131		0.953488886356354	0.518018105721049	1.12285519957108	0.461340078327934	0.0245368651127331	94.5068166868669
264	0.490381824822758		1.1424188049444		0.931065678596497	0.490127230588355	1.05905666568276	0.462796039598481	0.0253866585981448	94.3220739413322
262	0.462450710737587		1.10033756731958		0.906938552856445	0.462196116503184	0.993447754892831	0.465244512584403	0.0260744732209595	94.1728094268045
260	0.430783192248402		1.04863335152276		0.883175373077393	0.430528598013999	0.921754011387084	0.467075372274352	0.0269715166431996	93.978494467059
258	0.400155926440607		0.996778410934062		0.859192788600922	0.399901332206204	0.852170434848856	0.469273886833602	0.0276956337678364	93.8219308010297
256	0.366971206724573		0.936976975320966		0.834685504436493	0.36671661249017	0.777948062147289	0.471389582844336	0.0284961622765926	93.6491495337834
254	0.334415196417649		0.875931646280223		0.80953711271286	0.334160602183246	0.70509066374919	0.473925722411936	0.0292742150803229	93.4815242098445
252	0.302238380750323		0.81291939525027		0.784095585346222	0.30198378651592	0.63352397346668	0.476673021327744	0.0302475479188641	93.2722497286061
250	0.272108615550891		0.752128805588392		0.758817315101624	0.271854021316488	0.566970993413136	0.479484884543989	0.0313390010608777	93.0381355999435
248	0.243381487064605		0.691594221784866		0.735633492469788	0.243126892830202	0.505117302538948	0.481327587885302	0.0323841847369012	92.8144969721815
246	0.215082961176704		0.630002683029509		0.715051770210266	0.214828366942301	0.44694387619596	0.480660723603047	0.0338070755131472	92.5109039280046
244	0.18806775590135		0.568910297409364		0.697206974029541	0.187813161666947	0.393195929881876	0.47765794962163	0.0357621508143868	92.0953810584399
242	0.162728695028479		0.508827912395535		0.681808710098267	0.162474100794076	0.343547251741888	0.472930870412392	0.0380628210495796	91.608796766884
240	0.138445539302756		0.448469776650386		0.667849898338318	0.138190945068353	0.296203562466052	0.466540455887295	0.041461100914797	90.8947708460435
238	0.115232473675906		0.387781074500308		0.657016694545746	0.114977879441503	0.251525349298796	0.457122432240088	0.046271821509879	89.8934769197158
236	0.095677621077652		0.333988907051677		0.649702370166779	0.0954230268432491	0.213776311726297	0.446368571300928	0.0525606066810135	88.6011570309351
234	0.0767582604202178		0.279782762553918		0.645702123641968	0.0765036661858149	0.177459058805842	0.431106006650905	0.0625141502690709	86.5936108798129
232	0.0600034200178065		0.229542328489532		0.644411623477936	0.0597488257834036	0.144728869478806	0.412832809366712	0.0758134491333283	83.9820653379092
230	0.0448489780541297		0.182643413004629		0.644490897655487	0.0445943838197268	0.11452074958336	0.389400034334095	0.095152986719675	80.3243117953438
228	0.0328261454224221		0.144248787494289		0.646355271339417	0.0325715511880191	0.0900354649149022	0.361763569708941	0.120295436483126	75.8061714732393
226	0.0235843274127807		0.11384217178632		0.649210751056671	0.0233297331783778	0.0706929233588637	0.33001511424202	0.152677644953236	70.3594368982254
224	0.0167366461561919		0.0903462658133105		0.652522802352905	0.016482051921789	0.0557219600756359	0.295790957450466	0.191932632505937	64.278741837472
222	0.0120700125211981		0.0737177891646668		0.655378818511963	0.0118154182867952	0.0450678972127118	0.262169282738635	0.236960142501667	57.948187609886
220	0.00876376634910647		0.0612790671761004		0.656985223293304	0.00850917211470355	0.0370063069884724	0.229938429612936	0.288402706874982	51.4751111575397
218	0.00639133765527812		0.0518303296879158		0.657121121883392	0.00613674342087521	0.0308049968318596	0.199212597046216	0.345570854099506	45.1262396960962
216	0.00479385412208006		0.0450278495896699		0.655903518199921	0.00453925988767714	0.0262861465012445	0.17268639537797	0.404445823966279	39.4052580639548
214	0.00371682957117733		0.0400095331500663		0.654084265232086	0.00346223533677442	0.0229308358624472	0.150986006683008	0.460439369224178	34.6386239356899
212	0.0029713671088698		0.0361045792090657		0.652615189552307	0.00271677287446688	0.0203309008638585	0.133627766553935	0.512105552419629	30.7534928047142
210	0.00246115769356536		0.0330480316748924		0.652986526489258	0.00220656345916244	0.0183465847546086	0.120271074353942	0.554964793937273	27.8634703457232
208	0.00204385017532012		0.030210641263409		0.655270755290985	0.0017892559409172	0.01655150445209	0.108102314571849	0.594566200912944	25.4351204780747
206	0.00170838646206095		0.0274601285314033		0.661797821521759	0.00145379222765804	0.0148960884875459	0.0975955687208426	0.62852210996558	23.5221973865224
204	0.00141717209249705		0.0248851659734092		0.668592393398285	0.00116257785809413	0.0133274238545479	0.0872320015317443	0.66421984127705	21.6660708364379
202	0.00113409475827051		0.0223583955825047		0.687935590744019	8.79500523867586E-4	0.0119747472787685	0.0734462701711429	0.715324777857736	19.2608399367762
200	8.51200720246841E-4		0.0195675645046366		0.715800225734711	5.96606485843922E-4	0.0104621034880831	0.0570254812068614	0.792075841832267	16.1407666233789
