Wavelength	I1	I1 dark	R1	R1dark	XCorrect	I1c	R1c	I1c/R1c	Abs	Percent T
nm	uA	uA	uA	uA		uA	uA	uA/uA	OD	T*100
	Abs Detector Raw	Dark Offset for Abs Detector	Ref Detector Raw	Dark Offset for Ref Detector	Linear interp	Dark subtracted Abs Detector	Corrected Ref Detector	Corrected Intensity 	-Log(T)	% Transmittance
800	0.144717310899399	2.51545232721376E-4	0.213234092051096	0.00494955828119453	1.35067892074585	0.144465765666678	0.281325529280383	0.513518151147585	8.458644195026E-4	99.8054220684731
798	0.153308420713093		0.226053788044793		1.34199333190918	0.153056875480372	0.296720401999664	0.515828619969804	7.96418876585925E-4	99.8167858191628
796	0.166505260755881		0.245125307248067		1.33337259292603	0.16625371552316	0.320243761157908	0.519147398600475	6.06600467608645E-4	99.860422580604
794	0.166832946301447		0.245217672703325		1.32502686977386	0.166581401068726	0.318361707559224	0.523245720554306	8.07688552036271E-4	99.8141956683955
792	0.156983283369308		0.230932238609711		1.31713449954987	0.156731738136586	0.297649584561438	0.526564612436862	7.82354062604452E-4	99.8200184811389
790	0.15133541866867		0.223184183373337		1.30966234207153	0.151083873435949	0.285813670219278	0.528609682385157	6.73993248493295E-4	99.8449276808926
788	0.153643071323634		0.226714796304786		1.30193436145782	0.153391526090912	0.288723783559787	0.531274300300755	6.92968456567774E-4	99.8405653484926
786	0.157757006205572		0.232742134117921		1.29363858699799	0.15750546097285	0.294681265934054	0.534494313622563	6.796002714201E-4	99.8436386265572
784	0.162808553235863		0.240083017152858		1.28498160839081	0.162557008003141	0.302142170167404	0.53801496134444	4.29066526237446E-4	99.9012525686744
782	0.170943174442067		0.252044611686666		1.27644824981689	0.170691629209345	0.315404048457826	0.541184014739016	5.62724397670189E-4	99.8705118274223
780	0.182657005343137		0.2691648089144		1.268270611763	0.182405460110415	0.33509643755769	0.544337210624666	4.8012830129282E-4	99.8895074610803
778	0.198440151566081		0.292121669364966		1.26044166088104	0.19818860633336	0.361963692653144	0.547537254028614	3.56646936680392E-4	99.9179127180721
776	0.218276369557803		0.320976509337558		1.25292003154755	0.218024824325082	0.395956497487414	0.550628227364831	4.86161334020144E-4	99.888119848511
774	0.259305651582274		0.380835134891832		1.24577045440674	0.259054106349553	0.468267145579173	0.553218624870945	2.81786077569812E-4	99.9351374027207
772	0.348846083200806		0.511946445708269		1.23883104324341	0.348594537968085	0.628083482972444	0.555013063420073	2.35167913098027E-4	99.9458652450438
770	0.434535546664561		0.635320032251426		1.23221707344055	0.434284001431839	0.776753260618932	0.559101613665315	2.38306704191281E-4	99.9451429055459
768	0.434682700899812		0.63245323691376		1.22665858268738	0.434431155667091	0.769732773062538	0.564392177220957	3.26645832926803E-4	99.9248152953152
766	0.371091354413188		0.539165186444235		1.22236526012421	0.370839809180467	0.653006625281932	0.567895936768419	3.58985892838229E-4	99.9173745970559
764	0.328386496185391		0.478894381326179		1.2186872959137	0.32813495095267	0.577590534808987	0.568109986534295	1.53660799956068E-4	99.9646245518521
762	0.329393449611543		0.48092138937472		1.214359998703	0.329141904378822	0.578001152189399	0.569448526412226	8.7139951817911E-5	99.9799372974234
760	0.345614634849461		0.504492853819107		1.20898902416229	0.345363089616739	0.603942361399196	0.571847765102306	2.66839455481078E-5	99.9938559832283
758	0.370378379867697		0.540065839516808		1.2031888961792	0.370126834634976	0.643845967747396	0.574868607051975	-1.04274783342551E-4	100.024013038839
756	0.395805639592755		0.576615364822423		1.19780671596527	0.395554094360034	0.684745142362788	0.577666156192261	-8.09254440960585E-6	100.001863394573
754	0.420583064115331		0.61168796600064		1.1931779384613	0.42033151888261	0.723946882507982	0.580610993760272	-1.51610456064697E-4	100.034915691717
752	0.446297494249398		0.648282632907637		1.18890511989594	0.446045949016677	0.764861986221772	0.583171810145819	-3.38340210490719E-4	100.077936066886
750	0.486647799263947		0.706375424423557		1.1848680973053	0.486396254031226	0.831097131416821	0.585245978652383	-1.05641188546977E-4	100.024327741311
748	0.540125679909635		0.782634031601753		1.18107759952545	0.539874134676914	0.91850571093766	0.587774390782809	-2.75550458030649E-4	100.063467970101
746	0.594677902897222		0.859838732526168		1.17750906944275	0.5944263576645	1.00663975604188	0.590505544904955	-2.99424069011156E-4	100.068968712265
744	0.640423515812576		0.923927141693911		1.174187541008	0.640171970579855	1.07905202890885	0.593272570208876	-2.55183931223423E-4	100.058775537655
742	0.711056762905828		1.02362381182777		1.17108881473541	0.710805217673106	1.19295802418734	0.595834223217801	-2.44132543340449E-4	100.056229398304
740	0.815711958105322		1.17163804616065		1.16803753376007	0.815460412872601	1.36273594404899	0.598399430523341	-2.88774660639925E-4	100.06651493426
738	0.923474512606365		1.32239170919352		1.16498303413391	0.923222967373643	1.53479775426575	0.601527442171242	-9.03130267393842E-5	100.020797505289
736	0.981890376935935		1.40103433735829		1.16204738616943	0.981638831703213	1.62231666839747	0.605084599588613	-4.21586778664863E-5	100.009707865502
734	1.00056048641944		1.42512453501593		1.15931880474091	1.00030894118672	1.64643555655106	0.607560336756912	2.59483430762527E-5	99.9940253516937
732	1.00094603939641		1.42556772043897		1.15665113925934	1.00069449416369	1.64315961571229	0.609006261226728	-6.9872568327483E-5	100.016090047733
730	1.00216340847114		1.42928825570242		1.15388596057892	1.00191186323842	1.64352442606362	0.609611787540075	-4.34076000189673E-5	100.009995468786
728	1.00610875910235		1.43868747288898		1.15089321136475	1.00585721386963	1.65007923279835	0.609581160635421	-1.42571087170391E-4	100.032833595046
726	1.02664512376638		1.47202913687929		1.1476241350174	1.02639357853366	1.68365593239033	0.609621929746931	-2.06136818719419E-4	100.047476022888
724	1.03847783551109		1.49301213545268		1.14410185813904	1.03822629027837	1.70249515956906	0.609826280235164	-1.79470346801583E-5	100.004132542839
722	1.03180251357732		1.48544072435012		1.14027833938599	1.03155096834459	1.68817200832069	0.61104612756299	-2.70340963452343E-5	100.006225024471
720	0.991856468815058		1.42871665994054		1.13600122928619	0.991604923582336	1.61740117770226	0.613085323080477	1.61932965360781E-4	99.9627205073199
718	0.899827028875172		1.29593137299554		1.13137769699097	0.89957548364245	1.46058803238874	0.615899530664528	1.76337397967964E-4	99.9594050555883
716	0.774398373370501		1.11507548992914		1.12621939182281	0.774146828137779	1.25024535158729	0.619195925947604	2.46501451196157E-4	99.9432570482129
714	0.637839723708643		0.919823420091657		1.12039887905121	0.637588178475921	1.02502364924569	0.622022895710863	2.36667303510036E-4	99.9455201851372
712	0.523250156600602		0.757921572899229		1.11375534534454	0.52299861136788	0.838626606175686	0.623637036455192	1.56190091986011E-4	99.9640423685584
710	0.438132325519817		0.639026103708785		1.10628998279572	0.437880780287096	0.701472530532255	0.624230830471502	1.18090695907211E-4	99.972812308921
708	0.37591146852967		0.553226282579456		1.09837675094604	0.375659923296949	0.602214407054065	0.623797635686958	1.34566729823294E-4	99.9690196652867
706	0.328499559234256		0.48897665209888		1.09038031101227	0.328248014001534	0.527773613095292	0.621948513258217	1.77904982471146E-4	99.9590442530959
704	0.295309401285822		0.444834655510126		1.0826700925827	0.295057856053101	0.476250438942599	0.619543483693594	1.50894395337751E-4	99.9652613167462
702	0.28164830972664		0.42885846081078		1.07555782794952	0.281396764493918	0.455938538453188	0.617181353979381	6.33837635914402E-5	99.985406414049
700	0.279103654890616		0.428431805233872		1.0694442987442	0.278852109657895	0.452890674622925	0.615716165695101	7.21666798244602E-5	99.9833843884282
698	0.293125336047967		0.451562133510588		1.0649927854538	0.292873790815246	0.475639170512245	0.615747837798624	1.02026884382756E-4	99.976510200979
696	0.319696025333886		0.492608248458881		1.06259047985077	0.319444480101164	0.518181481599305	0.616472204130563	2.03068953928463E-4	99.9532525753984
694	0.346133490133032		0.532310981149357		1.06203079223633	0.345881944900311	0.560074069723552	0.617564646531547	4.28524747003243E-5	99.9901333398426
692	0.36806698613914		0.564978533203883		1.06277585029602	0.367815440906419	0.595185270013869	0.617984784633275	2.01769162731514E-4	99.9535517239201
690	0.382232054136739		0.586031738991341		1.06392598152161	0.381980508904017	0.618228429456758	0.617863059516151	8.02727817683763E-5	99.9815182170247
688	0.391396032676781		0.600022720991099		1.06461536884308	0.39114448744406	0.633524034607023	0.6174106522836	1.1239900049317E-4	99.9741225224966
686	0.392377017169932		0.601444109230049		1.0645604133606	0.39212547193721	0.635004485725455	0.617516066030983	3.64544857056343E-5	99.9916063967467
684	0.388499961826537		0.595747550109745		1.06376242637634	0.388248416593816	0.628468705285809	0.617768893388656	3.43672804886357E-5	99.992086954324
682	0.385591668686303		0.591908637161217		1.06245732307434	0.385340123453581	0.62361897170105	0.617909558464019	1.20725578094529E-4	99.9722057716652
680	0.392053831441243		0.602498235202399		1.06094348430634	0.391802286208521	0.633965375335424	0.618018430424885	2.71297269144647E-4	99.937551002738
678	0.400532714769179		0.615875467509786		1.05921316146851	0.400281169536458	0.647100763737038	0.618576258857762	1.93952354488358E-4	99.9553507907079
676	0.408715869033356		0.628884964528115		1.05730748176575	0.408464323800635	0.65969157316342	0.619174687713419	2.12061749609031E-4	99.9511828970826
674	0.41460184313093		0.638247188306624		1.05524814128876	0.414350297898209	0.668286146966909	0.620019283324642	1.60240099597571E-4	99.9631101595122
672	0.42122801955709		0.648942128449436		1.05312037467957	0.420976474324369	0.678201696786434	0.620724596118099	1.61020078214005E-4	99.9629306292128
670	0.426068908514798		0.656897710082686		1.0509113073349	0.425817363282076	0.685139684524277	0.621504450698605	2.7442344958941E-4	99.9368316252045
668	0.429495376396614		0.662531642555291		1.0485315322876	0.429243831163893	0.689495550428791	0.622547645009384	2.1506412561456E-4	99.9504919143313
666	0.433003820596462		0.668429365920397		1.04595601558685	0.432752275363741	0.693970696020632	0.623588687310905	1.57542603308001E-4	99.9637310537842
664	0.436905065698061		0.674891922352093		1.04322910308838	0.43665352046534	0.698903371590592	0.624769514949666	5.9911012286975E-5	99.9862059310894
662	0.4435456998268		0.685627298285759		1.04042720794678	0.443294154594079	0.708195640544472	0.625948719838585	1.85199899371832E-4	99.9573652384468
660	0.451775121790987		0.698816534683253		1.03775990009308	0.451523576558266	0.720067324108887	0.627057445103547	3.15577147251594E-4	99.927362070631
658	0.4634293331702		0.717058925052254		1.03528940677643	0.463177787937479	0.737239283884348	0.628259776794719	2.1195076336734E-4	99.951208440137
656	0.479066492836721		0.741697810451849		1.03309750556946	0.478814947604	0.761132781550161	0.62908201986626	3.08674668787142E-4	99.9289502831797
654	0.497313158718401		0.770219096348626		1.03115320205688	0.49706161348568	0.789110134614825	0.629901444274698	2.19975939081315E-4	99.9493614938069
652	0.511376285798438		0.792101331978962		1.02945709228516	0.511124740565717	0.810338976138007	0.630754234483062	2.93852889142998E-4	99.9323607574486
650	0.516281243359405		0.799976086280992		1.02793705463409	0.516029698126684	0.817237227548083	0.631431952353545	3.52778610171818E-4	99.9188027059673
648	0.516970282968468		0.801395258943779		1.02666783332825	0.516718737735747	0.817685181862853	0.631928704588429	3.24759542056981E-4	99.9252493042283
646	0.520608490961743		0.807627232185478		1.02560043334961	0.520356945729022	0.82322657019629	0.632094449532828	4.20910209569948E-4	99.9031287930726
644	0.527715514553951		0.819033979576423		1.02465677261353	0.527463969321229	0.834157115759318	0.632331678716291	3.00941135444114E-4	99.9307297456917
642	0.539202726116937		0.837318865672794		1.02378344535828	0.538951180884215	0.852165917331854	0.632448646352439	4.17480819917147E-4	99.9039176773968
640	0.554113596418684		0.860722930520682		1.02288675308228	0.553862051185962	0.875359246104318	0.632725425190697	3.94249740922209E-4	99.9092618343569
638	0.569272243513875		0.88478893079073		1.02184903621674	0.569020698281153	0.899063014824406	0.632904133413037	5.04756819246125E-4	99.8838429618163
636	0.584374574996497		0.908354865449983		1.02063095569611	0.584123029763776	0.922043422036615	0.633509242410256	4.22980142749857E-4	99.9026526361863
634	0.598793242541422		0.931052771853427		1.01923584938049	0.598541697308701	0.943917595499299	0.634103760924272	4.3859712068415E-4	99.8990602592725
632	0.611328578795045		0.950910045638828		1.0177036523819	0.611077033562323	0.962707442992823	0.634748425401837	5.54883437784662E-4	99.872314953593
630	0.626847003720829		0.975310562814277		1.01619136333466	0.626595458488107	0.986072472123259	0.635445645428973	4.90819260821787E-4	99.8870485269195
628	0.643185750298609		1.00106164455953		1.01451146602631	0.642934205065887	1.01056713297675	0.636211275912016	4.70521060763084E-4	99.8917171901448
626	0.659460536610531		1.02652747545142		1.01275491714478	0.65920899137781	1.03460805886067	0.637158183461036	5.09926117133693E-4	99.8826540766541
624	0.672475590879815		1.04712912331832		1.01092803478241	0.672224045647093	1.05356853957337	0.638044911552981	5.14319857578416E-4	99.8816435728248
622	0.683307263504991		1.06426108278356		1.0092089176178	0.683055718272269	1.06906663706309	0.638927167485783	5.72888427668685E-4	99.8681745308592
620	0.693887840550115		1.08102783991871		1.00772297382355	0.693636295317394	1.08438880603869	0.639656451131466	6.36257252053739E-4	99.8536036178148
618	0.700673440803763		1.09180989553969		1.0068142414093	0.700421895571041	1.09426646597477	0.640083487294943	6.09616088057018E-4	99.8597291799293
616	0.708853090124106		1.10499455430048		1.00664889812469	0.708601544891384	1.1073590831304	0.639902228361405	6.94085451670375E-4	99.8403085612577
614	0.717148211856097		1.11808527995618		1.00700271129608	0.716896666623375	1.12093068976723	0.639554856663122	6.50884978049375E-4	99.8502404469334
612	0.726638874965147		1.13310382390252		1.00780045986176	0.726387329732425	1.13695438768817	0.638888716731572	6.68169211076571E-4	99.8462666444714
610	0.736710694993261		1.14915223997609		1.00835275650024	0.73645914976054	1.15375992808202	0.638312296895952	6.9094701208103E-4	99.841030062272
608	0.748995385801107		1.16847290640279		1.0085117816925	0.748743840568386	1.17342700485494	0.638083014512647	7.69074103866868E-4	99.8230708477919
606	0.763058595278605		1.19067162152405		1.00798010826111	0.762807050045884	1.19518425367512	0.638233851977466	8.05928319089707E-4	99.8146002247487
604	0.777650064031336		1.21330093814505		1.00688087940216	0.777398518798614	1.21666589998414	0.638958089323248	7.64555620573268E-4	99.8241094316173
602	0.794668818540969		1.23986966515071		1.00539457798004	0.794417273308247	1.24158197968514	0.639842786305346	8.42912564029187E-4	99.806100438093
600	0.812970872300845		1.26849169567599		1.00393652915955	0.812719327068124	1.26851610786296	0.640685066614797	8.94113166593404E-4	99.7943346167887
598	0.832113851655506		1.29806667877314		1.00287997722626	0.831862306422784	1.29684126834985	0.641452679464218	9.33047931478601E-4	99.7853883949163
596	0.853378181099346		1.3310271339637		1.00218975543976	0.853126635866625	1.3289813612674	0.641940256448012	9.16609186233375E-4	99.7891655039809
594	0.872661475700029		1.36111909856514		1.00178515911102	0.872409930467307	1.35859051869488	0.642143396750172	0.00104584207339677	99.7594756876063
592	0.894074755338586		1.39415643974173		1.00154709815979	0.893823210105865	1.39135612087041	0.642411526925763	9.83972672760916E-4	99.773688390924
590	0.909795461452527		1.41859774823781		1.00122630596161	0.909543916219806	1.41538175515958	0.642613848104364	0.00110040551271967	99.7469429974505
588	0.926061280174153		1.44374575228772		1.00070452690125	0.925809734941432	1.43980986463061	0.643008328866363	0.00111212393532681	99.7442515953928
586	0.942378752948307		1.46877709526631		0.999973237514496	0.942127207715586	1.46378836132188	0.643622556791473	0.00108823813251609	99.749737589672
584	0.953282135778275		1.48591354997079		0.999053955078125	0.953030590545554	1.47956293322577	0.644129809651109	0.00119860369752303	99.724391798057
582	0.968810526219156		1.50969862830592		0.998229086399078	0.968558980986435	1.50208428943065	0.644810006869561	0.00120690244813688	99.7224862247993
580	0.985169652435527		1.53496285549989		0.997582137584686	0.984918107202805	1.52631393557242	0.645291957472318	0.00135559125628525	99.68835021738
578	1.0024318380355		1.56173605943344		0.997147619724274	1.00218029280277	1.55234595404284	0.645590817042267	0.00130215043618348	99.7006178265738
576	1.01875484975006		1.58680504126686		0.996688485145569	1.01850330451734	1.5766171450562	0.646005472990738	0.00138239112163072	99.6821987417259
574	1.03884066357361		1.61764639551374		0.996220171451569	1.03858911834089	1.60660111968721	0.646451135639123	0.00141885514411773	99.6738296246868
572	1.05614404180036		1.64433599959411		0.9957315325737	1.05589249656764	1.63238877368905	0.646838861909973	0.00144608640271339	99.6675800432393
570	1.07701441067449		1.67615011995038		0.995352268218994	1.07676286544177	1.66343326970628	0.647313532229576	0.00146806412443266	99.6625364357196
568	1.09550991841309		1.70466821065674		0.995181918144226	1.09525837318036	1.69152926877662	0.6474959632076	0.00157481205591464	99.6380427737539
566	1.11640093548049		1.73652578499234		0.995282471179962	1.11614939024777	1.72340746595754	0.647641032254449	0.00162043343204384	99.6275766359797
564	1.14431388855499		1.77923516287344		0.995623111724854	1.14406234332227	1.76651975473274	0.647636314429642	0.00159957496598963	99.6323617032925
562	1.16826127920637		1.81583341101821		0.996170461177826	1.16800973397365	1.80394900272051	0.647473810075666	0.00168544323219371	99.6126644407185
560	1.19808641031278		1.86141997699817		0.99668163061142	1.19783486508006	1.8503099641087	0.647369839818736	0.00181430094930912	99.5831131638287
558	1.22858378262744		1.90774701233551		0.997178435325623	1.22833223739472	1.89742858797547	0.647366781115772	0.00183655556444431	99.5780103426587
556	1.25876352341261		1.95377589246165		0.997675478458405	1.25851197817989	1.94429624538583	0.647284065464083	0.00188679475994278	99.5664918224121
554	1.28786602421185		1.99768385584822		0.99818366765976	1.28761447897913	1.98911482981684	0.647330390220706	0.00195817528118004	99.5501284460603
552	1.31833188102371		2.04365483497361		0.998678505420685	1.31808033579099	2.03601113872044	0.647383656564548	0.00202699989953424	99.5343535352166
550	1.34748666911522		2.08743915944465		0.999059557914734	1.3472351238825	2.08053114030039	0.64754384002538	0.00208206316614731	99.521734587828
548	1.38093961240196		2.1376122473179		0.999196529388428	1.38068806716924	2.13094915724167	0.647921637396747	0.00211784047333882	99.5135362957462
546	1.40585899249037		2.17493928574297		0.99907249212265	1.40560744725765	2.16797704489578	0.648349783300046	0.00229714024349912	99.4724603156941
544	1.43095089912839		2.21179242280274		0.998806416988373	1.43069935389567	2.20420881436912	0.649076142228004	0.00230216332593455	99.4713098164372
542	1.45214770995678		2.2428195100811		0.998482644557953	1.45189616472406	2.23447430764995	0.649770802802853	0.00232104157602436	99.466986014205
540	1.4741565233454		2.27488816229671		0.99831360578537	1.47390497811268	2.26611059268614	0.650411759633311	0.00251722845382495	99.4220632457088
538	1.49577711194309		2.30623409723006		0.998360693454742	1.49552556671037	2.29751202814166	0.650932638607347	0.0025915174402135	99.4050578888886
536	1.51651000980947		2.33603308392739		0.998661279678345	1.51625846457674	2.32796285675894	0.651324165320973	0.00262638620745316	99.3970771458002
534	1.53695905452756		2.36520779084206		0.999168038368225	1.53670750929484	2.3582945882703	0.651618129871529	0.00268735938499411	99.3831231803099
532	1.55931943041478		2.39680233417285		0.999805629253387	1.55906788518205	2.39138786968182	0.651951071989628	0.00278685393409133	99.360357644771
530	1.57628748302031		2.42017163339588		1.0004802942276	1.57603593778759	2.41638209233573	0.652229605072167	0.00282044071037907	99.3526737685001
528	1.59783372469447		2.45088464596847		1.00102841854095	1.59758217946175	2.44845053268142	0.652487015007062	0.00294417229271417	99.3243719754752
526	1.62224208488747		2.48475586165344		1.0014044046402	1.62199053965475	2.48328895485149	0.653162225235987	0.0029613091977876	99.3204527943127
524	1.6435323985231		2.51487783418933		1.00163662433624	1.64328085329038	2.51403608560671	0.653642508434325	0.00316044495082308	99.2749221227425
522	1.67135813083379		2.55423111772348		1.00181710720062	1.67110658560107	2.55391387732037	0.654331612526589	0.00321299497778138	99.2629104936771
520	1.7008832619414		2.59529987976641		1.0020604133606	1.70063171670868	2.59568751389623	0.655175828216688	0.00327620060392162	99.2484651849104
518	1.73308810190061		2.6412783219655		1.00242054462433	1.73283655666788	2.64271011510121	0.655704364533195	0.00341486801938944	99.2167808513061
516	1.77372819420648		2.69919493550361		1.00289297103882	1.77347664897376	2.70203975107019	0.656347356944448	0.00344078998486525	99.2108590233264
514	1.81582769354997		2.75906886104562		1.00349617004395	1.81557614831725	2.7637481721682	0.656925318522385	0.00361493723859913	99.1710845481258
512	1.8641715089696		2.82835913176484		1.00418245792389	1.86391996373687	2.83521836522665	0.657416721970151	0.00370118524929295	99.151391782369
510	1.92542021935718		2.9161933599295		1.00497353076935	1.92516867412446	2.92572296227288	0.658014685241721	0.00373601326582113	99.1434407077094
508	1.99813139765551		3.02186318372601		1.00580215454102	1.99787985242279	3.03441822453654	0.658406226362528	0.00399402555498628	99.084557553266
506	2.08939330219807		3.15349515341488		1.00663805007935	2.08914175696535	3.16944579847129	0.659150491853498	0.00403841116681776	99.0744314656385
504	2.17458219345924		3.27555759189199		1.00742840766907	2.17433064822652	3.29490344341018	0.659907243283619	0.00408904821471036	99.0628804455826
502	2.26547945872103		3.40666069195406		1.00814700126648	2.26522791348831	3.4294248785871	0.660527054443475	0.00433205300176654	99.0074663853037
500	2.38006080591943		3.57132065223361		1.00866842269897	2.37980926068671	3.5972859060962	0.661556885610267	0.00427333728025822	99.0208528961995
498	2.5559686421306		3.82863808284605		1.00904226303101	2.55571709689788	3.85826332195261	0.662400899999866	0.00447641660426546	98.9745608343385
496	2.76188026240157		4.12848498106198		1.00876116752625	2.76162871716885	4.15966240742017	0.663906934428752	0.00456428441443585	98.9545380190017
494	2.9561648929729		4.40632566598694		1.00816118717194	2.95591334774018	4.43729656193482	0.666151857664275	0.00460762001874768	98.9446644402646
492	3.03754499518679		4.51457620266377		1.00794267654419	3.03729344995407	4.54544515015396	0.66820594014894	0.0047512317808747	98.9119509956823
490	3.07743217764459		4.56361139533893		1.00791668891907	3.07718063241187	4.59475134470894	0.669716465931368	0.00494363008412932	98.8681413743852
488	3.16975406448273		4.68998905596676		1.00887954235077	3.16950251925	4.72664050432029	0.670561367286762	0.00493222433786761	98.8707379529483
486	3.36787639035122		4.97180464321959		1.00954282283783	3.3676248451185	5.01425290307513	0.671610489182389	0.00516790177492933	98.8170985867441
484	3.58394446810114		5.27476627530979		1.01009511947632	3.58369292286842	5.3230161464053	0.673244796615643	0.00528328984813838	98.7908472746278
482	3.67753022212172		5.39459717082707		1.01073944568634	3.677278676889	5.44752944034932	0.675036035537826	0.00536029387733929	98.7733323873177
480	3.6609072363483		5.35267215878756		1.01162850856781	3.66065569111558	5.40990863858462	0.676657580685744	0.00545340751710951	98.7521574495715
478	3.74256656219388		5.45805147965555		1.0127238035202	3.74231501696116	5.52248611879756	0.677650416217976	0.00558490130058534	98.7222622293155
476	3.992878402014		5.80816788450655		1.01399922370911	3.99262685678127	5.88445887780697	0.678503655083618	0.00552234021095926	98.736484415919
474	4.43696345883327		6.43837775747664		1.01552999019623	4.43671191360055	6.53333927605708	0.679087940505385	0.00582107099808124	98.6685915760774
472	4.96563675994345		7.18690799130206		1.01726651191711	4.96538521471073	7.30596580389284	0.679634335554242	0.0059235756852946	98.6453059944016
470	5.43654389917508		7.8471201834882		1.01911818981171	5.43629235394236	7.99209873175551	0.680208357829965	0.00606334575985783	98.6135638380358
468	5.62198529247706		8.084131840256		1.02110064029694	5.62173374724434	8.24965820120013	0.681450504995045	0.00619349067123619	98.5840167651061
466	5.47319271494661		7.83166052778826		1.02326714992523	5.47294116971389	8.00881622705604	0.683364559074879	0.00629849862613102	98.5601830416732
464	5.28653874840728		7.53811615640261		1.02553856372833	5.28628720317456	7.72555285336369	0.684260052777055	0.00631670375108708	98.5560515988026
462	5.120654715867		7.28734063250232		1.027627825737	5.12040317063428	7.48358770576839	0.684217700380186	0.00641757551916915	98.5331630539431
460	4.97685478968378		7.0766956260198		1.02919805049896	4.97660324445106	7.27822726654027	0.683765848770576	0.00664614272845286	98.4813191424716
458	4.78229782024635		6.80036654997551		1.03004312515259	4.78204627501363	6.99957255483981	0.683191185968507	0.00666289662796317	98.4775200744003
456	4.61040851429256		6.56771469543639		1.03006207942963	4.61015696905984	6.76005550398634	0.681970283578481	0.00682191841775302	98.4414680280508
454	4.45909085132298		6.37255168352092		1.02918720245361	4.45883930609026	6.55345461761315	0.680379977623805	0.006879608839816	98.428392216838
452	4.29586153068615		6.16289160135086		1.02735614776611	4.29560998545343	6.32639961553504	0.678997573107012	0.00693617382427162	98.4155731778092
450	4.03895594089238		5.81453993037953		1.02460694313049	4.03870439565966	5.95254663199602	0.67848345344342	0.00708270922074939	98.3823723591213
448	3.66565362304808		5.29928025226262		1.02102768421173	3.66540207781536	5.40565820792694	0.67806767221064	0.00723651880594439	98.3475354610465
446	3.38739163685528		4.91766979236168		1.01675081253052	3.38714009162255	4.99501228973645	0.678104456035537	0.00727582358876948	98.3386351554502
444	3.23275826344972		4.70780531566119		1.0121191740036	3.232506718217	4.75985048461753	0.679119381725022	0.0074859947825339	98.2910569590457
442	3.18224594675703		4.63871178566384		1.00782012939453	3.18199440152431	4.66999884758427	0.681369419003243	0.00754880069535003	98.2768435313906
440	3.1462292110611		4.58620735472129		1.0045450925827	3.14597766582838	4.60208003727015	0.683599077015293	0.00780594556193961	98.2186712386718
438	3.11839852269574		4.5397029725829		1.00285410881042	3.11814697746302	4.54769609397457	0.685654211061814	0.0079768036597001	98.1800381097152
436	3.07891695547069		4.47195608564657		1.00277864933014	3.07866541023797	4.47941877206037	0.687291268554893	0.00811438087103033	98.1489412452803
434	3.06997100824081		4.4467387273489		1.00421047210693	3.06971946300809	4.46049119846894	0.688202111924752	0.00834062303586481	98.0978246711484
432	3.07249006340653		4.43459160825681		1.00665414333344	3.07223851817381	4.45911752309196	0.68897904176419	0.00849455840290226	98.0630601291818
430	3.08711240221529		4.4412364690701		1.00962591171265	3.08686085698257	4.47899021692413	0.689186782618698	0.00865568624126316	98.0266844467561
428	3.08306791980958		4.42430084902059		1.01240730285645	3.08281637457685	4.47418352063262	0.689023228564609	0.00875652484634784	98.00392632516
426	3.06653120112565		4.39734639356188		1.01423370838165	3.06627965589293	4.45491693093057	0.688291095756174	0.00891675206555943	97.9677757386132
424	3.05158511964241		4.38279236529973		1.01462960243225	3.05133357440968	4.4418889067961	0.686945044875196	0.00900974920143116	97.9467997705922
422	3.01525036636962		4.34647331026907		1.01337480545044	3.0149988211369	4.39959078752917	0.685290738784853	0.00919781036658713	97.9043953596307
420	3.3929761827314		4.91254086171811		1.01114857196808	3.39272463749868	4.9623039382732	0.683699483083112	0.00945099391660457	97.8473360151847
418	3.18686359810576		4.64436268896157		1.0079870223999	3.18661205287304	4.67646822727752	0.681414242116679	0.00974613819507225	97.7808620631159
416	2.99632299828119		4.39743833692089		1.00422537326813	2.99607145304847	4.41104868330551	0.679219765673341	0.00988429922027281	97.7497602276889
414	2.84865149008219		4.2097156447999		1	2.84839994484947	4.20476608651871	0.677421736724427	0.0101332033159616	97.693753656368
412	2.72979165168995		4.0598826742072		0.995681941509247	2.72954010645723	4.03742367755534	0.676059865015198	0.0104215547273654	97.6289110595497
410	2.62300355397212		3.92248171040076		0.991583049297333	2.6227520087394	3.88455847711906	0.675173774365352	0.0107441852400174	97.5564110160869
408	2.53241875208799		3.80497203069452		0.988153755664825	2.53216720685526	3.75500647772596	0.674344297906178	0.0110006363613003	97.4988209089475
406	2.480977529149		3.74049734833496		0.985654711723328	2.48072598391628	3.68196028013416	0.673751424560694	0.0112868806740816	97.4345804248888
404	2.44850072263815		3.70139909409666		0.98426741361618	2.44824917740543	3.63829482417982	0.672911156384183	0.011711218013128	97.3394262373834
402	2.46432280509446		3.72993061253734		0.984128773212433	2.46407125986174	3.66586103516465	0.672167121509848	0.0121159269318036	97.2487601432011
400	2.50312853003705		3.78903545849257		0.985299050807953	2.50287698480433	3.72845624565403	0.671290426894976	0.0125247713064014	97.1572533402796
398	2.55406063432573		3.86211831952867		0.987817049026489	2.55380908909301	3.81017706333264	0.670259950297236	0.012974802203814	97.0566277935162
396	2.57152015574034		3.8819154019691		0.991658091545105	2.57126861050762	3.84462454953711	0.668795763377518	0.0134473984863075	96.9510688801568
394	2.57433537789706		3.87782813391903		0.996615350246429	2.57408383266434	3.85977023812119	0.666900793016456	0.0140166284861049	96.8240783060203
392	2.57666405220416		3.87142000406182		1.0025714635849	2.57641250697144	3.87641293373404	0.664638301185744	0.0145362078909521	96.7083095878846
390	2.5860216815613		3.87457222572891		1.0093150138855	2.58577013632858	3.90566825632663	0.662055752466942	0.0151300123882677	96.5761720851291
388	2.60788735530205		3.8969237515185		1.01699423789978	2.60763581006933	3.95811532857699	0.658807435761813	0.0156967982562795	96.4502153695902
386	2.63261801926573		3.92383566547347		1.02549052238464	2.63236647403301	4.01878056123053	0.655016225426102	0.016411486785373	96.2916244173387
384	2.66819397127202		3.96714412477307		1.03449034690857	2.6679424260393	4.09885203160943	0.65089991184476	0.0170305237980874	96.1544695145134
382	2.68785787500204		3.99018062370446		1.04369103908539	2.68760632976932	4.15934995166698	0.646160183923015	0.0178349276798756	95.976536235261
380	2.70935771622472		4.01631531598285		1.0526317358017	2.709106170992	4.22249090046498	0.641589581801982	0.0185255139390268	95.8240419929539
378	2.70355113665808		4.00422902452723		1.06117713451386	2.70329959142536	4.24394392411107	0.636978159882635	0.0192737418702625	95.6590928623635
376	2.6998265028839		3.99614726186421		1.06922745704651	2.69957495765118	4.26749817117194	0.632589599191281	0.0200707097887568	95.4837111268952
374	2.69365813132652		3.98699056024065		1.07646524906158	2.6934065860938	4.28652875894772	0.628342124258834	0.0209569870634774	95.2890534530699
372	2.6919568740091		3.98472972040593		1.08239138126373	2.69170532877637	4.3076797468082	0.624861987656072	0.0218082685692423	95.1024557348327
370	2.69531228171053		3.99076844108493		1.08660447597504	2.69506073647781	4.33100863848035	0.622270921496809	0.0226759574119455	94.9126376177792
368	2.70796143937483		4.01194629744562		1.08728444576263	2.70770989414211	4.35674522871507	0.621498332355021	0.0235657448259385	94.7183786074208
366	2.72001964245165		4.03335600194991		1.08414971828461	2.71976809721893	4.36739571103933	0.622743684604593	0.0244627398109183	94.5229484694983
364	2.74109870730883		4.06828521323612		1.07767069339752	2.74084716207611	4.37893775278215	0.625915990775323	0.0253832627479748	94.3228114705813
362	2.77377415883842		4.12079760316301		1.06871128082275	2.7735226136057	4.39865323571747	0.630539045697996	0.0262588856082345	94.1328297662445
360	2.80160412698894		4.16636197065673		1.05907070636749	2.80135258175621	4.40722998306101	0.635626593693338	0.0271300944105907	93.9441855361979
358	2.83823299647148		4.2248747755987		1.04836678504944	2.83798145123876	4.42402943322821	0.641492443500288	0.0279654749406902	93.7636543149367
356	2.87061237866632		4.27760362060285		1.03684234619141	2.8703608334336	4.43006866244183	0.647926940222969	0.0287327258594082	93.5981520041406
354	2.91112456112163		4.34228867893813		1.02479386329651	2.91087301588891	4.44487851388511	0.654882469069918	0.0294990189637113	93.4331478834559
352	2.92976536915261		4.37633052450523		1.01273274421692	2.92951382391989	4.42704064194168	0.661731856754543	0.0304092150856658	93.2375353706692
350	2.95386202432976		4.41800917424104		1.00126516819	2.95361047909704	4.41864287860654	0.668442904358111	0.03114937135347	93.0787685057012
348	2.9721494510145		4.45225034842062		0.990810453891754	2.97189790578178	4.4064321144712	0.674445408116409	0.0319341944384085	92.9107157130351
346	2.9822800662084		4.47461220135861		0.981342911720276	2.98202852097568	4.38627175256494	0.679854940413094	0.0327244451570624	92.7418072818329
344	2.9803908694386		4.48051835367876		0.972720801830292	2.98013932420588	4.35347886730576	0.684542044429448	0.0335715345441757	92.5610911141071
342	2.98756729763258		4.49986726717567		0.964752793312073	2.98731575239986	4.33648441536385	0.688879623737611	0.0342904958062472	92.4079858178563
340	2.98484466580752		4.50558621246532		0.957048177719116	2.9845931205748	4.30732610846277	0.69291087914399	0.0350966586329607	92.2366118144724
338	2.97381945833205		4.50119256013912		0.950148642063141	2.97356791309933	4.27209918260121	0.696043744772978	0.035925324140783	92.0607854382303
336	2.95798914833671		4.49139445226812		0.944044172763824	2.95773760310399	4.23540215859437	0.69833689750151	0.0366965378164041	91.8974503329043
334	2.92233220267841		4.45524340260788		0.938558220863342	2.92208065744568	4.17685987285034	0.699587907279164	0.0374678156034309	91.7343914762353
332	2.86938238599545		4.39652077100659		0.933434963226318	2.86913084076273	4.09924611345609	0.699916706963407	0.0382757283601347	91.5638977333973
330	2.80604425148291		4.32711282450659		0.928119659423828	2.80579270625019	4.01148469862329	0.69943996226961	0.0390886146255372	91.3926742349468
328	2.72167789439815		4.23058324725558		0.923022568225861	2.72142634916543	3.90035525997885	0.69773806942401	0.0401488792014216	91.169824921099
326	2.64140658124234		4.14165991997418		0.918195605278015	2.64115503600961	3.79830927441453	0.695350179565544	0.0410553236170649	90.9797368587021
324	2.55167474566339		4.03999483248979		0.913534343242645	2.55142320043066	3.68615243452849	0.692164321944821	0.042199055382564	90.7404533281866
322	2.45705526361959		3.93084209855094		0.908978700637817	2.45680371838687	3.5685527000981	0.688459418945763	0.0435124478281543	90.4664507706346
320	2.37873956569034		3.84461100758691		0.904343068599701	2.37848802045762	3.47237121744911	0.684975157179455	0.0449235716263871	90.1729812611221
318	2.30674346002099		3.76642391073136		0.899914681911469	2.30649191478827	3.38500599540334	0.681384883193815	0.0464695839333885	89.8525519124396
316	2.24261531086317		3.70174251450544		0.895963847637177	2.24236376563045	3.31219284097669	0.677002781326352	0.0483865294338168	89.4568230283077
314	2.19364287453542		3.66020049806987		0.892610192298889	2.1933913293027	3.26271424426547	0.672259709276652	0.0503116456207113	89.0611614287275
312	2.13875339721568		3.60999561545798		0.88999992609024	2.13850185198296	3.20849072443925	0.666513334663514	0.0524509958321688	88.6235217490972
310	2.07218765041135		3.54186816211692		0.888025283813477	2.07193610517863	3.14087314699639	0.659668827173113	0.0548469018138834	88.1359516518446
308	2.00930453298684		3.48042186109292		0.887133359909058	2.00905298775412	3.08320742126424	0.651611362212643	0.0572341491819726	87.6528114980971
306	1.94024211871202		3.40882488872276		0.887335538864136	1.9399905734793	3.0203795505637	0.642300260944765	0.0597559116364548	87.1453238891185
304	1.86750765855343		3.33039625134083		0.888603985309601	1.86725611332071	2.95500518438743	0.631896053240866	0.0623634564589549	86.6236628051484
302	1.78760734148989		3.24248242112571		0.891015827655792	1.78735579625716	2.88469302335023	0.619599999649654	0.0653751301253402	86.0250373542475
300	1.70033540580345		3.13826391568277		0.894482612609863	1.70008386057073	2.80269521253656	0.606588919468015	0.068429915352775	85.4220686897613
298	1.61479680751243		3.03714239509074		0.900495111942291	1.61454526227971	2.73047482801343	0.591305675377489	0.071780531702795	84.7655663992602
296	1.52231553346791		2.92407376761285		0.909423410892487	1.52206398823519	2.65471989526923	0.573342592921965	0.0757823800339372	83.9880735663758
294	1.41605860029874		2.78694962265296		0.92107892036438	1.41580705506602	2.56244161574518	0.552522659000872	0.0807920255087702	83.0248260757584
292	1.31744479454044		2.66113117833149		0.934718489646912	1.31719324930772	2.4827820721213	0.530531158613652	0.0862431153678439	81.9892445115977
290	1.20837700933172		2.51533559785937		0.948803901672363	1.208125464099	2.38186406905561	0.507218476400298	0.0929080387347379	80.7405979265935
288	1.09230922415097		2.34951211219384		0.962523102760315	1.09205767891825	2.25669562400765	0.483918906608625	0.100127692373462	79.4094718637885
286	0.981627907454562		2.19035788919698		0.97529125213623	0.98137636222184	2.13140962748781	0.460435361446004	0.108111175910122	77.9630505808488
284	0.878669051664793		2.03448253581592		0.986907541751862	0.878417506432072	2.00296140176313	0.438559377958473	0.115712111275829	76.6104280179538
282	0.787994406031017		1.89282983862803		0.996903836727142	0.787742860798296	1.88203509475928	0.41855907097155	0.122680262065944	75.3910406249141
280	0.701797740420852		1.74949037386876		1.00535523891449	0.701546195188131	1.75388324845111	0.399995949449702	0.129135358864535	74.27875932665
278	0.627387770625406		1.62025059624797		1.00982344150543	0.627136225392685	1.6311688532269	0.384470451450833	0.134386419515332	73.3860614958766
276	0.564408934817487		1.50622916268258		1.01022160053253	0.564157389584766	1.51662508480521	0.371982103709714	0.138535986111909	72.6882166473817
274	0.510853663119862		1.40789606981378		1.00653350353241	0.510602117887141	1.41211266752146	0.361587378706367	0.141776800367646	72.1478177631268
272	0.470867445017921		1.3320180519285		0.99854451417923	0.470615899785199	1.32513696427161	0.355145100071889	0.143560975467288	71.8520270188605
270	0.441264005805155		1.27439138284724		0.988452672958374	0.441012460572434	1.25478316465746	0.351465076193324	0.143876834337486	71.7997886183285
268	0.41711279130205		1.22599851957625		0.972882628440857	0.416861246069328	1.18793732291971	0.350911818348099	0.142888632824461	71.9633491687176
266	0.397328401122315		1.18436453384173		0.953488886356354	0.397076855889594	1.12455907159922	0.35309559623659	0.140665749005049	72.3326291256035
264	0.379495083627655		1.1442345489557		0.931065678596497	0.379243538394934	1.06074915295716	0.357524243444059	0.137470796085313	72.8667171724433
262	0.36249594886892		1.10453164841854		0.906938552856445	0.362244403636199	0.99725338957603	0.363242088141914	0.133559569077714	73.5259138304769
260	0.341621071022645		1.0527427219287		0.883175373077393	0.341369525789924	0.925385118212328	0.368894548952101	0.129456247433597	74.2238970100521
258	0.320366401918121		0.999191683019146		0.859192788600922	0.3201148566854	0.854245663698106	0.37473395568623	0.125398974438625	74.9205618416526
256	0.296998057895286		0.939521794951911		0.834685504436493	0.296746512662564	0.780073898797838	0.380408206350547	0.121626265995521	75.5742305238105
254	0.273459479192954		0.879828953088381		0.80953711271286	0.273207933960233	0.708247339244184	0.385752150162386	0.118676140361223	76.0893474633157
252	0.248845564801561		0.816746157625115		0.784095585346222	0.248594019568839	0.636526129744644	0.390548019872441	0.116793680184152	76.4198744436782
250	0.22499372010927		0.755952172882685		0.758817315101624	0.224742174876549	0.569873787646202	0.394371841184029	0.116208023909852	76.5229979497151
248	0.201547736316237		0.696221777613543		0.735633492469788	0.201296191083516	0.508522996954797	0.395844813880481	0.117299979803208	76.330836220671
246	0.177109125574045		0.633528369660928		0.715051770210266	0.176857580341324	0.449466391793744	0.393483436293235	0.120719256005616	75.7322297926025
244	0.153310619504589		0.571662467198171		0.697206974029541	0.153059074271867	0.395116192369484	0.387377377155774	0.126744906563482	74.6887332050895
242	0.131019849444427		0.512230486539654		0.681808710098267	0.130768304211706	0.345868555353351	0.378086710074318	0.135269072449135	73.2370643372372
240	0.109544645443934		0.452143081384243		0.667849898338318	0.109293100211213	0.298658148941925	0.365947155965481	0.146932034022206	71.2964598535893
238	0.0887982347754898		0.390269776882942		0.657016694545746	0.0885466895427684	0.253161816367364	0.34976321000272	0.162530229244011	68.7812035206177
236	0.0723853495566486		0.337649098382266		0.649702370166779	0.0721338043239273	0.216155679757063	0.333712278136749	0.178882029356933	66.2396410933956
234	0.0564971208222223		0.282104816072472		0.645702123641968	0.0562455755895009	0.178959738534365	0.314291784566395	0.199765195320923	63.1298568695255
232	0.0435039203812817		0.232617407822948		0.644411623477936	0.0432523751485603	0.146711808536932	0.294811819034133	0.22204276368663	59.9732019518814
230	0.0320883694320229		0.185213155960059		0.644490897655487	0.0318368241993015	0.116178247882659	0.274034294539	0.24774405537201	56.5270009665236
228	0.0232656607651893		0.145806576909146		0.646355271339417	0.0230141155324679	0.0910436764953308	0.252781043323182	0.275975764902523	52.9693001723712
226	0.0169737162865465		0.115689608302376		0.649210751056671	0.0167221710538251	0.0718936310463043	0.23259600065345	0.304609232353852	49.5896185492714
224	0.0121753548135628		0.0914462911766519		0.652522802352905	0.0119238095808414	0.0564410905433146	0.211261147969683	0.338097890296111	45.9094520930556
222	0.00898167663800015		0.0746812500830582		0.655378818511963	0.00873013140527877	0.0457006737859457	0.191028505316338	0.374443770793369	42.2236943598883
220	0.00664688803877848		0.0620249961281979		0.656985223293304	0.0063953428060571	0.0374977192784767	0.170552847722874	0.418155292629234	38.1807721725694
218	0.00492423069893642		0.0523256622130971		0.657121121883392	0.00467268546621504	0.031131838566196	0.150093463201007	0.468525872844326	33.999625011939
216	0.00372678607405198		0.0454796623320052		0.655903518199921	0.0034752408413306	0.0265838378399355	0.130727582008867	0.525336719822236	29.8306887109499
214	0.00287450779719934		0.0403151109991871		0.654084265232086	0.00262296256447796	0.0231320515640748	0.113390831643811	0.58479812760197	26.0136847205399
212	0.00230283021006714		0.0364252083276576		0.652615189552307	0.00205128497734577	0.0205414873213546	0.0998605867849347	0.638608148458714	22.9822133255926
210	0.00191388973425006		0.0332500168425423		0.652986526489258	0.00166234450152868	0.0184798181340277	0.0899545920567116	0.681102646001607	20.8399826949052
208	0.00164682039556502		0.03044711806529		0.655270755290985	0.00139527516284364	0.0167078052578013	0.0835103798083923	0.706660734740646	19.6489462784303
206	0.00148024691943923		0.0277432658517441		0.661797821521759	0.00122870168671785	0.0150848260145937	0.081452824548931	0.707046060165797	19.6315205889113
204	0.00135769934111726		0.0250970708321054		0.668592393398285	0.00110615410839588	0.0134704736374355	0.0821169424452751	0.690462908308773	20.3956284465579
202	0.00125347065424736		0.0225070147568682		0.687935590744019	0.00100192542152598	0.0120783991925549	0.0829518386959395	0.662468506763859	21.7536177652152
200	0.00113633107684983		0.0197318586991553		0.715800225734711	8.8478584412845E-4	0.0105811739760546	0.0836188731166066	0.625840490052902	23.667888244364
