Wavelength	I1	I1 dark	R1	R1dark	XCorrect	I1c	R1c	I1c/R1c	Abs	Percent T
nm	uA	uA	uA	uA		uA	uA	uA/uA	OD	T*100
	Abs Detector Raw	Dark Offset for Abs Detector	Ref Detector Raw	Dark Offset for Ref Detector	Linear interp	Dark subtracted Abs Detector	Corrected Ref Detector	Corrected Intensity 	-Log(T)	% Transmittance
800	0.144472529215502	2.7225488553932E-4	0.212833404453515	0.00495727034972145	1.35067892074585	0.144200274329963	0.280773912460131	0.51358145443957	7.92330623402253E-4	99.8177254539732
798	0.15353055511162		0.226367940188923		1.34199333190918	0.153258300226081	0.297131642537754	0.51579259252608	8.26752723588915E-4	99.8098142330691
796	0.165687724786553		0.244002351739553		1.33337259292603	0.165415469901014	0.318736159998973	0.518973027414105	7.52495766184209E-4	99.826881469922
794	0.166354652884474		0.244508470893415		1.32502686977386	0.166082397998935	0.317411777406981	0.523239557636155	8.12803810513791E-4	99.8130200319898
792	0.156450759834754		0.230188389812024		1.31713449954987	0.156178504949214	0.296659677816036	0.526456800934245	8.71282816077145E-4	99.7995808255702
790	0.150789702003675		0.222391150730326		1.30966234207153	0.150517447118136	0.284764965024965	0.528567294452604	7.08819669462216E-4	99.8369213575101
788	0.15303667007331		0.225896671536937		1.30193436145782	0.152764415187771	0.287648598205551	0.531079991839928	8.51836536434398E-4	99.8040496228684
786	0.157618343867869		0.232550153184545		1.29363858699799	0.15734608898233	0.294422935361239	0.534421983087953	7.38375223582292E-4	99.8301272690455
784	0.162062072678543		0.239122515295124		1.28498160839081	0.161789817793003	0.300898033079171	0.537689848409325	6.9158233305498E-4	99.8408840068725
782	0.170278149878074		0.251132673404482		1.27644824981689	0.170005894992534	0.314230162377218	0.541023476888417	6.91573446863295E-4	99.8408860497381
780	0.182811067995109		0.269435998412217		1.268270611763	0.18253881310957	0.335430598238122	0.544192491884671	5.95606180184194E-4	99.8629506073941
778	0.198372909706914		0.292040979362847		1.26044166088104	0.198100654821374	0.361852267000394	0.547462798737029	4.15707248598793E-4	99.9043256657369
776	0.218619443592077		0.321609858944403		1.25292003154755	0.218347188706538	0.39674037129166	0.550352836530522	7.03423421667921E-4	99.8381618708856
774	0.26057135592292		0.3828242034874		1.24577045440674	0.26029910103738	0.470735461000206	0.552962592799581	4.82826044607511E-4	99.888886971009
772	0.351481556823088		0.515966271436836		1.23883104324341	0.351209301937549	0.633053813923521	0.554785855819799	4.12992934754106E-4	99.9049500635891
770	0.434839393404069		0.636156982931675		1.23221707344055	0.43456713851853	0.777775062594252	0.558731128597824	5.26184523916549E-4	99.8789149031405
768	0.432501543987141		0.629735768662899		1.22665858268738	0.432229289101602	0.766389907234391	0.56398092540304	6.43215596398171E-4	99.8520037582247
766	0.369997058152912		0.5379105386221		1.22236526012421	0.369724803267373	0.651463560405812	0.567529522352813	6.39289215321702E-4	99.8529065069508
764	0.327813974215022		0.478410947795395		1.2186872959137	0.327541719329483	0.576991981906664	0.567671180190624	4.89238090274557E-4	99.8874121943232
762	0.328537759612521		0.480138874424233		1.214359998703	0.328265504726982	0.577041532107615	0.568876738435115	5.23437716317041E-4	99.8795466151274
760	0.347009382768692		0.506841088367829		1.20898902416229	0.346737127883153	0.606772027388558	0.571445472487336	3.32315894130059E-4	99.9235107055874
758	0.37046786045816		0.540712284216374		1.2031888961792	0.370195605572621	0.644614483756689	0.574289928167906	3.33118421659705E-4	99.923326058309
756	0.395736163274673		0.577003035719312		1.19780671596527	0.395463908389134	0.685200259599189	0.577150844368422	3.79496305248877E-4	99.912655913642
754	0.420632972562398		0.612444840082088		1.1931779384613	0.420360717676858	0.724840766094133	0.579935259356353	3.54130276336532E-4	99.9184917265275
752	0.446491038254972		0.649420914153089		1.18890511989594	0.446218783369433	0.766206125704614	0.582374335573321	2.55954338224948E-4	99.941081699283
750	0.488478181031536		0.709744207979432		1.1848680973053	0.488205926145997	0.835079557794942	0.584622053777872	3.57602781374557E-4	99.9176928076067
748	0.539091501752147		0.782237538073064		1.18107759952545	0.538819246866607	0.918028312761185	0.586930968660413	3.48084453769009E-4	99.9198827036229
746	0.593499683297438		0.859297768783212		1.17750906944275	0.593227428411898	1.00599368529767	0.589692994182525	2.98587772366366E-4	99.93127125367
744	0.639751869697096		0.924221022918323		1.174187541008	0.639479614811556	1.07938804516631	0.592446449333268	3.49984392472815E-4	99.9194455780201
742	0.710960385342736		1.02479075213072		1.17108881473541	0.710688130457197	1.1943155834064	0.595058911004231	3.21348697589341E-4	99.9260340961987
740	0.815437077124975		1.17279519795046		1.16803753376007	0.815164822239436	1.36407853278624	0.597593762123355	2.96341367503759E-4	99.9317881533397
738	0.921995044838839		1.32157642904541		1.16498303413391	0.921722789953299	1.53383898229614	0.600925390860446	3.44577351939186E-4	99.9206895999409
736	0.980862802782326		1.40095043843284		1.16204738616943	0.980590547896786	1.62221021208137	0.604478100676386	3.93369224701422E-4	99.9094643969463
734	0.996740167831188		1.42109666790556		1.15931880474091	0.996467912945649	1.64175703372094	0.606952120489604	4.60929457023042E-4	99.8939233714077
732	0.99959488431148		1.42518792918072		1.15665113925934	0.999322629425941	1.64271140954791	0.608337303568715	4.07436643545761E-4	99.9062282390433
730	0.997560974712673		1.42435593302926		1.15388596057892	0.997288719827134	1.63782418933041	0.608910728223434	4.56322560662372E-4	99.89498302888
728	1.00949190117867		1.4449331851443		1.15089321136475	1.00921964629313	1.65725850486582	0.608969357122016	2.93525583972893E-4	99.9324360713014
726	1.02355466357365		1.46929427818661		1.1476241350174	1.02328240868811	1.68050849199277	0.608912370014086	2.99647731532626E-4	99.9310273570926
724	1.03824461407648		1.49385444959726		1.14410185813904	1.03797235919094	1.70345002935508	0.609335373098036	3.31798664294644E-4	99.9236297111331
722	1.03001704452927		1.48429160936447		1.14027833938599	1.02974478964374	1.68685290348841	0.610453221803885	3.94571891122431E-4	99.9091877238671
720	0.987224849570869		1.42324231303859		1.13600122928619	0.98695259468533	1.61117355197278	0.612567524756641	5.2888347431789E-4	99.878294201264
718	0.89551796059405		1.29063898562655		1.13137769699097	0.895245705708511	1.4545916180933	0.615461889490339	4.85044739120273E-4	99.8883766666683
716	0.766598844898248		1.10478717057328		1.12621939182281	0.766326590012709	1.23864976133832	0.618678995412485	6.09219991018782E-4	99.8598202567508
714	0.632912331150206		0.913545017406783		1.12039887905121	0.632640076264667	1.01798069332239	0.621465692242072	6.25879412626036E-4	99.855989733893
712	0.520438675898945		0.754491653479341		1.11375534534454	0.520166421013406	0.834797925730138	0.62310459211845	5.27137281245451E-4	99.8786957885356
710	0.435682368254216		0.635992749533894		1.10628998279572	0.435410113368677	0.698108229410144	0.623700015306467	4.87550448855262E-4	99.8878003513656
708	0.373167103611437		0.549664748475035		1.09837675094604	0.372894848725898	0.598294030039295	0.623263529307498	5.06576498137611E-4	99.8834244528381
706	0.326789407568726		0.486803214607565		1.09038031101227	0.326517152683186	0.525395330559867	0.62146946059693	5.12546980586531E-4	99.8820513105157
704	0.294786946453925		0.444546174371142		1.0826700925827	0.294514691568386	0.4759297594152	0.618819659292312	6.58585505046612E-4	99.8484700061666
702	0.280660951637323		0.427914800841406		1.07555782794952	0.280388696751784	0.454915282810531	0.616353653848477	6.46205736522377E-4	99.8513162743456
700	0.278682387192104		0.4283050169043		1.0694442987442	0.278410132306565	0.452746833939	0.614935569806936	6.23108140371198E-4	99.8566269260018
698	0.293940477341097		0.453203477192995		1.0649927854538	0.293668222455557	0.477378976395116	0.615167900088869	5.11256790342193E-4	99.8823480378401
696	0.319377029668657		0.492415204941586		1.06259047985077	0.319104774783117	0.517968160625034	0.616070251109745	4.86330572012458E-4	99.8880809236287
694	0.346172496175357		0.532825553290856		1.06203079223633	0.345900241289817	0.560612370728403	0.617004296284774	4.37090541734257E-4	99.8994068123341
692	0.367674893245199		0.564792227967811		1.06277585029602	0.36740263835966	0.594979073108002	0.617505144240541	5.38971727413415E-4	99.8759741492027
690	0.382306986997767		0.586687403051221		1.06392598152161	0.382034732112228	0.618917802415137	0.617262471076861	5.02630281755986E-4	99.8843320475993
688	0.391021958886772		0.5999679480421		1.06461536884308	0.390749704001233	0.633457512097041	0.616852269551068	5.05350213371747E-4	99.8837064865728
686	0.392572424273643		0.602284004856575		1.0645604133606	0.392300169388104	0.635890395397951	0.616930483975301	4.48485406863607E-4	99.89678572139
684	0.387271180703517		0.594448412236518		1.06376242637634	0.386998925817978	0.627078527420859	0.617145873914203	4.72573948661855E-4	99.8912450082008
682	0.385687495407111		0.592653794018591		1.06245732307434	0.385415240521572	0.624402475317323	0.617254504517623	5.81371008877839E-4	99.8662239382016
680	0.391402143821776		0.602027904393732		1.06094348430634	0.391129888936237	0.633458198859645	0.617451774466494	6.69680932544981E-4	99.8459190934699
678	0.399514053274226		0.614867238448873		1.05921316146851	0.399241798388687	0.646024665521458	0.617997763392558	6.00296660857325E-4	99.8618720702958
676	0.407754228107023		0.627872690362238		1.05730748176575	0.407481973221483	0.658613134086487	0.618697004557419	5.47242156983299E-4	99.8740721923985
674	0.413304786556523		0.637009065752977		1.05524814128876	0.413032531670984	0.666971482297508	0.619265654729669	6.88442727574529E-4	99.8416057800764
672	0.420148055877324		0.647943903050592		1.05312037467957	0.419875800991784	0.677142323543893	0.620070236924966	6.19088737976123E-4	99.8575511049621
670	0.424720336742843		0.655364441351019		1.0509113073349	0.424448081857303	0.683520250376968	0.620973675064076	6.45476973103665E-4	99.8514838289674
668	0.428840434077454		0.662208710122499		1.0485315322876	0.428568179191914	0.68914885924318	0.621880415883683	6.80778399234616E-4	99.8433677771379
666	0.431928672590504		0.667428253558674		1.04595601558685	0.431656417704965	0.692915510039141	0.622956783981617	5.97850893432138E-4	99.8624344527612
664	0.436928736657439		0.675726343125126		1.04322910308838	0.4366564817719	0.699765818170909	0.624003731581602	5.9255460261926E-4	99.8636522985806
662	0.443089805358407		0.685617616584138		1.04042720794678	0.442817550472867	0.70817754359276	0.62529171459793	6.41281350974995E-4	99.8524484765424
660	0.450893887053297		0.698003099322734		1.03775990009308	0.450621632167758	0.719215170234958	0.626546339422382	6.69708798796414E-4	99.8459126869151
658	0.46320323606417		0.717564454835391		1.03528940677643	0.462930981178631	0.737754669290789	0.627486345323508	7.46926833187145E-4	99.8281615524506
656	0.478404191203626		0.741295378202481		1.03309750556946	0.478131936318086	0.76070906247842	0.628534560585243	6.86784441711718E-4	99.8419870104313
654	0.497545664515812		0.771229518097518		1.03115320205688	0.497273409630273	0.790144081912467	0.629345230842798	6.03634589475082E-4	99.8611045484102
652	0.510947579440288		0.792276589851797		1.02945709228516	0.510675324554749	0.810511457354535	0.63006552211065	7.68312479646116E-4	99.8232459081217
650	0.514906652300445		0.798562086347678		1.02793705463409	0.514634397414905	0.815775797100371	0.630852740721341	7.51339148464332E-4	99.8271473302969
648	0.515061884538594		0.79933360581481		1.02666783332825	0.514789629653055	0.815560631179175	0.631209514010931	8.1930642282892E-4	99.8115255609769
646	0.520008284970489		0.807388497750397		1.02560043334961	0.51973603008495	0.822973814555392	0.631534103385458	8.06079182125171E-4	99.8145655516603
644	0.52807647799245		0.820470403826054		1.02465677261353	0.52780422310691	0.835621055371802	0.631631072139594	7.82394566251482E-4	99.8200091716155
642	0.538148224778377		0.836609483046234		1.02378344535828	0.537875969892837	0.851431767654269	0.631731150195051	9.10456037919332E-4	99.7905793416206
640	0.552893788989476		0.859791543195302		1.02288675308228	0.552621534103937	0.874398653774464	0.632001812581102	8.91212229415315E-4	99.7950012107115
638	0.568087839526908		0.88373245954251		1.02184903621674	0.567815584641369	0.89797558012783	0.632328536774394	8.99907003240363E-4	99.7930032892209
636	0.58197909465939		0.90563875980898		1.02063095569611	0.58170683977385	0.919263409364596	0.632796686834225	9.11738791406236E-4	99.7902845957054
634	0.597513904472804		0.93009897547052		1.01923584938049	0.597241649587265	0.942937591616114	0.633384070056687	9.31789715388043E-4	99.7856774885346
632	0.611132761229909		0.951479749310867		1.0177036523819	0.61086050634437	0.963279383900325	0.634146766300542	9.66733445524288E-4	99.7776489649043
630	0.625782010438952		0.974765172496632		1.01619136333466	0.625509755553412	0.985510414255392	0.634706388187709	9.96357760691577E-4	99.770843113501
628	0.64218008318837		1.00063713894599		1.01451146602631	0.64190782830283	1.01012864318248	0.635471365588107	9.7589716098149E-4	99.7755436553138
626	0.656586781739202		1.02340909625246		1.01275491714478	0.656314526853662	1.03144209455807	0.636307680592449	0.0010900260915649	99.7493269280443
624	0.67196985052539		1.04745055123452		1.01092803478241	0.671697595639851	1.05388568371873	0.637353373346628	9.8528059201339E-4	99.7733879133981
622	0.683130546891927		1.06518889497467		1.0092089176178	0.682858292006388	1.06999521031191	0.638188176381961	0.00107548953715506	99.7526657588286
620	0.692639032266531		1.08037588679631		1.00772297382355	0.692366777380991	1.08372404627076	0.638877378206672	0.00116553087211901	99.731986398315
618	0.700224058786515		1.09245338918946		1.0068142414093	0.699951803900976	1.09490657992519	0.639279931945244	0.00115516818829681	99.7343661277733
616	0.708013679727069		1.10484263016779		1.00664889812469	0.70774142484153	1.10719838552434	0.63921825943267	0.00115853577153958	99.7335927758383
614	0.715188879588535		1.11648620159343		1.00700271129608	0.714916624702996	1.11931264744645	0.638710396361531	0.00122470093941173	99.7183994276944
612	0.724503904880904		1.13135138097739		1.00780045986176	0.724231649995365	1.13518050267614	0.637988098181762	0.00128081050391843	99.7055169371838
610	0.736562181199909		1.15042015531526		1.00835275650024	0.73628992631437	1.15503065752372	0.637463535290836	0.00126881112682177	99.7082717974789
608	0.747423159855241		1.1675983107642		1.0085117816925	0.747150904969702	1.17253718713723	0.637208707038013	0.00136455663510698	99.6862923174156
606	0.761986524970389		1.19046893750386		1.00798010826111	0.761714270084849	1.19497217860284	0.637432639624669	0.00135146612493059	99.6892971082785
604	0.774327709918635		1.20994067814871		1.00688087940216	0.774055455033095	1.21327475330966	0.637988594851717	0.00142401334945214	99.6726457850392
602	0.794750205869745		1.24164852103959		1.00539457798004	0.794477950984206	1.24336267807895	0.638975228218774	0.00143216880416847	99.6707740870307
600	0.811259676934148		1.26730992993364		1.00393652915955	0.810987422048608	1.267321947638	0.639922178859212	0.00141155203464053	99.67550575699
598	0.83113720371019		1.29841187225321		1.00287997722626	0.83086494882465	1.29717972170017	0.640516448819957	0.0015673843845286	99.6397468823688
596	0.851437298233567		1.32975098040435		1.00218975543976	0.851165043348027	1.32769468428778	0.641084922174424	0.00149565785405624	99.6562043872243
594	0.872051029535476		1.36184428624535		1.00178515911102	0.871778774649936	1.35930927511468	0.641339532224103	0.00158985238414934	99.6345922051157
592	0.889436156724309		1.38891927545601		1.00154709815979	0.88916390183877	1.38610313017761	0.641484664798957	0.00161101897086365	99.6297363459415
590	0.910860282310089		1.42179785351067		1.00122630596161	0.91058802742455	1.41857806321473	0.641901951705787	0.001581789563097	99.6364419715258
588	0.925617250940088		1.44494627260763		1.00070452690125	0.925344996054549	1.44100351324749	0.642153185295961	0.00169008115638978	99.6116006613268
586	0.940250838528099		1.46752492852327		0.999973237514496	0.93997858364256	1.46252851622779	0.642707867376826	0.00170587824259498	99.6079774413921
584	0.955499640652227		1.49108013625385		0.999053955078125	0.955227385766687	1.48471692691356	0.643373405698567	0.0017088969481443	99.6072850860393
582	0.967581355997017		1.50967889411411		0.998229086399078	0.967309101111478	1.50205689177526	0.643989656056389	0.00175977950071607	99.5956156399843
580	0.982639253886067		1.53313221280701		0.997582137584686	0.982366999000528	1.5244800256999	0.644394798514672	0.00195981743095372	99.5497520288627
578	0.998959425939996		1.55804454486079		0.997147619724274	0.998687171054457	1.54865727900277	0.644872939025957	0.00178534183440365	99.5897536694935
576	1.01549472555654		1.5836786710401		0.996688485145569	1.015222470671	1.57349344132098	0.64520286135969	0.00192230375710014	99.558351351164
574	1.03282888228659		1.61060451169178		0.996220171451569	1.03255662740105	1.59957817006053	0.645518078908256	0.00204614789290179	99.5299651738482
572	1.05370860022074		1.64249953262147		0.9957315325737	1.0534363453352	1.63055246646605	0.646060992823095	0.00196867025419947	99.5477227896867
570	1.07345357084497		1.67276208132867		0.995352268218994	1.07318131595943	1.66005330155445	0.646474010776956	0.00203167997845051	99.5332809309379
568	1.09320328390082		1.70320634695409		0.995181918144226	1.09293102901528	1.6900667735418	0.64667919997319	0.00212298485803828	99.5123575267246
566	1.11479809430037		1.73642447731452		0.995282471179962	1.11452583941483	1.72329896051499	0.64673969227125	0.00222527408962842	99.4889221749757
564	1.14190193177752		1.77798419699709		0.995623111724854	1.14162967689198	1.7652665858806	0.646718000569005	0.00221581845453767	99.491088311604
562	1.16663903952779		1.81566800879719		0.996170461177826	1.16636678464225	1.80377655137886	0.646624873657798	0.00225524282984201	99.4820571216137
560	1.19730627268162		1.86258745898813		0.99668163061142	1.19703401779608	1.85146588548513	0.646533121231358	0.0023759849812576	99.4544030561776
558	1.22884981198429		1.91063597716772		0.997178435325623	1.22857755709875	1.90030171109813	0.64651710300718	0.00240694765530694	99.4473127876507
556	1.25675847276144		1.9533256788404		0.997675478458405	1.2564862178759	1.94383938415418	0.646394052985317	0.00248435850292075	99.4295883747344
554	1.28723641911183		1.99949758875112		0.99818366765976	1.28696416422629	1.99091757031718	0.646417603327123	0.00257099691072481	99.4097549152131
552	1.3180287865425		2.04580851080729		0.998678505420685	1.31775653165696	2.03815426660611	0.64654405863559	0.00259060603371804	99.4052664996683
550	1.34550674206014		2.08737656636629		0.999059557914734	1.3452344871746	2.08046090127142	0.646604070450206	0.0027128053080539	99.3773003542623
548	1.37634466613126		2.13358672243164		0.999196529388428	1.37607241124572	2.12691916087424	0.646979178409442	0.00275001987253858	99.3687851079062
546	1.40338740283961		2.17372656602125		0.99907249212265	1.40311514795407	2.16675774506564	0.647564385612274	0.00282355461852944	99.3519614085591
544	1.42732179605452		2.20924211763715		0.998806416988373	1.42704954116898	2.20165385034092	0.648171619234333	0.00290779845630404	99.3326911227494
542	1.44667280763491		2.23774869711308		0.998482644557953	1.44640055274937	2.22940348854101	0.64878365902977	0.00298133144245334	99.3158739367652
540	1.47120641959742		2.273447354197		0.99831360578537	1.47093416471188	2.26466451529394	0.649515261434195	0.00311625328572606	99.2850243632899
538	1.49034675612983		2.30079387508383		0.998360693454742	1.49007450124429	2.29207302476112	0.650099052319498	0.00314803266895978	99.2777594738386
536	1.51277523656999		2.33367146284308		0.998661279678345	1.51250298168446	2.32559669548054	0.650372003290075	0.00326173998604016	99.2517698965383
534	1.5305274978516		2.35849673129857		0.999168038368225	1.53025524296606	2.35158140641847	0.650734539229363	0.00327665997635817	99.248360205485
532	1.55482000721498		2.39347309834631		0.999805629253387	1.55454775232944	2.3880515703918	0.650969087771579	0.00344149175632342	99.2106987097699
530	1.57337829418916		2.41922994638792		1.0004802942276	1.57310603930363	2.41543223726835	0.651273099295335	0.00345780840275812	99.2069713875221
528	1.59336883976358		2.4471517602412		1.00102841854095	1.59309658487804	2.4447060879855	0.651651580002731	0.0035005930035024	99.1971984758913
526	1.61303209804683		2.47469928210378		1.0014044046402	1.61275984316129	2.47321052889545	0.652091613034477	0.00367375464251827	99.1576545115696
524	1.63991805832758		2.51278562228362		1.00163662433624	1.63964580344204	2.5119327248458	0.652742721659752	0.00375869496755274	99.1382629232257
522	1.66111977790839		2.54224950156042		1.00181710720062	1.66084752302285	2.54190276319412	0.653387512327913	0.00384006782559753	99.119689332229
520	1.69511045465245		2.59051351503944		1.0020604133606	1.69483819976691	2.59088355932085	0.654154523336117	0.00395371818136566	99.0937541325224
518	1.72895903544982		2.63888454756101		1.00242054462433	1.72868678056428	2.64030281572301	0.654730499194996	0.00406037041262724	99.0694220886302
516	1.76815537165794		2.69481156149769		1.00289297103882	1.76788311677241	2.6976359617109	0.655345325264412	0.00410432485074939	99.0593958953147
514	1.81668120764569		2.76421302606412		1.00349617004395	1.81640895276015	2.76890258303112	0.656003199206714	0.00422498019355431	99.0318791163371
512	1.86143566455914		2.82854878020158		1.00418245792389	1.8611634096736	2.83540106253607	0.656402169790019	0.00437192381726418	98.9983773284706
510	1.92390647424604		2.91832213189365		1.00497353076935	1.9236342193605	2.92785457132515	0.657011532676592	0.00439860645539245	98.9922951495747
508	1.99736499598621		3.02490496838183		1.00580215454102	1.99709274110067	3.03746990128187	0.657485606773538	0.00460170479213156	98.946012106705
506	2.08330664755931		3.14898663292508		1.00663805007935	2.08303439267377	3.16489958693507	0.658167608625778	0.00468648673977163	98.9266979841544
504	2.1746310459981		3.28089319978082		1.00742840766907	2.17435879111256	3.30027091701266	0.658842514989876	0.00479032716512867	98.9030472982068
502	2.26930971993619		3.41687193458904		1.00814700126648	2.26903746505065	3.43971153733	0.659659230265555	0.00490301985755704	98.8773868184702
500	2.38555062523344		3.58530861604491		1.00866842269897	2.3852783703479	3.61138734457051	0.660488101320399	0.0049755330831912	98.8608788497542
498	2.56293233839184		3.84469649342641		1.00904226303101	2.5626600835063	3.87445915510222	0.661423951296936	0.00511741304332145	98.8285871968779
496	2.77456942250712		4.1530083818429		1.00876116752625	2.77429716762158	4.1843928821884	0.663010679382154	0.00515096542048611	98.8209522715361
494	2.95086529582611		4.40518468698759		1.00816118717194	2.95059304094057	4.43613849618414	0.665126448031008	0.00527664591901416	98.7923586095292
492	3.03764340827233		4.52204517236049		1.00794267654419	3.03737115338679	4.55296567013811	0.667119274214659	0.0054580755040849	98.7510960239108
490	3.06918007806819		4.5578633484869		1.00791668891907	3.06890782318265	4.58895001923552	0.668760350476406	0.00556409019474091	98.7269930485188
488	3.16822802689117		4.69487145340819		1.00887954235077	3.16795577200563	4.73155847466841	0.669537487271071	0.00559585527219346	98.7197722432233
486	3.37552980828939		4.99043238972718		1.00954282283783	3.37525755340385	5.03305062520409	0.670618637631325	0.00580975304353212	98.6711629676857
484	3.56814727578145		5.25926335789127		1.01009511947632	3.56787502089591	5.30734893526043	0.672251827497533	0.0059243038488524	98.6451406000442
482	3.66869986327029		5.38894474165043		1.01073944568634	3.66842760838475	5.44180851232468	0.674119201378814	0.00595055371768581	98.6391784157301
480	3.64133135752027		5.33225381170118		1.01162850856781	3.64105910263473	5.38924505482583	0.675615798798076	0.00612256246984868	98.600118645994
478	3.74014544403949		5.46269723159011		1.0127238035202	3.73987318915395	5.52718317217157	0.676632757167083	0.00623759167159971	98.5740064306355
476	4.00585121690357		5.83648918566291		1.01399922370911	4.00557896201803	5.91316883516246	0.677399728247059	0.00622951366500966	98.5758399535383
474	4.45256640066545		6.4697739731715		1.01552999019623	4.45229414577991	6.56521524283701	0.678164230889094	0.00641220956411616	98.5343804946719
472	4.98169653771131		7.22188479780293		1.01726651191711	4.98142428282577	7.34153869261093	0.67852591825736	0.0066324458222387	98.4844251240565
470	5.43458452418291		7.85451820591958		1.01911818981171	5.43431226929737	7.99963033147464	0.679320424084598	0.00663063758312695	98.4848351770679
468	5.62415988963634		8.09904274107532		1.02110064029694	5.6238876347508	8.26487585677604	0.680456395499275	0.00682750808452907	98.4402010272367
466	5.46545613050487		7.83211199263021		1.02326714992523	5.46518387561933	8.00927030469177	0.682357276969147	0.00693912269468674	98.4149049358698
464	5.26708295014518		7.52168764084326		1.02553856372833	5.26681069525964	7.70869686808908	0.683229706056044	0.00697114957368846	98.4076476342741
462	5.10464936925127		7.27634247580798		1.027627825737	5.10437711436573	7.47227776878126	0.683108587811272	0.00712213532803572	98.3734414192393
460	4.95800685274738		7.06050745469776		1.02919805049896	4.95773459786184	7.2615584949286	0.682736991146497	0.00730011469277169	98.3331349998864
458	4.7724755180395		6.79785204803244		1.03004312515259	4.77220326315396	6.996974565637	0.682038103524178	0.00739651326757758	98.3113108171805
456	4.59069620968383		6.5508013043907		1.03006207942963	4.59042395479829	6.74262571732626	0.680806579994861	0.00756362482807816	98.2734890238632
454	4.45062601981383		6.37278229875437		1.02918720245361	4.45035376492829	6.55368402669788	0.679061386969343	0.00772209729076764	98.2376359300876
452	4.27917907225671		6.15089912093003		1.02735614776611	4.27890681737117	6.31407114400673	0.677677954489424	0.00778103798363563	98.2243044196136
450	4.01261831892731		5.78826037726188		1.02460694313049	4.01234606404177	5.92561251757035	0.677119209557585	0.00795683525750005	98.1845524280917
448	3.6419222144515		5.27559580411507		1.02102768421173	3.64164995956596	5.38146785644755	0.676701981078061	0.00811211019866268	98.1494544101505
446	3.3658470812773		4.8963766039702		1.01675081253052	3.36557482639176	4.97335458188611	0.6767212695129	0.00816259518101807	98.1380455949616
444	3.21737311946823		4.69482512772478		1.0121191740036	3.21710086458269	4.74670518199248	0.677754514181198	0.00835970109307589	98.09351544116
442	3.17249475050693		4.634816314488		1.00782012939453	3.17222249562139	4.66606514094188	0.679849594851788	0.00851859543080035	98.0576327535629
440	3.13491002165321		4.57867274781781		1.0045450925827	3.13463776676767	4.59450343776012	0.682258226428892	0.00865863229038195	98.026019482176
438	3.10388204326156		4.52690578025122		1.00285410881042	3.10360978837602	4.5348546429839	0.684390136556587	0.00877820945224827	97.9990330475506
436	3.06580816646057		4.46265098314469		1.00277864933014	3.06553591157503	4.47008008044399	0.685789931367527	0.00906410287702102	97.9345421074853
434	3.05836116942002		4.43835867367144		1.00421047210693	3.05808891453448	4.45206811626925	0.686891762360792	0.0091683159925191	97.9110445965803
432	3.05035064699109		4.41173290473487		1.00665414333344	3.05007839210555	4.43609895109463	0.687558691934255	0.00939079291551395	97.8609003502418
430	3.07454742423815		4.43177467711572		1.00962591171265	3.07427516935261	4.46942956029154	0.687845088032237	0.00950198581080597	97.8358481231818
428	3.07290008537755		4.41892265079989		1.01240730285645	3.07262783049201	4.46873078572328	0.68758400938102	0.00966461999532656	97.7992175069566
426	3.05322563477257		4.38845774613646		1.01423370838165	3.05295337988703	4.44589394324993	0.686690555118221	0.00992782923977377	97.7399631063618
424	3.03903986822769		4.37480532919883		1.01462960243225	3.03876761334215	4.43377719863941	0.685367684753003	0.0100081209048119	97.7218947695194
422	3.00825907001084		4.34615313204769		1.01337480545044	3.0079868151253	4.39925851177043	0.683748592422401	0.0101762277480433	97.6840758680239
420	3.37146746699703		4.8930421801554		1.01114857196808	3.37119521211149	4.94258007620873	0.682071946257149	0.0104860581770007	97.614411833395
418	3.16544800981243		4.62430437605344		1.0079870223999	3.16517575492689	4.6562419345099	0.679770467137474	0.0107950520494924	97.5449853752364
416	2.9870129641387		4.3942066963088		1.00422537326813	2.98674070925316	4.40779564315067	0.677604170214719	0.0109185447192046	97.5172521696398
414	2.83293186123876		4.19620878450231		1	2.83265960635322	4.19125151415259	0.675850541726781	0.0111416650053716	97.4671652126781
412	2.71057879776281		4.04103692232938		0.995681941509247	2.71030654287727	4.01865162396907	0.674431823528014	0.0114686545099171	97.3938077413695
410	2.6116020769669		3.91480293845878		0.991583049297333	2.61132982208136	3.87693668986555	0.673554930341645	0.0117867305076097	97.322502918729
408	2.52426062223777		3.80133747260357		0.988153755664825	2.52398836735223	3.75140735478873	0.672811062261825	0.0119892024717864	97.2771408740393
406	2.45999237298286		3.71783705789816		0.985654711723328	2.45972011809732	3.65961745665943	0.672124927599017	0.0123365744264685	97.199364522931
404	2.44307251221062		3.70098031968427		0.98426741361618	2.44280025732508	3.6378750474343	0.671490973569288	0.0126287675698925	97.1339908258249
402	2.45282275631229		3.72069933816016		0.984128773212433	2.45255050142675	3.65676868276812	0.670687898029744	0.0130727224836738	97.0347469241497
400	2.49685583719103		3.78771037304865		0.985299050807953	2.49658358230549	3.72714304153009	0.669838413628625	0.0134651755040722	96.9471004539576
398	2.54095559287419		3.85071166674222		0.987817049026489	2.54068333798865	3.79890175912509	0.668794167126286	0.0139255954373151	96.8443758581503
396	2.56165321242039		3.8751997647889		0.991658091545105	2.56138095753485	3.83795728585233	0.667381309056446	0.0143668723325162	96.7460244318822
394	2.57235063669405		3.88270907872374		0.996615350246429	2.57207838180851	3.8646269766714	0.665543763301016	0.0149012442371568	96.6270577704215
392	2.56512304883231		3.86202908613059		1.0025714635849	2.56485079394677	3.8669901354995	0.663267995023077	0.0154325310997596	96.5089229555268
390	2.58042428168132		3.87451326576821		1.0093150138855	2.58015202679578	3.90560096324652	0.660628684567672	0.0160671489222504	96.3680011652276
388	2.60066729917856		3.89431202057191		1.01699423789978	2.60039504429302	3.95545137012411	0.657420557343733	0.0166120103169575	96.2471746708152
386	2.62476331959009		3.92022032124964		1.02549052238464	2.62449106470455	4.01506515134065	0.653660891113615	0.0173110431634169	96.092381501649
384	2.65129319008955		3.9515147791324		1.03449034690857	2.65102093520401	4.08267564635521	0.649334202576365	0.0180764573213692	95.9231744392233
382	2.68251148830465		3.99069189079226		1.04369103908539	2.68223923341911	4.15987550752828	0.644788342479231	0.0187579441769076	95.7727716064364
380	2.69038960106614		3.99750703969081		1.0526317358017	2.6901173461806	4.20268459397618	0.640094988340648	0.0195383902773803	95.6008183143538
378	2.68727860254341		3.9895825157967		1.06117713451386	2.68700634765788	4.22839320007499	0.635467474408535	0.0203049571235748	95.432223542261
376	2.68748165430042		3.98768880242536		1.06922745704651	2.68720939941488	4.25844590814018	0.631030534937212	0.0211423820860923	95.2483843983905
374	2.68100879055675		3.97727976926382		1.07646524906158	2.68073653567121	4.27606712814651	0.626916382585695	0.0219435440223122	95.0728375266552
372	2.6798557998387		3.9767455651644		1.08239138126373	2.67958354495316	4.29902941851158	0.623299653036776	0.0228954893846963	94.8646722531842
370	2.68693496240807		3.98853196648449		1.08660447597504	2.68666270752253	4.32857009520093	0.620681344747361	0.0237867720521394	94.6701854690864
368	2.6996066298379		4.01009346542177		1.08728444576263	2.69933437495237	4.35472228806278	0.619863724112056	0.0247094913205261	94.469258964822
366	2.70833761124833		4.02647359230944		1.08414971828461	2.70806535636279	4.35992578752958	0.621126479746169	0.0255920273555325	94.2774815538531
364	2.73272080206887		4.06642703453261		1.07767069339752	2.73244854718333	4.37692693698004	0.624284706262116	0.0265166140030831	94.0769840051357
362	2.7643387218644		4.11784669985449		1.06871128082275	2.76406646697887	4.39549133008841	0.628841296548131	0.0274298162784404	93.8793737228791
360	2.79484058941831		4.16776253217457		1.05907070636749	2.79456833453277	4.40870510911116	0.633875086985844	0.0283284704227034	93.6853167715343
358	2.83124823087439		4.22639993428401		1.04836678504944	2.83097597598885	4.42562027385933	0.639678915226976	0.029194983924877	93.4985802055967
356	2.85856471025743		4.27208189210929		1.03684234619141	2.85829245537189	4.42433550431631	0.646038812513966	0.0300001535720809	93.3253970786398
354	2.89809864564633		4.33640731909835		1.02479386329651	2.89782639076079	4.43884342913296	0.652833657466225	0.0308598468741524	93.1408405968904
352	2.91953469292396		4.37467196738296		1.01273274421692	2.91926243803842	4.42535315657147	0.659667677302417	0.0317660529712509	92.9466939932827
350	2.94280119673724		4.41557838811794		1.00126516819	2.9425289418517	4.41620129530457	0.666303174400198	0.0325418065504398	92.7808172100575
348	2.95140197795287		4.43609419614143		0.990810453891754	2.95112972306733	4.39041678870019	0.672175300227255	0.0333984467811837	92.5979886246914
346	2.96627822301062		4.46628739670438		0.981342911720276	2.96600596812508	4.37809469634227	0.677465010202513	0.0342538333823831	92.4157870768872
344	2.97314466585427		4.48538438149135		0.972720801830292	2.97287241096874	4.35820465209186	0.682132356850614	0.0351030113935031	92.2352626082381
342	2.97733845245861		4.50102129549137		0.964752793312073	2.97706619757307	4.33759032716533	0.686341026474629	0.035893874922457	92.0674522154802
340	2.97064449496583		4.50151640046986		0.957048177719116	2.97037224008029	4.30342372148773	0.690234667167147	0.0367772706950145	91.8803687063452
338	2.96162169226751		4.5003121524278		0.950148642063141	2.96134943738197	4.27125533679839	0.693320629152952	0.0376277365876822	91.7006181862417
336	2.94298068892402		4.48685722084093		0.944044172763824	2.94270843403848	4.2311115311717	0.695492995719631	0.0384687663657599	91.5232078667152
334	2.90925367489863		4.45406769460477		0.938558220863342	2.90898142001309	4.17574916421337	0.696637011854876	0.0393035649730916	91.3474514030287
332	2.85042573323917		4.38722019731328		0.933434963226318	2.85015347835363	4.09055743407829	0.696764077826924	0.0402363363640886	91.1514672127762
330	2.79107036238259		4.32332891338889		0.928119659423828	2.79079810749705	4.00796561860303	0.696312886154392	0.0410346241574516	90.9840732625651
328	2.70239786517831		4.21997251731751		0.923022568225861	2.70212561029277	3.89055419836737	0.69453488436858	0.0421472345451655	90.7512812963624
326	2.61974448416092		4.12800296202094		0.918195605278015	2.61947222927538	3.78576243445297	0.691927260262408	0.0431984536635071	90.5318815094988
324	2.53353233850932		4.03133288184081		0.913534343242645	2.53326008362378	3.67823239989171	0.688716700907304	0.0443676504730686	90.2884816129021
322	2.44544715819723		3.93156497452462		0.908978700637817	2.44517490331169	3.56920276885534	0.685075929181761	0.0456520853821437	90.0218460463115
320	2.36013696566701		3.83393255303974		0.904343068599701	2.35986471078148	3.4627072567403	0.681508581526176	0.0471270635002282	89.7166268106767
318	2.29027820129772		3.7593557833182		0.899914681911469	2.29000594641218	3.37863834356692	0.677789604434122	0.0487671746875096	89.3784513279347
316	2.23416636070162		3.70703383528508		0.895963847637177	2.23389410581608	3.31692676336691	0.67348309600557	0.0506502826495535	88.9917438948962
314	2.17691372421164		3.65214072027005		0.892610192298889	2.1766414693261	3.25551312058271	0.668601657773844	0.0526812798910271	88.5765417037752
312	2.12063522101855		3.59873565456547		0.88999992609024	2.12036296613301	3.19846249633672	0.662931945758786	0.0547908908610123	88.1473192772436
310	2.05869012849263		3.53890773732407		0.888025283813477	2.05841787360709	3.13823736641766	0.655915290422025	0.0573251085665378	87.6344552645817
308	1.99204657407142		3.47068973222556		0.887133359909058	1.99177431918589	3.0745668834498	0.647822732335888	0.0597666142276172	87.1431763387352
306	1.9254760543179		3.40295612653918		0.887335538864136	1.92520379943236	3.01516514611659	0.638506916250323	0.0623284042254313	86.6306545481254
304	1.85236084464911		3.32389861953086		0.888603985309601	1.85208858976357	2.94922450989118	0.627991725808596	0.0650551776036209	86.0884368906341
302	1.77390519310714		3.23759671557883		0.891015827655792	1.7736329382216	2.88033291080357	0.615773590465548	0.0680654801890337	85.493780102502
300	1.68806067440719		3.13568367887668		0.894482612609863	1.68778841952165	2.80038033726589	0.602699710843384	0.0712234050555369	84.8743761163899
298	1.60168820160778		3.03256142587076		0.900495111942291	1.60141594672224	2.72634274294287	0.587386142431103	0.0746688826336818	84.2036887714006
296	1.50564524544858		2.91205449275854		0.909423410892487	1.50537299056304	2.6437822717991	0.569401272797943	0.0787781526123236	83.4107156505126
294	1.40705322924097		2.78909433699986		0.92107892036438	1.40678097435543	2.56440996349656	0.548578813208671	0.0839030880813845	82.4322040255438
292	1.29952079558862		2.64618595134043		0.934718489646912	1.29924854070308	2.46880528350774	0.526266105059966	0.0897486113485829	81.3301154237191
290	1.1924614576375		2.5020904807248		0.948803901672363	1.19218920275196	2.36928973299951	0.503184218522173	0.0963760921242769	80.0984123430131
288	1.07989384334121		2.34281593302138		0.962523102760315	1.07962158845567	2.25024297380981	0.479780006435393	0.103858136673088	78.7302922071046
286	0.965415932421685		2.17383557480988		0.97529125213623	0.965143677536146	2.11528803728805	0.456270569550202	0.112057389242606	77.2578487036267
284	0.866386823625491		2.02557034102731		0.986907541751862	0.866114568739952	1.9941582784141	0.434325889832952	0.119924795384794	75.8708945508667
282	0.776046708630027		1.88317415019005		0.996903836727142	0.775774453744488	1.87240161371851	0.414320543232087	0.127100552989677	74.6275951780051
280	0.690341435534989		1.73895685340303		1.00535523891449	0.69006918064945	1.74328556509819	0.395844028348036	0.133666854726521	73.507752648512
278	0.618048372469365		1.61300809902349		1.00982344150543	0.617776117583826	1.623847421927	0.380439756372379	0.138963492263666	72.6166998042763
276	0.555536254188878		1.49811434643082		1.01022160053253	0.555263999303339	1.50841953124513	0.368109791607509	0.14308066261859	71.931536532386
274	0.50331363934628		1.4015668065334		1.00653350353241	0.503041384460741	1.40573428952174	0.357849551092538	0.146289586537297	71.402006041276
272	0.463749842507299		1.32540707783382		0.99854451417923	0.463477587621759	1.31852791151226	0.351511396592417	0.148027392422745	71.1168656424746
270	0.435547865080926		1.27070996043763		0.988452672958374	0.435275610195386	1.25113662982165	0.347904137582029	0.148299417783381	71.0723347206525
268	0.411756230044156		1.22256220672377		0.972882628440857	0.411483975158617	1.18458669090215	0.347365016270142	0.147300550109218	71.2359876407706
266	0.391490289268202		1.17885733629294		0.953488886356354	0.391218034382662	1.11930066656985	0.349520058432172	0.145085945830192	71.6001701182184
264	0.374817848233747		1.14178551026919		0.931065678596497	0.374545593348208	1.05846175664828	0.353858409144834	0.141946771692063	72.1195865484903
262	0.356004193218591		1.09613561573725		0.906938552856445	0.355731938333051	0.989631709474052	0.359458912772821	0.138106476284905	72.760139611921
260	0.337196191584759		1.05012715187079		0.883175373077393	0.33692393669922	0.923068300041627	0.365004341156582	0.134060455522268	73.441162801638
258	0.315658923604412		0.995150729971328		0.859192788600922	0.315386668718873	0.850767079826682	0.370708594863735	0.130089366700425	74.1157714300541
256	0.29249289281319		0.935829207686392		0.834685504436493	0.29222063792765	0.776985312581635	0.376095446330522	0.126578068047997	74.7174311317204
254	0.268663539575888		0.874515635238518		0.80953711271286	0.268391284690348	0.703939768047392	0.381270240541772	0.123751587424712	75.2052938597815
252	0.244541557860751		0.812322399708222		0.784095585346222	0.244269302975211	0.633051433692481	0.385860121270763	0.122038223944318	75.5025771989964
250	0.220685138583518		0.751046604970157		0.758817315101624	0.220412883697978	0.566145505722636	0.389321970182631	0.121805009448943	75.5431326856888
248	0.197413222477777		0.691362619307764		0.735633492469788	0.197140967592238	0.504942764103948	0.390422403501666	0.123290208541576	75.2852317210462
246	0.173280719827624		0.628889348378196		0.715051770210266	0.173008464942085	0.44614373688523	0.387786380573108	0.127053159260673	74.6357395896036
244	0.149685038159212		0.567008443474092		0.697206974029541	0.149412783273673	0.391865997663796	0.381285398999743	0.133628986229274	73.5141624685954
242	0.127604593339299		0.507302627062274		0.681808710098267	0.12733233845376	0.342503439684039	0.371769517325796	0.142586706842252	72.0133962224197
240	0.106468601945788		0.447419021344526		0.667849898338318	0.106196347060249	0.295498035420474	0.359380890330247	0.15479543004733	70.0171727034669
238	0.0861843466175995		0.385985543806799		0.657016694545746	0.0859120917320601	0.250341936755242	0.343178984893993	0.17078367004882	67.486410602788
236	0.0699426188535187		0.333061079601771		0.649702370166779	0.0696703639679794	0.213169822531805	0.326830332457515	0.187931859404322	64.8736211963695
234	0.0543421897624126		0.277418867910044		0.645702123641968	0.0540699348768732	0.175929032155583	0.307339466456317	0.209479891242948	61.7333875096722
232	0.0418508306738368		0.228868790284216		0.644411623477936	0.0415785757882975	0.1442911860764	0.288157419166839	0.231957848322293	58.6195056570134
230	0.0307520758353727		0.18190269511971		0.644490897655487	0.0304798209498334	0.114039715646042	0.267273736848285	0.258592686474614	55.132452697446
228	0.022382381921978		0.14383199672447		0.646355271339417	0.0221101270364387	0.0897624114481378	0.246318327234482	0.287223540334637	51.6150627504081
226	0.0162080602951906		0.113599807094601		0.649210751056671	0.0159358054096513	0.0705319028768449	0.225937551089138	0.317223058203834	48.1700327735222
224	0.0115795710100963		0.0898052023160218		0.652522802352905	0.011307316124557	0.055365210340499	0.204231430803141	0.352794945729735	44.3818145383672
222	0.00855560904898913		0.0735318882865033		0.655378818511963	0.00828335416344981	0.0449423520833174	0.184310650855423	0.389991515651258	40.7388236436454
220	0.00634767281856906		0.0613040873938959		0.656985223293304	0.00607541793302974	0.037019026177634	0.164116092732347	0.434863099096336	36.7398095671058
218	0.00469334466966185		0.0518427533939208		0.657121121883392	0.00442108978412253	0.030809441218049	0.143497889261702	0.488042138317925	32.5055756650026
216	0.00353503802794317		0.044930076991794		0.655903518199921	0.00326278314240385	0.0262183045088605	0.124446763569367	0.546720341595316	28.3974705878915
214	0.00273667558530197		0.0399161333396485		0.654084265232086	0.00246442069976265	0.0228660422121156	0.107776443203488	0.60685222108208	24.7256535043655
212	0.00219455331879142		0.0361598389134348		0.652615189552307	0.0019222984332521	0.0203632701977266	0.0944002812213683	0.663028974040887	21.7255623151687
210	0.00182864460214439		0.0330114340416768		0.652986526489258	0.00155638971660507	0.018318990902771	0.0849604503253313	0.70590917869498	19.6829786456594
208	0.00157173675862749		0.0301314967381973		0.655270755290985	0.00129948187308817	0.0164959343394428	0.0787758878247366	0.732007887132261	18.5349796211602
206	0.00141116170319306		0.0274905943725749		0.661797821521759	0.00113890681765374	0.0149125047499683	0.0763726038482008	0.735014611456217	18.407100713543
204	0.00130232724623048		0.0249102304416929		0.668592393398285	0.00103007236069116	0.0133403973432716	0.0772145187422539	0.717196709774428	19.1779989372632
202	0.0012103348683632		0.0222911885324498		0.687935590744019	9.38079982823883E-4	0.0119246192449437	0.0786674998634986	0.68549917567677	20.6300758304883
200	0.00108785113853646		0.0195169171030293		0.715800225734711	8.15596252997142E-4	0.0104217984326354	0.0782586861825249	0.654612247939141	22.1507151398206
