Wavelength	I1	I1 dark	R1	R1dark	XCorrect	I1c	R1c	I1c/R1c	Abs	Percent T
nm	uA	uA	uA	uA		uA	uA	uA/uA	OD	T*100
	Abs Detector Raw	Dark Offset for Abs Detector	Ref Detector Raw	Dark Offset for Ref Detector	Linear interp	Dark subtracted Abs Detector	Corrected Ref Detector	Corrected Intensity 	-Log(T)	% Transmittance
800	0.142303899959336	2.37896837237583E-4	0.209083574603996	0.00495393236088133	1.35067892074585	0.142066003122098	0.275713604877167	0.515266568675093	-9.12957895718206E-4	100.210437433545
798	0.144757494767647		0.212885025470765		1.34199333190918	0.144519597930409	0.27904214045005	0.517913164288815	-8.13796047009421E-4	100.187559137182
796	0.15732546041567		0.231240200644613		1.33337259292603	0.157087563578432	0.301723908285034	0.520633464120564	-8.70018050751748E-4	100.20052985215
794	0.166255951178936		0.243924099519712		1.32502686977386	0.166018054341698	0.316641892559803	0.524308558793568	-8.45530568559536E-4	100.194880253502
792	0.160427389877152		0.235281572927659		1.31713449954987	0.160189493039915	0.303372481590424	0.528029082269178	-8.23034973720777E-4	100.189690491368
790	0.150987937323928		0.221789220228886		1.30966234207153	0.150750040486691	0.283981010952967	0.530845495552018	-8.19443082261728E-4	100.188861862361
788	0.149137366347436		0.219444073219824		1.30193436145782	0.148899469510198	0.279252084578187	0.533208085931077	-9.1780569265859E-4	100.211556035285
786	0.152667365875567		0.22463766343955		1.29363858699799	0.152429469038329	0.284191351459055	0.536362096368337	-8.53262512348385E-4	100.196664084775
784	0.156899916365246		0.230764377053375		1.28498160839081	0.156662019528009	0.290162268412404	0.539911754843835	-9.15234034375037E-4	100.210962638118
782	0.162872165105421		0.239477975803957		1.27644824981689	0.162634268268183	0.299357804792896	0.543277194261556	-8.4776313318474E-4	100.195395323644
780	0.172483382108032		0.253389136637043		1.268270611763	0.172245485270794	0.315083068510794	0.546666903064306	-9.31056762502152E-4	100.214613708459
778	0.18580427209997		0.272833666054586		1.26044166088104	0.185566375262732	0.337646776453264	0.549587285304404	-9.43235994540139E-4	100.217424138246
776	0.202514170562253		0.296929878574269		1.25292003154755	0.202276273725016	0.365822511740802	0.552935555448636	-9.22046799702013E-4	100.212534657002
774	0.227069571693993		0.332529436842665		1.24577045440674	0.226831674856756	0.408083885070788	0.555845705148118	-8.88765587394651E-4	100.204855381783
772	0.287327546154142		0.420190512542193		1.23883104324341	0.287089649316904	0.51440796581884	0.558097207650959	-7.32953702171155E-4	100.168911321583
770	0.385662839645491		0.562710137827205		1.23221707344055	0.385424942808253	0.68727671919302	0.560800230889252	-9.64152791540197E-4	100.222250996713
768	0.444459041497955		0.645817269758309		1.22665858268738	0.444221144660718	0.786120513148231	0.565080210007133	-8.52738487534092E-4	100.196543186378
766	0.407565863849963		0.590464157491696		1.22236526012421	0.407327967012725	0.715707358647411	0.569126420304689	-8.94876060851095E-4	100.206265262503
764	0.344689554286751		0.499600301958774		1.2186872959137	0.344451657449513	0.602819246598783	0.571401227470711	-9.73342097448573E-4	100.224371637673
762	0.32097266992107		0.466768919338497		1.214359998703	0.320734773083832	0.560809646987164	0.571913794291725	-9.6516751363914E-4	100.222485164671
760	0.330063528649393		0.479819250402073		1.20898902416229	0.329825631812155	0.574106957467137	0.574502063635129	-9.40821744886918E-4	100.216867029604
758	0.349773079046712		0.508123345442784		1.2031888961792	0.349535182209474	0.60540785071715	0.577354888601831	-9.93745591338846E-4	100.229080367524
756	0.375472616297537		0.544776559407653		1.19780671596527	0.375234719460299	0.646603168106639	0.580316858884327	-9.69429884489223E-4	100.22346880023
754	0.400522893602226		0.58035021069373		1.1931779384613	0.400284996764989	0.686550145179495	0.583038252304697	-0.00104981698468703	100.242021694748
752	0.423715000443149		0.613118839102832		1.18890511989594	0.423477103605911	0.723050371366539	0.585681330618162	-9.73642498801964E-4	100.224440962863
750	0.454973237622935		0.657509477353191		1.1848680973053	0.454735340785697	0.773192246981059	0.588127134695437	-9.8288695090491E-4	100.22657437681
748	0.500526391127437		0.722403761456679		1.18107759952545	0.500288494290199	0.84736392192841	0.590405705675614	-0.00100145028851426	100.230858519434
746	0.556583395603151		0.801883575592218		1.17750906944275	0.556345498765913	0.938391882612673	0.592871175757547	-9.24660713917047E-4	100.213137814003
744	0.606807425553833		0.87220519762568		1.174187541008	0.606569528716595	1.01831563059735	0.595659646666506	-8.87027542762052E-4	100.204454363189
742	0.658829906730239		0.944509204905127		1.17108881473541	0.658592009893001	1.10030267050225	0.598555313505127	-9.48304549532428E-4	100.218593760497
740	0.74011892434976		1.0588391424976		1.16803753376007	0.739881027512522	1.23097748171431	0.601051634577533	-9.24997743145906E-4	100.213215583284
738	0.85134357722564		1.21470038149884		1.16498303413391	0.851105680388403	1.40933408884946	0.603906261206824	-9.67123789313548E-4	100.222936616991
736	0.942300459186413		1.34045906813012		1.16204738616943	0.942062562349176	1.5519202522365	0.607030265241758	-9.21528757691827E-4	100.212415119973
734	0.983654517553885		1.39604479178496		1.15931880474091	0.983416620716648	1.61271779243352	0.609788411419901	-9.52400509591428E-4	100.219538956234
732	0.990440569467688		1.40493619922014		1.15665113925934	0.99020267263045	1.61929108390563	0.611503813287321	-9.40608886019272E-4	100.216817910759
730	0.986369355494698		1.40064439015525		1.15388596057892	0.98613145865746	1.61046762456289	0.612326161430978	-9.79188185952708E-4	100.22572077867
728	0.985718405485092		1.40257779468854		1.15089321136475	0.985480508647854	1.60851581519428	0.612664481964589	-9.65801526898023E-4	100.222631476525
726	0.994522991021199		1.41900138349011		1.1476241350174	0.994285094183962	1.62279498297573	0.612699142291366	-0.00101220639100139	100.233340951936
724	1.01044747887261		1.44551391023964		1.14410185813904	1.01020958203537	1.64814734745182	0.612936448672047	-9.6607153885425E-4	100.22269378751
722	1.01664826833758		1.45711059720502		1.14027833938599	1.01641037150034	1.65586279031676	0.613825238083828	-0.00101901731904397	100.234912897826
720	0.997627278423346		1.43152116371352		1.13600122928619	0.997389381586108	1.620582128476	0.615451302381113	-9.95676481477255E-4	100.2295259909
718	0.939805533048922		1.34904599070323		1.13137769699097	0.939567636211684	1.52067577751121	0.617861907256398	-9.32052822887345E-4	100.214843552321
716	0.834149170556065		1.19691163767343		1.12621939182281	0.833911273718827	1.34240588195562	0.621206510585296	-9.43218427779259E-4	100.217420084555
714	0.704644957816702		1.01113019371363		1.12039887905121	0.704407060979464	1.12731875534755	0.624851717970659	-8.52915236811388E-4	100.1965839644
712	0.577549170055509		0.830085509073279		1.11375534534454	0.577311273218271	0.918994704176004	0.628198694285082	-9.37788088594132E-4	100.216166992003
710	0.476000165334325		0.687270877991106		1.10628998279572	0.475762268497088	0.754840402042486	0.630281934048238	-9.76889841375872E-4	100.225190372133
708	0.400931776046881		0.583083636891304		1.09837675094604	0.400693879209644	0.635004226487523	0.631009783078219	-9.53644657173725E-4	100.219826061139
706	0.346443065632283		0.508842049968721		1.09038031101227	0.346205168795046	0.549429682392622	0.630117337831865	-0.00100000325595175	100.230524559229
704	0.306026136167317		0.455002039197527		1.0826700925827	0.305788239330079	0.487253625495501	0.627575092990052	-8.59630846465393E-4	100.198133342477
702	0.283340952542142		0.426389837773769		1.07555782794952	0.283103055704904	0.453278687045827	0.62456732203754	-9.07097794726503E-4	100.209085265036
700	0.271215047439227		0.412478323852306		1.0694442987442	0.27097715060199	0.435824637079704	0.621757302243638	-9.22985302495871E-4	100.212751214774
698	0.274869667785952		0.420889016872898		1.0649927854538	0.274631770948715	0.442967864222413	0.619981251756951	-8.79945865335205E-4	100.202820426157
696	0.293934373825496		0.450939647856337		1.06259047985077	0.293696476988259	0.473900175434905	0.619743338813346	-9.30131567892322E-4	100.214400217555
694	0.321480151303319		0.492618963180518		1.06203079223633	0.321242254466082	0.517915279027332	0.620260238449403	-9.86483975103176E-4	100.22740450227
692	0.34694926649696		0.530572038590388		1.06277585029602	0.346711369659722	0.558614229779048	0.620663332899449	-9.01042933538972E-4	100.207688176432
690	0.364842814399094		0.556892753817247		1.06392598152161	0.364604917561856	0.587222052357842	0.620897863249305	-0.00102627705810101	100.236588455367
688	0.377201763934671		0.575483273762494		1.06461536884308	0.376963867097433	0.607394305232076	0.620624631891141	-8.66004940897816E-4	100.199603950733
686	0.384187834768572		0.585921241860434		1.0645604133606	0.383949937931335	0.618474799149837	0.620801265401786	-9.45729117766498E-4	100.217999450886
684	0.382331821592395		0.583107784230075		1.06376242637634	0.382093924755157	0.615018344283202	0.621272403184142	-9.49771218282486E-4	100.218932212248
682	0.377153862323534		0.575616079548096		1.06245732307434	0.376915965486296	0.606304177280384	0.621661501949363	-9.96040850577029E-4	100.229610082591
680	0.378248118300607		0.57791220594273		1.06094348430634	0.378010221463369	0.607876347136069	0.62185380833506	-8.70258379115825E-4	100.200585300784
678	0.384469204396354		0.588005474335016		1.05921316146851	0.384231307559117	0.617575867073511	0.622160495648676	-7.84954151151278E-4	100.180905810191
676	0.39302235957458		0.601309091225217		1.05730748176575	0.392784462737342	0.630530771256863	0.622942575751519	-8.6472863319514E-4	100.19930948386
674	0.400014357532481		0.612508384393358		1.05524814128876	0.399776460695243	0.64112070623898	0.623558803833463	-7.17707953640153E-4	100.165394990403
672	0.405958252772402		0.621939476579794		1.05312037467957	0.405720355935165	0.649760047499697	0.62441567082555	-7.44705576155798E-4	100.17162189793
670	0.41205440387109		0.631724996255048		1.0509113073349	0.411816507033852	0.658680798156705	0.625214076660966	-7.2389458336205E-4	100.166821880795
668	0.416262965560816		0.63868234638594		1.0485315322876	0.416025068723579	0.664484225011883	0.626087201266725	-6.90712479681156E-4	100.159168965467
666	0.419330860140843		0.643921969778089		1.04595601558685	0.419092963303605	0.668332462504254	0.627072582608447	-5.73701526107806E-4	100.132186948215
664	0.422807465656736		0.649629240873448		1.04322910308838	0.422569568819499	0.672544043882789	0.628315086072109	-6.70815690141398E-4	100.154580373305
662	0.427856454589198		0.65788899731017		1.04042720794678	0.427618557751961	0.679331406595736	0.629469730973931	-5.61070603838131E-4	100.129274768736
660	0.434396889743728		0.668269903335585		1.03775990009308	0.43415899290649	0.688362715768851	0.630712534192916	-5.62981416074368E-4	100.129715319266
658	0.443198429930727		0.68216881441286		1.03528940677643	0.442960533093489	0.701113393499762	0.631795850999728	-5.65421020442122E-4	100.130277789173
656	0.455440971080538		0.701164372808637		1.03309750556946	0.455203074243301	0.71925326937799	0.632882871199126	-6.20966098305376E-4	100.143084997161
654	0.472445946598527		0.727727232504743		1.03115320205688	0.47220804976129	0.745290002804565	0.633589673797242	-5.62935837156272E-4	100.12970481072
652	0.489770014827643		0.7544930752933		1.02945709228516	0.489532117990406	0.771618386637116	0.634422567512803	-6.86519097767213E-4	100.158201871393
650	0.500382050307701		0.77096047970748		1.02793705463409	0.500144153470463	0.787406514109894	0.635179090480144	-6.02526157076995E-4	100.138833058728
648	0.502882093632672		0.775032841446579		1.02666783332825	0.502644196795434	0.790615245082793	0.635763350025963	-6.54194241705852E-4	100.15074730057
646	0.503550987367792		0.776294280040171		1.02560043334961	0.503313090530555	0.791086994839918	0.636229762103982	-7.29309319828993E-4	100.168070757645
644	0.507434163926983		0.782745526047108		1.02465677261353	0.507196267089745	0.796969424152459	0.636406180361468	-7.454857592264E-4	100.17180185019
642	0.516053901136193		0.796364818290051		1.02378344535828	0.515816004298955	0.810233363490611	0.636626467807669	-7.04103206567586E-4	100.162257249592
640	0.52904950472196		0.816664281709915		1.02288675308228	0.528811607884722	0.830287763688913	0.636901603289019	-7.19106928940224E-4	100.16571764967
638	0.542424832427304		0.837586383677096		1.02184903621674	0.542186935590066	0.850824667900252	0.637248725907452	-7.3727475617018E-4	100.169907966593
636	0.557883930571099		0.861679573888441		1.02063095569611	0.557646033733861	0.874400710281633	0.637746547065648	-7.84755354651371E-4	100.180859952807
634	0.572696782684761		0.884802519657863		1.01923584938049	0.572458885847523	0.896773222199866	0.638354125297397	-7.82363045552307E-4	100.180308108534
632	0.585717230630781		0.905178949019802		1.0177036523819	0.585479333793543	0.916162287419338	0.639056356972226	-7.3875156676504E-4	100.170248593147
630	0.598687251025733		0.925441388514033		1.01619136333466	0.598449354188495	0.93539140300072	0.639784963031175	-7.01040493214285E-4	100.161550892007
628	0.613997050464069		0.94935433122854		1.01451146602631	0.613759153626832	0.958105033171057	0.640596941230402	-7.04365397536337E-4	100.162317719269
626	0.62958703697404		0.973755548782405		1.01275491714478	0.629349140136803	0.981158600768704	0.64143466677429	-6.53111259630028E-4	100.15049755913
624	0.645002804429532		0.997733322124094		1.01092803478241	0.644764907592294	1.0036285174658	0.642433825236799	-6.94058343783627E-4	100.15994060838
622	0.658687036857763		1.01912461964604		1.0092089176178	0.658449140020525	1.02351010159475	0.643324515307256	-6.41590469256664E-4	100.147840842012
620	0.669110873486033		1.03543771009599		1.00772297382355	0.668872976648795	1.03844217697615	0.64411191251543	-6.34041348179703E-4	100.146100037934
618	0.677206251261303		1.04815008156619		1.0068142414093	0.676968354424065	1.05030473960325	0.644544701073888	-6.29465566534912E-4	100.145044891504
616	0.685615389716471		1.0613618469553		1.00664889812469	0.685377492879233	1.06343186319667	0.64449591609846	-6.31733595712366E-4	100.145567883359
614	0.692100658245244		1.07166511473639		1.00700271129608	0.691862761408007	1.07418105282199	0.644083936865587	-6.21879875496642E-4	100.143295703414
612	0.699010961257183		1.08267278711672		1.00780045986176	0.698773064419945	1.08612555742462	0.643363062072536	-5.79428813478433E-4	100.133507456799
610	0.707891416543964		1.09660707783253		1.00835275650024	0.707653519706726	1.1007714583785	0.642870519870802	-5.51093546548463E-4	100.126974522987
608	0.717900722534242		1.11242187360674		1.0085117816925	0.717662825697005	1.11689446659319	0.642552046914564	-5.12295672366316E-4	100.118030038528
606	0.730316348705335		1.13178954442779		1.00798010826111	0.730078451868097	1.13582788224367	0.642772081299789	-4.9487233017457E-4	100.114013511083
604	0.744405584183705		1.15369695767033		1.00688087940216	0.744167687346468	1.15664738753067	0.643383364168739	-4.87196804550977E-4	100.112244156607
602	0.759599917008734		1.17713845965186		1.00539457798004	0.759362020171496	1.17850796813044	0.644341863361458	-4.97339584708431E-4	100.114582266768
600	0.776216762340285		1.20271785987924		1.00393652915955	0.775978865503048	1.20247896014528	0.645315960795934	-4.86848473905994E-4	100.112163860517
598	0.793711409182001		1.22976837551822		1.00287997722626	0.793473512344764	1.22834188086002	0.645971227317606	-4.11049325107335E-4	100.094692409828
596	0.813030231736643		1.25942500503839		1.00218975543976	0.812792334899406	1.25721805753292	0.646500684610253	-4.3547142143901E-4	100.100321288517
594	0.833707991053433		1.29108177340555		1.00178515911102	0.833470094216195	1.28842378387804	0.646891267178817	-4.72804490876041E-4	100.108926539169
592	0.85242211603969		1.31993096762621		1.00154709815979	0.852184219202453	1.31701143381675	0.647059089481698	-4.3912245496505E-4	100.101162816974
590	0.87187150500006		1.34979579904984		1.00122630596161	0.871633608162822	1.3464910542875	0.64733709547298	-3.62053780659108E-4	100.083400722899
588	0.888587945668128		1.37540013122292		1.00070452690125	0.88835004883089	1.37141171507585	0.647763205655392	-3.97290902599638E-4	100.091521466349
586	0.904590034532409		1.39980937917226		0.999973237514496	0.904352137695172	1.39481811701271	0.64836563754422	-3.66843964669723E-4	100.08450462951
584	0.917700896906779		1.41996404461907		0.999053955078125	0.917463000069541	1.41367144912709	0.648993088624698	-2.95797718824489E-4	100.068133141878
582	0.93041539514699		1.43941829502962		0.998229086399078	0.930177498309752	1.43192405021885	0.649599745299052	-2.86574632094404E-4	100.066008023303
580	0.945016274300073		1.46165753688411		0.997582137584686	0.944778377462836	1.4531814956276	0.650144789419303	-2.74514233668342E-4	100.063229219475
578	0.958510025161682		1.48215872088423		0.997147619724274	0.958272128324445	1.47299123872135	0.650562001411688	-2.39605631515524E-4	100.055186457658
576	0.974077522963247		1.50600002083779		0.996688485145569	0.973839626126009	1.49607535205773	0.650929530244965	-1.75322654630635E-4	100.040377682694
574	0.990761563423925		1.53131917601006		0.996220171451569	0.990523666586687	1.5205958447259	0.651404954197569	-1.7919641313657E-4	100.041270012688
572	1.00983063225642		1.560347354605		0.9957315325737	1.00959273541918	1.54875427608619	0.651874058401629	-1.70876116677245E-4	100.039353421329
570	1.02762173173367		1.58746398413532		0.995352268218994	1.02738383489643	1.57515496951305	0.652243020389317	-1.08157903249744E-4	100.024907378944
568	1.04706938058174		1.61695338099015		0.995181918144226	1.0468314837445	1.60423270333431	0.652543413164889	-6.12413290856938E-5	100.014102331428
566	1.06582675721578		1.64527274244925		0.995282471179962	1.06558886037854	1.63258055882773	0.652702161995413	-5.15301247237713E-5	100.011865953652
564	1.08773167259456		1.67855726135922		0.995623111724854	1.08749377575732	1.6662781542104	0.652648402674792	-2.69433639549377E-5	100.006204131268
562	1.11045017286999		1.71285618822412		0.996170461177826	1.11021227603275	1.70136177786994	0.652543327629419	5.51895020740128E-6	99.9987292228268
560	1.1379743020935		1.75451697174906		0.99668163061142	1.13773640525627	1.74375734295488	0.652462574482018	2.31453956708023E-5	99.994670717707
558	1.16590933097358		1.79662915053587		0.997178435325623	1.16567143413634	1.78661989067143	0.65244512289532	8.59696017144984E-5	99.980206726791
556	1.194131357228		1.83909780515133		0.997675478458405	1.19389346039076	1.82988036584776	0.652443450770425	8.12491026851591E-5	99.9812934526266
554	1.22316360137469		1.88273013163714		0.99818366765976	1.22292570453745	1.87436553363778	0.652447819056931	1.42948430075496E-4	99.9670903240064
552	1.25300702166559		1.92741583946639		0.998678505420685	1.25276912482836	1.91992138411633	0.65251063673368	1.30930451451929E-4	99.9698566934346
550	1.28038370154888		1.96836422553324		0.999059557914734	1.28014580471164	1.96156381950202	0.652614914684057	2.05122486213552E-4	99.9527799542751
548	1.30828521388856		2.0096977861591		0.999196529388428	1.30804731705132	2.00313310102796	0.653000699943536	2.52112271764222E-4	99.9419658504581
546	1.33476444657084		2.04893323400037		0.99907249212265	1.3345265497336	2.04208349473608	0.653512235505376	3.1219430123091E-4	99.9281404369464
544	1.36326459294134		2.09094187641063		0.998806416988373	1.3630266961041	2.08349814427728	0.654201060772677	3.76050887945606E-4	99.9134485605057
542	1.38687831599151		2.1251459924849		0.998482644557953	1.38664041915427	2.1169749751634	0.655010302635837	3.86016572582301E-4	99.9111558892037
540	1.40847497850287		2.15642132927399		0.99831360578537	1.40823708166563	2.14783917474199	0.655652945633045	4.50737269410681E-4	99.8962677473966
538	1.42875691567769		2.18561245952844		0.998360693454742	1.42851901884045	2.177083759371	0.656161717568999	5.15389302127997E-4	99.8813976158711
536	1.44986145660898		2.21565169524826		0.998661279678345	1.44962355977175	2.20773825686716	0.656610245921453	5.71073268011012E-4	99.868591936716
534	1.47267623679126		2.24816641923943		0.999168038368225	1.47243833995402	2.24134622015754	0.656943727261611	6.2768021109681E-4	99.8555756827174
532	1.49040023574387		2.27283845771506		0.999805629253387	1.49016233890664	2.26744371494576	0.657199263242698	6.63530956336161E-4	99.8473330059195
530	1.50994969733568		2.30005366756725		1.0004802942276	1.50971180049844	2.29620205836096	0.657482121401844	7.47716710951971E-4	99.8279799890721
528	1.52937446654517		2.32686219529216		1.00102841854095	1.52913656970793	2.32429615643927	0.657892310956839	7.55821200214662E-4	99.8261170889509
526	1.55026259146171		2.35586502720752		1.0014044046402	1.55002469462447	2.35421272529693	0.658404687889437	7.95285480116403E-4	99.8170463155426
524	1.57213563092509		2.38594229515375		1.00163662433624	1.57189773408785	2.38488514629172	0.65910835854381	8.42549819319646E-4	99.8061838012292
522	1.59277512058871		2.41423587902506		1.00181710720062	1.59253722375147	2.4136598702378	0.659801840097119	9.28808558090159E-4	99.7863624565322
520	1.61772275476637		2.44846969724765		1.0020604133606	1.61748485792913	2.44855041741557	0.660588749336997	9.84791234661031E-4	99.7735003368124
518	1.64772352368946		2.49063754620025		1.00242054462433	1.64748562685222	2.49170032194863	0.661189314116158	0.00108039675668153	99.751538630845
516	1.67897190613296		2.53421638391674		1.00289297103882	1.67873400929572	2.53657953457778	0.661810121232862	0.0011205102847776	99.7423255242404
514	1.71809803756841		2.58926590518115		1.00349617004395	1.71786014073118	2.59334716692385	0.662410402525802	0.00120397456318688	99.7231585265737
512	1.76124435453468		2.64987205239992		1.00418245792389	1.76100645769744	2.65598037878823	0.663034437965573	0.00120827858412667	99.722170237628
510	1.8094060975063		2.71790387585854		1.00497353076935	1.80916820066906	2.72644288351735	0.663563580079505	0.00127465788644967	99.7069294677964
508	1.86921698715988		2.80307292581119		1.00580215454102	1.86897909032265	2.81435411227446	0.664088105392041	0.00138799635269024	99.680912199589
506	1.94065334307561		2.90499419005237		1.00663805007935	1.94041544623837	2.91929087015417	0.664687258839644	0.00140299911519745	99.6774687682679
504	2.01967823411726		3.01783301772649		1.00742840766907	2.01944033728003	3.03525997946931	0.665326973946102	0.00152212759606439	99.6501306429252
502	2.10824481823603		3.14327545619009		1.00814700126648	2.10800692139879	3.16388943325847	0.666270729703651	0.00155187889890986	99.6433043538697
500	2.19954428076184		3.27327773350266		1.00866842269897	2.1993063839246	3.29665501336719	0.667132707246256	0.00170201832134145	99.6088627408232
498	2.31094104789484		3.4325992416551		1.00904226303101	2.3107031510576	3.45863897975785	0.668096081892705	0.00182109327298356	99.5815557057538
496	2.47886204087621		3.67599166255756		1.00876116752625	2.47862414403897	3.70320030674609	0.669319490907277	0.00202970640748618	99.5337332425554
494	2.69062952049878		3.98289209834296		1.00816118717194	2.69039162366154	4.01040286391305	0.670853207260194	0.00229020403400355	99.474049024191
492	2.8654795930423		4.2324040675608		1.00794267654419	2.86524169620506	4.26102740423051	0.672429774415518	0.00257314049697206	99.4092642507758
490	2.94999088909132		4.34583696017396		1.00791668891907	2.94975299225409	4.37524844837833	0.674190969280248	0.00269728685795397	99.3808514222455
488	2.98597859158424		4.38803138627488		1.00887954235077	2.98574069474701	4.42199717579273	0.675201854739256	0.00282401626220171	99.3518558000795
486	3.07320307365759		4.50610271881091		1.00954282283783	3.07296517682035	4.54410245188583	0.676253497661579	0.00292404533875604	99.3289751732334
484	3.27858572664551		4.79349999061174		1.01009511947632	3.27834782980827	4.83688700282676	0.677780528652489	0.00288685998157346	99.3374803274678
482	3.47812892897318		5.06758693531733		1.01073944568634	3.47789103213594	5.11700287512157	0.679673456711378	0.00271438536164374	99.3769387996465
480	3.56861132607256		5.17968817022096		1.01162850856781	3.56837342923533	5.23490867928117	0.681649604196212	0.00258176011563446	99.4072912543833
478	3.54383490039032		5.12697549709174		1.0127238035202	3.54359700355308	5.18719316074674	0.683143444583612	0.00263488979475627	99.3951309468878
476	3.63067294935973		5.238028543523		1.01399922370911	3.6304350525225	5.30633359333022	0.684170150381379	0.00273386191266144	99.3724822000367
474	3.87687889075876		5.57959024137693		1.01552999019623	3.87664099392152	5.66121035624261	0.684772469132286	0.0028482517594511	99.3463116945345
472	4.32469101055142		6.20792920859278		1.01726651191711	4.32445311371418	6.31007902276052	0.68532471592128	0.00295989944215393	99.3207751972005
470	4.84419096697169		6.93871065586803		1.01911818981171	4.84395307013446	7.06631760065536	0.685498918090691	0.003067110118136	99.2962597274501
468	5.2920500911587		7.56273537017143		1.02110064029694	5.29181219432146	7.71725546537265	0.68571167794896	0.00325722907212528	99.252800806517
466	5.45644463151744		7.76791507638282		1.02326714992523	5.4562067346802	7.94358312482364	0.686869722257905	0.00334977966773153	99.2316517302602
464	5.2897027962462		7.49543952571376		1.02553856372833	5.28946489940897	7.68178183703488	0.688572653014924	0.00354046418260349	99.1880919182808
462	5.08161596114018		7.1779131060841		1.027627825737	5.08137806430294	7.37113243979346	0.689361927194639	0.00370743501454994	99.1499649429993
460	4.91088368887317		6.92676825845481		1.02919805049896	4.91064579203593	7.12391781033166	0.689318142457249	0.00382967856178655	99.1220605180525
458	4.76038650685734		6.70995273197742		1.03004312515259	4.7601486100201	6.90643791770137	0.689233533515118	0.00396808609165325	99.0904758347833
456	4.56547575568304		6.43960052602644		1.03006207942963	4.5652378588458	6.62808545066591	0.688771726439819	0.00412552279964855	99.0545609161624
454	4.37627604452498		6.18661686492794		1.02918720245361	4.37603814768775	6.36208838007989	0.687830455387795	0.00430911218401363	99.012696413147
452	4.24035754409152		6.01562932654867		1.02735614776611	4.24011964725429	6.17510431844533	0.686647452187787	0.0044643077618155	98.9773204458957
450	4.08599975906378		5.81881370721792		1.02460694313049	4.08576186222654	5.95692109170561	0.685884838715681	0.00464079034650612	98.9371075825267
448	3.8480483610888		5.50180822508617		1.02102768421173	3.84781046425156	5.61244040895062	0.685585981120645	0.00484729968577454	98.8900736442463
446	3.50546721011394		5.03231084414969		1.01675081253052	3.5052293132767	5.11156922494219	0.685744271284196	0.00506802718452322	98.8398261427388
444	3.23083762625037		4.65725238373429		1.0121191740036	3.23059972941313	4.70868046582228	0.686094491410549	0.00534587686630498	98.7766113602695
442	3.0789353465839		4.45162833426295		1.00782012939453	3.07869744974666	4.4814479711003	0.686987212526038	0.0055691956498976	98.725832445992
440	3.03172029794444		4.38909592972766		1.0045450925827	3.0314824011072	4.40406832864053	0.688336822885528	0.00581629040830438	98.6696776977667
438	3.00139771017498		4.34627341036752		1.00285410881042	3.00115981333774	4.35371007617769	0.689333869464405	0.00609818259063746	98.6056538912173
436	2.97567389191839		4.30542428699559		1.00277864933014	2.97543599508115	4.3124198537049	0.689968995603451	0.00635544140845677	98.5472611111182
434	2.95033635051573		4.26190241949372		1.00421047210693	2.95009845367849	4.27487224999856	0.690102131982887	0.0066179443155131	98.4877136677915
432	2.92838869435342		4.22046932883896		1.00665414333344	2.92815079751619	4.24356604015055	0.690021262733148	0.00697645926024807	98.4064445092249
430	2.93053644580969		4.21150201198026		1.00962591171265	2.93029854897245	4.2470399400488	0.689962559885598	0.00726635889629057	98.3407782982286
428	2.94116299117738		4.21503074243491		1.01240730285645	2.94092509434014	4.26231250810552	0.689983451177611	0.0075949368549301	98.2664038976891
426	2.93674945848017		4.20051033233668		1.01423370838165	2.93651156164293	4.25527472627183	0.690087421033728	0.00790623157843843	98.195993487698
424	2.91106307430547		4.16263632614036		1.01462960243225	2.91082517746823	4.21850763424004	0.690013016414182	0.00824916670956071	98.1184848723635
422	2.88218063301462		4.12865143125663		1.01337480545044	2.88194273617739	4.17885115067994	0.689649530998123	0.00858878401748053	98.04178643082
420	3.3548221765362		4.82481698755692		1.01114857196808	3.35458427969896	4.87359764534317	0.688317855476711	0.00885959128855802	97.9806708661254
418	3.21726297054289		4.65203813570825		1.0079870223999	3.21702507370565	4.68420056897373	0.686782093622108	0.00924730087056631	97.8932391925537
416	3.03137759530909		4.4125977851025		1.00422537326813	3.03113969847185	4.42626779325242	0.684807119689559	0.00962117696259764	97.8090009771418
414	2.85088139974125		4.18047910438938		1	2.85064350290402	4.1755251720285	0.682702985962159	0.0100726224210263	97.7073821689945
412	2.69602292868035		3.98351638544984		0.995681941509247	2.69578503184311	3.96138278770741	0.680516167285933	0.0104875181418966	97.614083684222
410	2.57890180121865		3.83682576103599		0.991583049297333	2.57866390438142	3.79961915239421	0.678663782067883	0.0109796735864023	97.5035271514816
408	2.48017699448423		3.71212274639756		0.988153755664825	2.479939097647	3.66325278647386	0.676977331950415	0.0113868257977403	97.4121601751397
406	2.39782701678594		3.60757742699108		0.985654711723328	2.39758911994871	3.55094282204742	0.675197895348339	0.0119497039988157	97.2859884956664
404	2.3332580912627		3.52549757380343		0.98426741361618	2.33302019442546	3.46515638448555	0.67327991454326	0.0124518329566176	97.1735719561803
402	2.3002005547737		3.48655595530669		0.984128773212433	2.29996265793646	3.42634472765559	0.671258393638099	0.0130488193044786	97.0400877766626
400	2.30839649468235		3.50511356753723		0.985299050807953	2.30815859784511	3.44870396621556	0.66928290176729	0.0135639361112094	96.9250567340093
398	2.34411111123886		3.56208137004397		0.987817049026489	2.34387321440162	3.51379112850326	0.667049670479424	0.0142147692651168	96.7799137509326
396	2.38792431907161		3.6271614405847		0.991658091545105	2.38768642223437	3.59199138478559	0.664724985796951	0.014809443225894	96.6474849219786
394	2.4127713428981		3.66091300294984		0.996615350246429	2.41253344606087	3.64358492962162	0.662131799494352	0.0154005040092146	96.5160402782534
392	2.41890988047123		3.66393636963698		1.0025714635849	2.41867198363399	3.66839137737134	0.659327682033519	0.0160832981447931	96.3644177916709
390	2.41838433848114		3.65499554447739		1.0093150138855	2.41814644164391	3.68404180041602	0.65638409460252	0.0167115578666413	96.2251157389074
388	2.42371692879187		3.65467913334584		1.01699423789978	2.42347903195463	3.71174949931932	0.652920956114915	0.0173933766475229	96.0741660487705
386	2.43965929933363		3.66964131834465		1.02549052238464	2.4394214024964	3.75810218182891	0.649109918908387	0.0181404296534093	95.9090458295124
384	2.46260817131225		3.69529705310542		1.03449034690857	2.46237027447501	3.81762433519067	0.64500067536164	0.0189194409282687	95.737164163316
382	2.48861083966538		3.72672613745249		1.04369103908539	2.48837294282814	3.88438029997117	0.640610020302751	0.0197147689325323	95.5620001370857
380	2.5137809152484		3.75836608605653		1.0526317358017	2.51354301841116	3.95096075052383	0.636185266603294	0.0205267905858981	95.3834901237262
378	2.52901607387893		3.77706544389197		1.06117713451386	2.52877817704169	4.00287848487328	0.631739930801757	0.0213322374448325	95.2067548938433
376	2.52912440639802		3.77484782183052		1.06922745704651	2.52888650956079	4.03087405677279	0.627379192190756	0.0222425839041806	95.0073962526147
374	2.52314196013287		3.76527891073594		1.07646524906158	2.52290406329563	4.047859164399	0.623268735603406	0.0231788136012113	94.8028047995696
372	2.51502300752859		3.75374767298905		1.08239138126373	2.51478511069135	4.05766203499136	0.619762091816676	0.0241681101728652	94.5870955217844
370	2.51579535615832		3.75691215051546		1.08660447597504	2.51555745932108	4.07689459351809	0.617027838620257	0.0251846774569182	94.3659513374111
368	2.51874986542385		3.7647732222614		1.08728444576263	2.51851196858662	4.08799303278714	0.616075406290388	0.026281241947872	94.127984180045
366	2.52731087124902		3.78227585158599		1.08414971828461	2.52707297441178	4.09518249459817	0.617084336960603	0.0274021671209517	93.8853507000812
364	2.53691360314424		3.80260776800865		1.07767069339752	2.53667570630701	4.09262024234629	0.619817025791949	0.0285636494193238	93.6345980652445
362	2.55479355424467		3.83615681328476		1.06871128082275	2.55455565740744	4.09444973796398	0.623906952311918	0.0297697752166711	93.374916139896
360	2.57638661812324		3.87573569496254		1.05907070636749	2.576148721286	4.09943157551295	0.628416080091214	0.0309410392367767	93.1234293278854
358	2.6033382024882		3.92530619769416		1.04836678504944	2.60310030565096	4.10996710066873	0.633362808482679	0.0323362255721465	92.8247470483981
356	2.63063782640255		3.97553571653642		1.03684234619141	2.63039992956532	4.11686733284942	0.638932400997417	0.0336658851959703	92.5409843638156
354	2.65958506749782		4.02902299903754		1.02479386329651	2.65934717066058	4.12384128501155	0.644871367946727	0.0350077941115036	92.2554870278382
352	2.68699724023985		4.0819514973612		1.01273274421692	2.68675934340261	4.12890893216847	0.650718964148126	0.0364985536486113	91.9393536698524
350	2.70875231583652		4.1272100298952		1.00126516819	2.70851441899928	4.12747144481996	0.656216391853783	0.0380158201743959	91.6187115293298
348	2.72478886606541		4.16519064741922		0.990810453891754	2.72455096922817	4.12200602794409	0.660976949271245	0.0395716041283184	91.2910907065142
346	2.73742832158131		4.20003773956513		0.981342911720276	2.73719042474407	4.1168157582724	0.664880476918092	0.0413066683348539	90.9270982427843
344	2.74549656617797		4.2291466774371		0.972720801830292	2.74525866934074	4.10896015407624	0.668115183988177	0.0430562134348424	90.5615373883515
342	2.74632570924107		4.24790039806529		0.964752793312073	2.74608781240383	4.09339445466192	0.670858340875589	0.0448435350188554	90.1896008703505
340	2.74604251832423		4.26640238285464		0.957048177719116	2.74580462148699	4.078411473989	0.673253456400607	0.0466629785145751	89.8125488065045
338	2.74239499880756		4.28229253415833		0.950148642063141	2.74215710197032	4.0641074641421	0.674725539657737	0.0486428040948634	89.4040506464845
336	2.72477630014749		4.27809826659697		0.944044172763824	2.72453840331025	4.03403700811433	0.675387557880588	0.0506903067403908	88.9835428938048
334	2.70260274310718		4.26983912112216		0.938558220863342	2.70236484626994	4.0028430549502	0.675111366889093	0.0527886364925235	88.5546484915725
332	2.67020800446709		4.24915120128295		0.933434963226318	2.66997010762986	3.96168212164151	0.673948596997369	0.0549699182848391	88.1109901596349
330	2.61844738455673		4.20118524688477		0.928119659423828	2.61820948771949	3.89460477849951	0.672265771914402	0.0572336481259862	87.6529126253117
328	2.55381033159235		4.13833924127651		0.923022568225861	2.55357243475512	3.81520792330235	0.669314094038892	0.0596330688311405	87.1699769543937
326	2.47675054918542		4.0582918709909		0.918195605278015	2.47651265234819	3.72175708195673	0.665414909628156	0.0621261081900089	86.671016839014
324	2.39389787861805		3.97100307739437		0.913534343242645	2.39365998178081	3.62312210097623	0.660662245176848	0.0646459021405361	86.1696041483779
322	2.30668023736499		3.87908869543743		0.908978700637817	2.30644234052775	3.52150598303712	0.654959086151706	0.0674706144716414	85.610963643239
320	2.22267264981005		3.78977894725913		0.904343068599701	2.22243475297281	3.42278026808599	0.649306873039672	0.0703001254340154	85.0550050239072
318	2.14682873409748		3.71040220929506		0.899914681911469	2.14659083726024	3.33458730747662	0.643735083033297	0.0731372238447392	84.5011804949707
316	2.07345632472269		3.63468275647262		0.895963847637177	2.07321842788545	3.25210580313072	0.637500300848029	0.0762736140901361	83.8931276735675
314	2.01084983083223		3.5744547586664		0.892610192298889	2.01061193399499	3.18617281897961	0.631042962270608	0.0795373168966765	83.2650377152922
312	1.95874175242716		3.53096221977769		0.88999992609024	1.95850385558992	3.13814711519454	0.624095615564701	0.0827531002419549	82.6507692027386
310	1.90828529266784		3.49030254464719		0.888025283813477	1.9080473958306	3.09507769061446	0.616478029490691	0.0861717238169342	82.0027234313051
308	1.84904826165454		3.43391000092721		0.887133359909058	1.8488103648173	3.0419413180878	0.607773185440501	0.0896991289053674	81.3393825046064
306	1.78946423601372		3.37690473992452		0.887335538864136	1.78922633917648	2.99205178685284	0.597993105279256	0.0933572077467288	80.6571351417108
304	1.7246478666438		3.30999299702783		0.888603985309601	1.72440996980657	2.93687088446696	0.58715893127169	0.0971329215838773	79.9589492587725
302	1.65664689035302		3.24008927904543		0.891015827655792	1.65640899351578	2.88255679850464	0.574631866534274	0.101320922122703	79.1915927547964
300	1.5867405795972		3.16391236772872		0.894482612609863	1.58650268275996	2.82563339439379	0.56146798303972	0.105515188661254	78.430468876934
298	1.51146983282765		3.07643046134		0.900495111942291	1.51123193599041	2.76584960079117	0.546389773167031	0.10992580966602	77.6379733906953
296	1.43094950111815		2.97762735382464		0.909423410892487	1.43071160428091	2.70341880241701	0.529223072282315	0.114625695728252	76.8023138327317
294	1.34443355663963		2.8653644929451		0.92107892036438	1.34419565980239	2.63466387094178	0.510196262463604	0.119754127537252	75.9007159449061
292	1.25864910874022		2.74916097534302		0.934718489646912	1.25841121190298	2.56506106249468	0.49059698043956	0.124984863255804	74.9920346331905
290	1.16769390402553		2.61912819021807		0.948803901672363	1.16745600718829	2.48033873550636	0.470684100714155	0.130529534452553	74.0406913929606
288	1.076333672457		2.48224070053067		0.962523102760315	1.07609577561976	2.38444574652586	0.451298075113527	0.136231815198856	73.0748924426219
286	0.977511118530582		2.32510280076794		0.97529125213623	0.977273221693344	2.26282089501118	0.431882710579494	0.142477921903563	72.0314368709976
284	0.882729786206673		2.16774702258811		0.986907541751862	0.882491889369435	2.13447681199407	0.413446463512993	0.148723261015706	71.0030065693453
282	0.794335954772767		2.01734129809145		0.996903836727142	0.79409805793553	2.00615668587803	0.395830526860358	0.15505666189192	69.9750694393634
280	0.712994373066542		1.87586732893019		1.00535523891449	0.712756476229305	1.88093258479625	0.37893781095111	0.161508216450353	68.9432549620665
278	0.637157304888127		1.73922586951524		1.00982344150543	0.636919408050889	1.75130845608351	0.363682026337752	0.168005591938782	67.9194887305326
276	0.568672717454258		1.61171705898958		1.01022160053253	0.568434820617021	1.6231868174595	0.350196794665136	0.174496381997688	66.9119394294514
274	0.504665718808651		1.49041190810711		1.00653350353241	0.504427821971413	1.49516322067801	0.337373080741426	0.181526267692429	65.8375607814154
272	0.453614058551217		1.39269425835108		0.99854451417923	0.45337616171398	1.38572048962281	0.327177208613973	0.188278927463352	64.8217979095742
270	0.413114974240387		1.31643925499367		0.988452672958374	0.41287707740315	1.29634117270206	0.318494148066407	0.194826312930675	63.8518797481968
268	0.378841570751849		1.25321119311253		0.972882628440857	0.378603673914611	1.21440780481045	0.311759914927181	0.201705635382959	62.8484200806032
266	0.351033108338552		1.20279960914649		0.953488886356354	0.350795211501314	1.14213254038508	0.307140545512381	0.208324126637972	61.8978940610221
264	0.327389715793866		1.16082801660179		0.931065678596497	0.327151818956628	1.07619468861587	0.303989438358397	0.214896221530353	60.9682568823648
262	0.306041077268331		1.12175071420667		0.906938552856445	0.305803180431094	1.01286605716196	0.301918677468522	0.221192288099087	60.0907620890499
260	0.285289243244806		1.0818315835068		0.883175373077393	0.285051346407569	0.951071821309507	0.299715899494413	0.22743354557883	59.2333717046399
258	0.264842929544767		1.03751805249491		0.859192788600922	0.26460503270753	0.887171645787211	0.298256863780558	0.233140528011105	58.4600889723212
256	0.243677293948189		0.987426441061763		0.834685504436493	0.243439397110951	0.820055561519982	0.29685719911433	0.238690334638045	57.7177862324369
254	0.222653416773895		0.933788714225307		0.80953711271286	0.222415519936657	0.751926227497807	0.295794337001373	0.244139252595021	56.9981483573476
252	0.201489062000065		0.875030527204234		0.784095585346222	0.201251165162828	0.682223216929746	0.294993134459029	0.249384050071059	56.3139446873053
250	0.181641655768336		0.817438988127718		0.758817315101624	0.181403758931099	0.616527728577184	0.294234550244383	0.25462267755931	55.6387446225606
248	0.162622279013279		0.758876762104397		0.735633492469788	0.162384382176042	0.554610884296927	0.292789750027885	0.259900505517176	54.9666785078721
246	0.144032227207679		0.698694770462548		0.715051770210266	0.143794330370441	0.49606061435175	0.289872499872522	0.265586265359135	54.2517478572394
244	0.126533293714369		0.639228052560517		0.697206974029541	0.126295396877131	0.442220340049637	0.285593821539179	0.271464513293207	53.5223885750235
242	0.109818200931427		0.579163036321033		0.681808710098267	0.10958030409419	0.391500768497752	0.279898056176661	0.277994695995349	52.7236300479339
240	0.0942334430743895		0.520097518673746		0.667849898338318	0.0939955462371519	0.344038591748683	0.27321221656963	0.285423954933404	51.8293837435858
