Wavelength	I1	I1 dark	R1	R1dark	XCorrect	I1c	R1c	I1c/R1c	Abs	Percent T
nm	uA	uA	uA	uA		uA	uA	uA/uA	OD	T*100
	Abs Detector Raw	Dark Offset for Abs Detector	Ref Detector Raw	Dark Offset for Ref Detector	Linear interp	Dark subtracted Abs Detector	Corrected Ref Detector	Corrected Intensity 	-Log(T)	% Transmittance
800	0.14403339862491	2.47691568338581E-4	0.212198746214779	0.0049526316254129	1.35067892074585	0.143785707056572	0.279922958382335	0.513661715664568	7.24465470899264E-4	99.8333247184174
798	0.15368139529809		0.226526149226072		1.34199333190918	0.153433703729751	0.297350183147745	0.516003394063874	6.49295266680193E-4	99.8506059439857
796	0.166233322432993		0.24466360490311		1.33337259292603	0.165985630864655	0.319624041992104	0.519315223692576	4.66228516814485E-4	99.8927045195332
794	0.166580384733242		0.244802375768949		1.32502686977386	0.166332693164904	0.317807355698572	0.523375844461774	6.99699003268733E-4	99.8390180656956
792	0.156681563132781		0.230428608545805		1.31713449954987	0.156433871564443	0.296982188021558	0.526744962741965	6.33632082045281E-4	99.854207202453
790	0.151264412656991		0.223001434388776		1.30966234207153	0.151016721088652	0.28557030571296	0.528825014602344	4.97116898096686E-4	99.8856000907421
788	0.153115375097715		0.22588622041088		1.30193436145782	0.152867683529376	0.287641030839992	0.531452981804994	5.4692837018379E-4	99.8741443535198
786	0.157536046352329		0.23239562246922		1.29363858699799	0.15728835478399	0.294229029297779	0.53457796179861	6.11638652382872E-4	99.8592641216245
784	0.162409163207551		0.239489009090962		1.28498160839081	0.162161471639213	0.301374931541835	0.538072197344333	3.82867147790865E-4	99.9118804294071
782	0.170785911259102		0.251725518746657		1.27644824981689	0.170538219690763	0.314992819868174	0.54140351441069	3.86613930982837E-4	99.9110184646457
780	0.182643277010672		0.269097462532528		1.268270611763	0.182395585442333	0.335007126288601	0.54445285228113	3.87874458829916E-4	99.91072847607
778	0.198614095084978		0.292356256461197		1.26044166088104	0.19836640351664	0.362255502231247	0.547586999493004	3.17191723028374E-4	99.9269905715559
776	0.21816250637619		0.320739804321414		1.25292003154755	0.217914814807852	0.395656074376585	0.550768278109237	3.75713796720297E-4	99.9135261114792
774	0.259770423995578		0.381541993714691		1.24577045440674	0.259522732427239	0.469143900734704	0.553183643698262	3.09248295794443E-4	99.9288182946115
772	0.351341197326579		0.51545317939787		1.23883104324341	0.35109350575824	0.632423926173285	0.555155317861962	1.23868905634506E-4	99.9714821975386
770	0.434771316316939		0.635761588035794		1.23221707344055	0.4345236247486	0.777293566168088	0.559021254853196	3.00731666095286E-4	99.9307779443928
768	0.433029704080246		0.6301674291226		1.22665858268738	0.432782012511907	0.766925097373076	0.56430805823711	3.91379425475416E-4	99.9099221513932
766	0.369601635791211		0.537018863820975		1.22236526012421	0.369353944222873	0.650379278321035	0.567905461527566	3.51701960374408E-4	99.9190504127573
764	0.328304635834155		0.478822596353321		1.2186872959137	0.328056944265817	0.577499305928973	0.568064655485776	1.88315726254889E-4	99.9566481012473
762	0.328829017851103		0.480179923618405		1.214359998703	0.328581326282765	0.577097013688242	0.569369306180937	1.47562099021361E-4	99.9660283427249
760	0.345965176535072		0.505044181331552		1.20898902416229	0.345717484966733	0.604605194671034	0.571807003998433	5.76414039946164E-5	99.9867284569895
758	0.369759452868217		0.539419594707379		1.2031888961792	0.369511761299879	0.643064715354839	0.574610536819742	9.07326342042715E-5	99.9791102211215
756	0.396181683292424		0.57721347273019		1.19780671596527	0.395933991724086	0.685457878759237	0.577619725431963	2.68159112715476E-5	99.9938255988691
754	0.419753945771476		0.610840022888793		1.1931779384613	0.419506254203138	0.722931468447338	0.580284954401175	9.23340567684229E-5	99.9787415576581
752	0.446008039599676		0.648349423678855		1.18890511989594	0.445760348031337	0.764937740196957	0.582740691963456	-1.71630109274451E-5	100.003952007401
750	0.488543609192896		0.709213539341416		1.1848680973053	0.488295917624557	0.834456281731962	0.585166566918366	-4.67079891968529E-5	100.010755490326
748	0.539279668560477		0.781992729114081		1.18107759952545	0.539031976992138	0.917744653076939	0.587344175947979	4.24428788749009E-5	99.9902276435058
746	0.593726279365868		0.859068960190377		1.17750906944275	0.59347858779753	1.00572972324439	0.590097492478421	7.86786993934971E-7	99.9998188357637
744	0.641564172851475		0.926166494101956		1.174187541008	0.641316481283137	1.08167783992381	0.592890468504291	2.46168417752343E-5	99.9943319233507
742	0.712741755880052		1.02644879350593		1.17108881473541	0.712494064311713	1.19626272947343	0.595599985485911	-7.33666630579751E-5	100.016894725466
740	0.815415299781312		1.17185455769543		1.16803753376007	0.815167608212974	1.3629852478667	0.598075151208605	-5.33618527391306E-5	100.01228777555
738	0.920683350508143		1.31872765738932		1.16498303413391	0.920435658939804	1.53052561568379	0.601385334232765	1.22990578821244E-5	99.997168077366
736	0.983664830664196		1.40375002643435		1.16204738616943	0.983417139095857	1.62546885641834	0.605005217548604	1.48208644768877E-5	99.9965874280686
734	0.996369829392726		1.4193701313524		1.15931880474091	0.996122137824387	1.63976080518811	0.607480148734322	8.32718910436866E-5	99.9808277766074
732	0.999728049288975		1.42410651744188		1.15665113925934	0.999480357720636	1.64146595881393	0.60889496510962	9.50216027366571E-6	99.9978120706758
730	0.999863054476424		1.4260857105492		1.15388596057892	0.999615362908085	1.63982550788445	0.609586421300212	-2.53360216310779E-5	100.005834004744
728	1.00879535882306		1.44218623996485		1.15089321136475	1.00854766725472	1.65410240298311	0.609725048120261	-2.4507124754395E-4	100.056445664705
726	1.02435446825796		1.4690760332534		1.1476241350174	1.02410677668962	1.68026335235204	0.609491824752392	-1.13440167234189E-4	100.026123975518
724	1.03798305249305		1.49207978834947		1.14410185813904	1.03773536092471	1.70142494329701	0.609921328009798	-8.56310766003797E-5	100.019719228032
722	1.03301397292306		1.48697156083082		1.14027833938599	1.03276628135472	1.68991408353293	0.611135377483583	-9.04628881125886E-5	100.020832019328
720	0.988034277973396		1.42289936870402		1.13600122928619	0.987786586405058	1.61078923638365	0.613231429719954	5.84469655983592E-5	99.9865429943645
718	0.899777457647343		1.29546661011898		1.13137769699097	0.899529766079004	1.4600587329227	0.616091493989664	4.0997753700211E-5	99.99056036391
716	0.769341729713948		1.10749541946383		1.12621939182281	0.769094038145609	1.24170506797801	0.619385438603388	1.13600531392306E-4	99.9738459317589
714	0.638402974438814		0.920324350875788		1.12039887905121	0.638155282870475	1.0255814481633	0.622237545358626	8.68254289092034E-5	99.980009704496
712	0.522072866261068		0.755881782563142		1.11375534534454	0.521825174692729	0.836351355831935	0.623930565848918	-4.81726985971259E-5	100.011092788972
710	0.436167959377764		0.636026039633858		1.10628998279572	0.435920267809426	0.698150189688496	0.624393252695278	5.1038059807208E-6	99.9988248121485
708	0.374433662444267		0.550844403926864		1.09837675094604	0.374185970875928	0.599594831228646	0.624064704008828	-5.13292565538209E-5	100.011819696569
706	0.32755265524634		0.487371802862129		1.09038031101227	0.327304963678001	0.526020365971371	0.622228690848474	-1.76934950722616E-5	100.004074160791
704	0.295496887552163		0.445001963553891		1.0826700925827	0.295249195983824	0.476428250939962	0.619713871713772	3.14703272230654E-5	99.9927539519052
702	0.280898561499655		0.427754900939702		1.07555782794952	0.280650869931316	0.454748290435806	0.617156514568435	8.08629633854439E-5	99.9813823478933
700	0.279240439252863		0.428570913509683		1.0694442987442	0.278992747684524	0.453036156404947	0.61582887754139	-7.32717757660876E-6	100.001687159219
698	0.293958459823935		0.452662437156094		1.0649927854538	0.293710768255597	0.476807712867098	0.615994163537081	-7.16749302389985E-5	100.016505124537
696	0.320151721438022		0.493036686262344		1.06259047985077	0.319904029869683	0.518633469824166	0.616821027725306	-4.26020065226662E-5	100.00980995566
694	0.346653904864839		0.532781481330583		1.06203079223633	0.346406213296501	0.560570491417571	0.617952993602122	-2.30161831027941E-4	100.053010765853
692	0.368644479422965		0.565462093382615		1.06277585029602	0.368396787854627	0.595695919817975	0.618430940348218	-1.11657736593771E-4	100.025713449321
690	0.382824499507906		0.586682057897433		1.06392598152161	0.382576807939568	0.61891705082646	0.618139066339666	-1.13688441930381E-4	100.026181157831
688	0.391313774071153		0.599475350082642		1.06461536884308	0.391066082502814	0.632938023195933	0.617858412942519	-2.02447371642039E-4	100.046626096593
686	0.393325529434208		0.602479294467612		1.0645604133606	0.39307783786587	0.636103231189268	0.617946613996859	-2.66241202908876E-4	100.061323097424
684	0.388405288670177		0.595213957887756		1.06376242637634	0.388157597101838	0.627897820620948	0.61818592827409	-2.58711322716061E-4	100.059588230244
682	0.386043562300219		0.592207588881214		1.06245732307434	0.385795870731881	0.623933329848135	0.618328677562046	-1.73750216623247E-4	100.040015469924
680	0.391786972006274		0.6015610205455		1.06094348430634	0.391539280437935	0.632967782907266	0.618576949745479	-1.2100870151328E-4	100.027867165396
678	0.400623406907489		0.615450980206795		1.05921316146851	0.40037571533915	0.646647885872187	0.619155685940472	-2.12665579428642E-4	100.04898005061
676	0.407612170307297		0.626571768736577		1.05730748176575	0.407364478738959	0.657242564476402	0.619808425011988	-2.3221974691987E-4	100.053484870815
674	0.414448344291212		0.637661496475468		1.05524814128876	0.414200652722873	0.66766485360994	0.62037210807693	-8.68268313605538E-5	100.019994615413
672	0.420964843593786		0.647944804845022		1.05312037467957	0.420717152025448	0.677148158377063	0.621307385718645	-2.46541610863561E-4	100.056784420049
670	0.42604125501149		0.656151559878148		1.0509113073349	0.425793563443152	0.684352317025167	0.622184732703247	-2.00683601532588E-4	100.046219784982
668	0.429044468500467		0.661247281293333		1.0485315322876	0.428796776932128	0.688145634648456	0.62311922846271	-1.83494369332948E-4	100.042260066999
666	0.433187867531762		0.668189902115201		1.04595601558685	0.432940175963423	0.693717012830199	0.624087586085184	-1.8977344471706E-4	100.043706498993
664	0.43668870980293		0.674015358329717		1.04322910308838	0.436441018234591	0.697985708289596	0.625286467976663	-2.99288676195844E-4	100.068937515421
662	0.443942812862323		0.685577414252755		1.04042720794678	0.443695121293984	0.708140542248348	0.626563647782756	-2.41238739132008E-4	100.055562702812
660	0.452922926046655		0.699774510448468		1.03775990009308	0.452675234478316	0.721058283549899	0.627792849490217	-1.9345903824214E-4	100.044555512777
658	0.464603246739728		0.718253300657833		1.03528940677643	0.46435555517139	0.738472626495804	0.628805372752741	-1.65037380615048E-4	100.038008482633
656	0.479655576696672		0.741824478236987		1.03309750556946	0.479407885128334	0.761260466658778	0.629755394014464	-1.55948802822093E-4	100.035914986752
654	0.499182189472652		0.772201194729378		1.03115320205688	0.498934497904313	0.791150812618197	0.630643980827325	-2.91674903950281E-4	100.067183186384
652	0.511715275054896		0.791768650705878		1.02945709228516	0.511467583486557	0.809993331165957	0.631446659875974	-1.82642665220996E-4	100.042063872195
650	0.515726212538869		0.798148980575402		1.02793705463409	0.51547852097053	0.815355918686169	0.632212889067085	-1.84012325804707E-4	100.042379381356
648	0.517503837043485		0.80137390579445		1.02666783332825	0.517256145475146	0.817660103967647	0.63260533682051	-1.4000876483382E-4	100.032243406549
646	0.519847400876894		0.805195258928595		1.02560043334961	0.519599709308555	0.820729185346973	0.633095201907421	-2.66135126574404E-4	100.06129865747
644	0.528948841270214		0.819931529011313		1.02465677261353	0.528701149701875	0.835073646743566	0.633119188665079	-2.39595487777592E-4	100.055184120687
642	0.537912345262718		0.834176817040329		1.02378344535828	0.537664653694379	0.848945993518493	0.633331987899495	-1.88675430888139E-4	100.043453561784
640	0.555207416604743		0.861257285682121		1.02288675308228	0.554959725036404	0.875902687237307	0.633586051421771	-1.96071499289965E-4	100.045157323994
638	0.569136829390881		0.883170704173661		1.02184903621674	0.568889137822542	0.897406291021546	0.633925952508041	-1.95843041199121E-4	100.045104695833
636	0.583366413074256		0.905409035688805		1.02063095569611	0.583118721505918	0.919033680241898	0.634491133504961	-2.49622133391426E-4	100.057494141872
634	0.59838521031649		0.929016982371816		1.01923584938049	0.598137518748152	0.941839513415244	0.635073715031577	-2.25212010021975E-4	100.051870429761
632	0.61188373473765		0.950147457140898		1.0177036523819	0.611636043169312	0.961928226139579	0.635843742338175	-1.93885886154312E-4	100.044653841981
630	0.627110658810107		0.974148616712963		1.01619136333466	0.626862967241769	0.984888589424592	0.636481094382467	-2.16281002204217E-4	100.049812943686
628	0.642089874753671		0.997634180278787		1.01451146602631	0.641842183185333	1.0070868132216	0.63732557586781	-2.89463928763042E-4	100.066673749803
626	0.6601381641713		1.02598759660836		1.01275491714478	0.659890472602962	1.03405818136323	0.638156038505503	-1.69691533988406E-4	100.039080554116
624	0.674269418692471		1.04782247048352		1.01092803478241	0.674021727124133	1.05426635673067	0.639327739921726	-3.57979182845964E-4	100.082461734011
622	0.685420712593225		1.06555069459481		1.0092089176178	0.685173021024887	1.07036502315688	0.64013024174134	-2.44101741535939E-4	100.056222301938
620	0.692792470071093		1.07731794308295		1.00772297382355	0.692544778502755	1.0806471606872	0.640861146632131	-1.80901002674582E-4	100.041662671688
618	0.703109903196371		1.09342368490091		1.0068142414093	0.702862211628032	1.09588815779956	0.641363086758155	-2.5772115702107E-4	100.059360100569
616	0.709260348728436		1.10328043382393		1.00664889812469	0.709012657160097	1.10563047186286	0.641274526348297	-2.36280587156814E-4	100.054420418315
614	0.718904882991656		1.11843186808956		1.00700271129608	0.718657191423317	1.12127661009129	0.640927657774658	-2.80326763135726E-4	100.064568459057
612	0.727458810569781		1.13202649999325		1.00780045986176	0.727211119001442	1.13586556283927	0.640226398961921	-2.40190350688609E-4	100.055321168615
610	0.739058053687495		1.15021001585076		1.00835275650024	0.738810362119156	1.15482344028589	0.639760448520384	-2.932294064456E-4	100.067541364926
608	0.74891885534487		1.16570826560573		1.0085117816925	0.748671163776532	1.1706357325351	0.639542381091704	-2.23071371925437E-4	100.05137727517
606	0.761883422858984		1.18593385451417		1.00798010826111	0.761635731290646	1.19040558090175	0.639811962838495	-2.66592210542278E-4	100.061403969514
604	0.779492573484422		1.21330483523976		1.00688087940216	0.779244881916084	1.21666672940276	0.640475212385074	-2.65398003501876E-4	100.061128824713
602	0.796107417168033		1.23914052086651		1.00539457798004	0.795859725599694	1.24084581205163	0.64138486657243	-2.02518000221081E-4	100.046642367008
600	0.81420308665139		1.26709009045698		1.00393652915955	0.813955395083052	1.26710589974161	0.64237361316764	-2.48978548932328E-4	100.057345865983
598	0.834000831323259		1.29751433044771		1.00287997722626	0.83375313975492	1.29628424707844	0.64318697201947	-2.39567507353564E-4	100.055177674401
596	0.856052329648231		1.33167838060417		1.00218975543976	0.855804638079893	1.32963095390465	0.643640730209162	-2.32298287434709E-4	100.053502965111
594	0.873150867787917		1.35794866553338		1.00178515911102	0.872903176219578	1.35541134710507	0.644013478331836	-2.17093575752963E-4	100.050000139036
592	0.896227308125395		1.39346651664878		1.00154709815979	0.895979616557057	1.39066205229973	0.644282782488658	-2.792279681273E-4	100.064315289114
590	0.912180367448857		1.41803744550568		1.00122630596161	0.911932675880519	1.41481768821178	0.644558435675997	-2.11810893863129E-4	100.048783155787
588	0.929195125681651		1.44418275942708		1.00070452690125	0.928947434113312	1.44024410414379	0.644993047665043	-2.26311132100114E-4	100.052123643568
586	0.942933278702928		1.46530825067568		0.999973237514496	0.942685587134589	1.46031653630418	0.645535103999007	-2.00369666598764E-4	100.046147465408
584	0.956906731405881		1.48674599625652		0.999053955078125	0.956659039837543	1.48039152154323	0.646220290994557	-2.08588514625581E-4	100.04804081634
582	0.972301836324834		1.51000416571925		0.998229086399078	0.972054144756496	1.50238621786202	0.647006830334068	-2.70194305174566E-4	100.062233895188
580	0.987186572898659		1.53288096311319		0.997582137584686	0.98693888133032	1.52423401100178	0.647498267462008	-1.26767081016391E-4	100.029193459564
578	1.00450603083727		1.55914707476361		0.997147619724274	1.00425833926893	1.54976128956394	0.648008403637115	-3.21143275305632E-4	100.073973318617
576	1.01839242451957		1.58045981424144		0.996688485145569	1.01814473295123	1.57028986717753	0.648380120277582	-2.11102155037079E-4	100.048619883164
574	1.03969154095058		1.61286367153383		0.996220171451569	1.03944384938224	1.60183341185643	0.6489088326467	-2.29127741680753E-4	100.052772532042
572	1.05908510318998		1.64239333602765		0.9957315325737	1.05883741162164	1.630451342093	0.649413683368446	-2.79244399653787E-4	100.064319075046
570	1.07783089779281		1.67094642429247		0.995352268218994	1.07758320622447	1.65825070036992	0.649831298719843	-2.17874778537905E-4	100.050180107726
568	1.09933389453306		1.70371919180067		0.995181918144226	1.09908620296472	1.69058176383448	0.650123067973852	-1.83698931963565E-4	100.042307189202
566	1.11914563304032		1.73352746804875		0.995282471179962	1.11889794147198	1.72042023481492	0.650363160598581	-2.01143198531883E-4	100.046325660071
564	1.1450203094506		1.77264632012633		0.995623111724854	1.14477261788227	1.75995669072166	0.650454993533309	-2.86484508264709E-4	100.065987257828
562	1.17283380726427		1.81507700995922		0.996170461177826	1.17258611569593	1.80319243675402	0.650283403920405	-1.95020996976052E-4	100.04491532796
560	1.2009652280503		1.85733260518833		0.99668163061142	1.20071753648196	1.84623309256263	0.650360748769448	-1.87559166296322E-4	100.043196421005
558	1.23514433405386		1.90912819213957		0.997178435325623	1.23489664248553	1.89880280601879	0.650355391603157	-1.63779122171238E-4	100.037718648219
556	1.26004806472828		1.9463948988388		0.997675478458405	1.25980037315994	1.93692934284149	0.650411114796685	-2.06243603825245E-4	100.047500622744
554	1.29287823580071		1.99575626186178		0.99818366765976	1.29263054423237	1.9871876692197	0.650482369760247	-1.51358628152296E-4	100.034857685968
552	1.32207790151655		2.03896392617887		0.998678505420685	1.32183020994822	2.03132335965344	0.65072367905705	-2.07879295993336E-4	100.047877434396
550	1.35168132547053		2.08320949942737		0.999059557914734	1.35143363390219	2.07630238757948	0.650884785369663	-1.52880366516231E-4	100.035208201928
548	1.382818536955		2.12937801883518		0.999196529388428	1.38257084538666	2.12271847384466	0.651320871053876	-1.5467105367554E-4	100.035620668905
546	1.41168098190803		2.1718296788218		0.99907249212265	1.41143329033969	2.16486725166586	0.651972211808182	-1.22575469676567E-4	100.028228028283
544	1.43499331701996		2.20571451755359		0.998806416988373	1.43474562545162	2.19813509392849	0.652710395013733	-1.22719688253409E-4	100.028261245217
542	1.45906984890617		2.24050238362552		0.998482644557953	1.45882215733783	2.23215762841794	0.653548001613034	-1.96256858574386E-4	100.045200023829
540	1.48223768633801		2.27367004706721		0.99831360578537	1.48198999476967	2.26489146351776	0.654331573340778	-9.2263454487933E-5	100.021246702285
538	1.50063353739976		2.29938531796055		0.998360693454742	1.50038584583142	2.29067140781477	0.654998285966621	-1.12597891965824E-4	100.025929983994
536	1.5244424224975		2.33370920698355		0.998661279678345	1.52419473092916	2.32563902160652	0.655387494262229	-7.45723587361753E-5	100.017172394444
534	1.54325738824263		2.35938910190047		0.999168038368225	1.54300969667429	2.35247766946734	0.655908328780722	-1.62627147476765E-4	100.037453296546
532	1.56426829819285		2.38891266135281		0.999805629253387	1.56402060662451	2.38349665763653	0.656187455356197	-2.60658184238961E-5	100.00600205661
530	1.58081845071461		2.41098729505367		1.0004802942276	1.58057075914627	2.40719026798851	0.656604000176117	-8.25757180880807E-5	100.019015569482
528	1.60807057462915		2.44909596189358		1.00102841854095	1.60782288306082	2.44665693258577	0.657150931807009	-1.49082446901262E-4	100.034333394547
526	1.6237645519224		2.47001646962249		1.0014044046402	1.62351686035406	2.46852578508954	0.657686814600226	-3.67660003634689E-5	100.008466042786
524	1.65284095103718		2.51029435032092		1.00163662433624	1.65259325946884	2.50944202192293	0.658550086047611	-8.80779006722221E-5	100.020282742781
522	1.67995000854604		2.54798210651798		1.00181710720062	1.6797023169777	2.54765043206279	0.659314282618307	-8.15861746692428E-5	100.018787675622
520	1.70832824634769		2.58677254825752		1.0020604133606	1.70808055477935	2.58713953288299	0.660219726485314	-5.44293556784127E-5	100.012533607692
518	1.74566729496558		2.63930724043041		1.00242054462433	1.74541960339724	2.64073118169192	0.660960727656855	-5.27132821342185E-5	100.012138418411
516	1.7896088597314		2.70131118305375		1.00289297103882	1.78936116816306	2.70415903862789	0.661707075139707	-9.12475548483894E-5	100.021012733322
514	1.83434568053653		2.76387324335064		1.00349617004395	1.83409798896819	2.76856626732156	0.662472128847607	-3.6674053053682E-5	100.008444869345
512	1.88036645214219		2.82821705412869		1.00418245792389	1.88011876057385	2.83507260715841	0.663164236367932	-7.91654102418355E-5	100.018230170844
510	1.94470339493931		2.9198657720242		1.00497353076935	1.94445570337097	2.92941055059254	0.663770294326844	-4.62131975737715E-5	100.010641548156
508	2.01665101580661		3.02165041517217		1.00580215454102	2.01640332423827	3.03420113029044	0.664558227240939	-4.50841661226116E-5	100.01038155173
506	2.10306521376453		3.14536686975595		1.00663805007935	2.1028175221962	3.16126046511314	0.665183253769296	8.16844852018246E-5	99.981193220901
504	2.18636787456449		3.26315674965638		1.00742840766907	2.18612018299615	3.28240738648874	0.666011230657962	9.03909613245702E-5	99.9791888778058
502	2.29200841369315		3.41244556741923		1.00814700126648	2.29176072212481	3.43525378505725	0.667129960555918	1.22184363795307E-5	99.997186640629
500	2.39799151873841		3.56316219279356		1.00866842269897	2.39774382717007	3.58905362569588	0.668071329445565	1.76970697836519E-5	99.9959251821156
498	2.58201528509293		3.82849224544429		1.00904226303101	2.58176759352459	3.8581130647165	0.669178831780636	5.51360397395091E-5	99.9873052635308
496	2.79785378520705		4.13845884576822		1.00876116752625	2.79760609363871	4.16972055455569	0.670933712951613	-8.12553286414317E-6	100.001870990587
494	2.98210031767396		4.39868353955263		1.00816118717194	2.98185262610562	4.42958896824994	0.673166889180624	5.81170035003245E-5	99.98661896075
492	3.06342827145055		4.50489711334698		1.00794267654419	3.06318057988221	4.53568608520669	0.675351098452975	1.3195326989928E-4	99.9696212520522
490	3.10714317606103		4.55677922983888		1.00791668891907	3.10689548449269	4.58786199340506	0.677198984834064	1.18308497477489E-4	99.9727621719035
488	3.2054029412934		4.6899434138771		1.00887954235077	3.20515524972507	4.72659135631565	0.678111350887644	6.97392813547046E-5	99.9839432262736
486	3.4085309678255		4.97396078334769		1.00954282283783	3.40828327625716	5.01642651619389	0.679424539610942	1.44143320843575E-4	99.9668152811633
484	3.62463904801666		5.27259093352161		1.01009511947632	3.62439135644832	5.32081573991187	0.681172123526373	1.99428894539471E-4	99.9540903417423
482	3.71120092511218		5.37927838426718		1.01073944568634	3.71095323354384	5.43204303216297	0.683159763568034	1.64971770882085E-4	99.9620210597863
480	3.69874219713462		5.34237634584042		1.01162850856781	3.69849450556628	5.39948999160579	0.684971082697824	1.50121810505998E-4	99.965439149338
478	3.78814832470706		5.45772035172718		1.0127238035202	3.78790063313872	5.52214766521365	0.68594700156251	3.00048675078484E-4	99.930935100148
476	4.04793886321977		5.81644106562584		1.01399922370911	4.04769117165143	5.89284476067088	0.686882369389044	1.92162518051429E-4	99.955762732616
474	4.50133530916199		6.44829103868703		1.01552999019623	4.50108761759365	6.54340338935426	0.687881726032153	2.33316847558384E-4	99.9462912388083
472	5.04258496520239		7.20405262013981		1.01726651191711	5.04233727363405	7.32340333425858	0.688523770095552	2.79949147382355E-4	99.9355600980728
470	5.51233916254409		7.85055973425571		1.01911818981171	5.51209147097575	7.99560090840646	0.689390520377327	2.40002388819268E-4	99.9447526746803
468	5.68807890793562		8.07033885935408		1.02110064029694	5.68783121636728	8.23557104137583	0.690641995289871	3.74825782022291E-4	99.913730407813
466	5.54543086163061		7.82765015182772		1.02326714992523	5.54518317006228	8.0047093962246	0.692740097807629	3.80623529794437E-4	99.9123965876393
464	5.34643545226951		7.51770707445291		1.02553856372833	5.34618776070117	7.70461940094096	0.69389381648732	2.44872930119596E-4	99.9436318169758
462	5.17872677374042		7.26765729517862		1.027627825737	5.17847908217208	7.46335740237715	0.69385382515953	3.4389363880011E-4	99.920846905974
460	5.02907812931886		7.04886202017398		1.02919805049896	5.02883043775052	7.24957781058553	0.693672179145058	3.99271787443743E-4	99.908106521359
458	4.85432738538822		6.80432544888548		1.03004312515259	4.85407969381988	7.00364722576811	0.693078839830846	4.22511653154108E-4	99.9027604049481
456	4.6599802792312		6.54088339671548		1.03006207942963	4.65973258766286	6.73241443489675	0.692133948782125	3.97217716557947E-4	99.9085790551506
454	4.52210963769226		6.36794720355884		1.02918720245361	4.52186194612392	6.5487125827157	0.690496321072125	4.69764429161321E-4	99.8918912225099
452	4.34540432833975		6.14109509264889		1.02735614776611	4.34515663677141	6.30400368090116	0.689269368597555	4.15417134448341E-4	99.9043924030994
450	4.08624999587918		5.79317039921492		1.02460694313049	4.08600230431084	5.93064811302349	0.688963874848371	4.25519267241723E-4	99.9020685520196
448	3.70712040755036		5.27717164639393		1.02102768421173	3.70687271598202	5.38308157130615	0.688615371489268	5.32845167169153E-4	99.8773831021461
446	3.42814594577446		4.89903276851037		1.01675081253052	3.42789825420612	4.97605995576725	0.688878004822509	4.3010346918041E-4	99.9010140397972
444	3.27745967928673		4.6970038874817		1.0121191740036	3.27721198771839	4.74891504145982	0.690096992493463	5.21985257278827E-4	99.8798806538934
442	3.21776420833385		4.61539453722186		1.00782012939453	3.21751651676552	4.64649615786418	0.692460815085337	5.36235891402238E-4	99.8766033194058
440	3.19783862247597		4.5850385803119		1.0045450925827	3.19759093090764	4.60090286336001	0.694992053923185	6.27574049166375E-4	99.8556000921041
438	3.15204907187769		4.51215026273206		1.00285410881042	3.15180138030935	4.52006166357591	0.697291677613066	6.67469506299461E-4	99.8464275098955
436	3.12435916720318		4.46138211107945		1.00277864933014	3.12411147563484	4.46881233424193	0.699092117092628	7.20802390433736E-4	99.8341667715843
434	3.10787552469092		4.42408333193161		1.00421047210693	3.10762783312258	4.43773732685673	0.700273045526046	7.89213989888117E-4	99.8184417798711
432	3.12233593723079		4.42810213074368		1.00665414333344	3.12208824566245	4.45258176987061	0.701186054973491	8.6729923350439E-4	99.8004962452009
430	3.12596779756784		4.41732705754455		1.00962591171265	3.1257201059995	4.45484755258617	0.70164468460541	8.75386590579254E-4	99.7986377948452
428	3.13727353482735		4.42092538516689		1.01240730285645	3.13702584325902	4.47076306490047	0.701675708982993	8.53945940360741E-4	99.8035648675892
426	3.11395546851428		4.38387335894775		1.01423370838165	3.11370777694594	4.44124900798142	0.701088313524025	9.16175404384523E-4	99.7892651754069
424	3.10429833964662		4.37617429891992		1.01462960243225	3.10405064807828	4.43517090243027	0.699871711003832	9.13304822240815E-4	99.7899247606455
422	3.07358662101934		4.34661306856929		1.01337480545044	3.073338929451	4.39972930061987	0.698529095646407	8.88172664378606E-4	99.7956996641127
420	3.44592394863311		4.89365082273109		1.01114857196808	3.44567625706477	4.94320019471944	0.697053754922895	0.00104997444529948	99.7585264669501
418	3.24261068040254		4.6326072812937		1.0079870223999	3.2423629888342	4.6646158310142	0.695097539925219	0.00111159316640538	99.7443734969674
416	3.05249660645517		4.390763507846		1.00422537326813	3.05224891488683	4.40434256425603	0.693008972475874	0.0011557573368263	99.7342308317524
414	2.9060982305753		4.20694325711567		1	2.90585053900697	4.20199062549025	0.691541414057281	0.0011741376033304	99.7300099562222
412	2.77962523303379		4.04751045745976		0.995681941509247	2.77937754146545	4.02510182469014	0.690511113139209	0.00123603655314943	99.7157966902578
410	2.67631242827083		3.91662989157648		0.991583049297333	2.67606473670249	3.87875286528932	0.689929167864857	0.00135524414268955	99.6884298941822
408	2.58746474796178		3.80203877875312		0.988153755664825	2.58721705639344	3.75210493686712	0.689537499597141	0.00132443623436466	99.6955018259511
406	2.52977403774308		3.72811998022036		0.985654711723328	2.52952634617475	3.66975743967705	0.689289793059824	0.00138472958079104	99.6816620042519
404	2.50341867896168		3.69588467761479		0.98426741361618	2.50317098739334	3.63286413873904	0.689035122646283	0.00142758661258774	99.6718257075561
402	2.52302791960598		3.72648754614485		0.984128773212433	2.52278022803764	3.66246958989325	0.688819433477173	0.00148780118329931	99.6580072493412
400	2.56069424025625		3.77946889358939		0.985299050807953	2.56044654868791	3.71902729017229	0.68847210544919	0.00154887635801028	99.6439932507896
398	2.61667884696614		3.85483373703825		0.987817049026489	2.6164311553978	3.80297819265175	0.687995308638205	0.00163259535404989	99.6247867183046
396	2.63624085860673		3.87331241128082		0.991658091545105	2.63599316703839	3.83609027650292	0.687156186908465	0.00168545071794771	99.6126627237363
394	2.64471816570176		3.8732627164568		0.996615350246429	2.64447047413342	3.85521721005603	0.685945909152805	0.00178799193094201	99.5891459674222
392	2.65241397865929		3.87029711588271		1.0025714635849	2.65216628709095	3.87528407684166	0.684379837581469	0.00182436632285865	99.5808052145921
390	2.66690944979277		3.87589983802829		1.0093150138855	2.66666175822444	3.90700513338055	0.682533466731613	0.00190062476001863	99.5633212026555
388	2.692568336409		3.89763042876177		1.01699423789978	2.69232064484066	3.95883088968809	0.680079730572371	0.00189545941839953	99.564505379859
386	2.72089829235048		3.92303465229308		1.02549052238464	2.72065060078214	4.01795597812036	0.677123048534467	0.00199594786938069	99.5414704901232
384	2.75588602414427		3.95911878300827		1.03449034690857	2.75563833257593	4.09054671367817	0.673660154854483	0.00210387573282315	99.5167362052843
382	2.78756103622474		3.99135572135602		1.04369103908539	2.7873133446564	4.16057318293414	0.669934939755276	0.0021424926150215	99.5078877041275
380	2.80174578958603		4.0006443931939		1.0526317358017	2.80149809801769	4.20599195470838	0.666073099564911	0.00226092282486801	99.4807560369394
378	2.8020100596045		3.99178012320979		1.06117713451386	2.80176236803616	4.23073017332057	0.66224085518485	0.00238231389049995	99.4529537324339
376	2.80726779884131		3.98988481071736		1.06922745704651	2.80702010727297	4.26079890035329	0.658801359303819	0.00243827033705915	99.4401405938241
374	2.80534635109508		3.98006525509254		1.07646524906158	2.80509865952674	4.27907060026839	0.655539233064021	0.00255447430438586	99.4135370021608
372	2.81196045018974		3.98260136348084		1.08239138126373	2.8117127586214	4.30537270505493	0.653070698227862	0.00263217611562107	99.3957520170301
370	2.81969669283461		3.98756697625397		1.08660447597504	2.81944900126627	4.32752657295578	0.651515121567593	0.00273096436593696	99.3731452003345
368	2.83653365565796		4.0071519737343		1.08728444576263	2.83628596408962	4.35152909351645	0.651790647180905	0.00289758817878845	99.335026465028
366	2.85823880693842		4.03337929296544		1.08414971828461	2.85799111537008	4.36741763002199	0.65438924267833	0.00293592027919034	99.3262592521546
364	2.88325603095955		4.06556510826652		1.07767069339752	2.88300833939121	4.37600306332045	0.658822285467876	0.0031310284236405	99.281646643711
362	2.91276263484555		4.10399300117938		1.06871128082275	2.91251494327721	4.38069068349019	0.664852908755646	0.00324529758784669	99.255527641762
360	2.95580208779857		4.16155670944546		1.05907070636749	2.95555439623023	4.40213761678688	0.671390731848019	0.00335681180139723	99.2300449758149
358	3.00477701436069		4.227184748734		1.04836678504944	3.00452932279235	4.42644791034562	0.6787675769933	0.00343593088870723	99.2119690484841
356	3.04680035403652		4.28431627926744		1.03684234619141	3.04655266246819	4.43702544462737	0.686620507474697	0.00354199328589526	99.1877426884905
354	3.08481040027136		4.33544444068423		1.02479386329651	3.08456270870302	4.43786143097928	0.69505611129962	0.00364251742994188	99.1647868152413
352	3.11459876685155		4.37583165976113		1.01273274421692	3.11435107528321	4.42653231280407	0.70356451850012	0.0037873284045952	99.1317268612856
350	3.14086542934425		4.41191195746853		1.00126516819	3.14061773777591	4.41253487059681	0.711749103379015	0.00388676016848967	99.1090332407263
348	3.16158439898803		4.44103770198105		0.990810453891754	3.16133670741969	4.39531946206151	0.719250724482481	0.00400068859434981	99.0830373883311
346	3.18018098094497		4.46784296310441		0.981342911720276	3.17993328937663	4.37962579258187	0.726074199024662	0.00415969859275737	99.046766354806
344	3.18701574654266		4.47908137858685		0.972720801830292	3.18676805497432	4.35207810223629	0.732240548104323	0.00431788767302339	99.0106957521048
342	3.19905219668988		4.49826309237739		0.964752793312073	3.19880450512154	4.33493381822883	0.737913112230283	0.00442860727939219	98.9854570524485
340	3.19778447208557		4.4995125064349		0.957048177719116	3.19753678051723	4.30151033783588	0.743352108767901	0.00457946093337186	98.9510800907
338	3.19376193792195		4.49958336825102		0.950148642063141	3.19351424635361	4.27056729098008	0.7477962595505	0.0047785705351443	98.9057247033281
336	3.17407977247325		4.47995556071226		0.944044172763824	3.17383208090491	4.22460043830549	0.751273907971746	0.00496322106528219	98.863681542892
334	3.14264847377072		4.44707656914442		0.938558220863342	3.14240078220238	4.16919193965231	0.753719384400529	0.00510042473906137	98.8324531519307
332	3.09046993394015		4.38950095902292		0.933434963226318	3.09022224237182	4.09269070674831	0.75505882652614	0.00534129980768561	98.7776523790751
330	3.0229857911434		4.31422696030026		0.928119659423828	3.02273809957506	3.99952222229355	0.755774797981159	0.00544665071242507	98.7536938592162
328	2.94234785201249		4.22528942403455		0.923022568225861	2.94210016044415	3.89546610490757	0.755262677484897	0.00574327458376597	98.6862679466247
326	2.85257807698057		4.12560365783131		0.918195605278015	2.85233038541223	3.7835636631466	0.753874029713059	0.00596011224446884	98.6370074582521
324	2.76354215204337		4.02769142677723		0.913534343242645	2.76329446047503	3.67491004326573	0.751935265881886	0.00622781114660128	98.5762263906636
322	2.67556673735584		3.93034272111153		0.908978700637817	2.6753190457875	3.56809598303766	0.749788979474116	0.00645174100645409	98.5254118591748
320	2.59368075135491		3.83914975272592		0.904343068599701	2.59343305978657	3.46742959011217	0.747941087883107	0.00673100062758338	98.4620785078154
318	2.51889709686858		3.75619269739334		0.899914681911469	2.51864940530024	3.3757960105591	0.746090521293999	0.00707055573795425	98.3851255720911
316	2.46470886466323		3.7013551731984		0.895963847637177	2.46446117309489	3.31184304356357	0.744135860509594	0.0073247482874038	98.3275576094493
314	2.4127457545193		3.6496928565103		0.892610192298889	2.41249806295096	3.25333227301399	0.74154677742644	0.00771017705805574	98.240332329883
312	2.36555979279378		3.60448658227687		0.88999992609024	2.36531210122544	3.20358495003911	0.738332879606195	0.00800762947068021	98.1730696309131
310	2.30286871638413		3.53716003225292		0.888025283813477	2.30262102481579	3.13668947943031	0.734092756046096	0.00842192515922868	98.079461981109
308	2.24712081621626		3.48089266187229		0.887133359909058	2.24687312464792	3.0836223578753	0.728647306279125	0.00870543401420936	98.0154562821114
306	2.17485886582141		3.4003363023309		0.887335538864136	2.17461117425307	3.01284459909594	0.721780066222336	0.0090891263384617	97.9288994140142
304	2.10231715468549		3.31973568009437		0.888603985309601	2.10206946311715	2.94552942730622	0.713647415513877	0.00952540194531143	97.830573187131
302	2.03060060223768		3.24163432542598		0.891015827655792	2.03035291066934	2.88393461826006	0.704021824147421	0.00990041681362392	97.7461325931768
300	1.94034600054754		3.13361826140446		0.894482612609863	1.9400983089792	2.79853700650745	0.693254477059938	0.010431705215654	97.6266292678647
298	1.85296309074046		3.02881622324901		0.900495111942291	1.85271539917212	2.72297438343731	0.680401332616786	0.0108274235596398	97.537714822801
296	1.7611314504824		2.91652675836567		0.909423410892487	1.76088375891406	2.64785367340643	0.665023062489968	0.0113598796505091	97.418204377755
294	1.65838500313905		2.7858774180674		0.92107892036438	1.65813731157071	2.56145119991053	0.647342924834416	0.0120077129632632	97.2729948178746
292	1.55935026232383		2.65779121252452		0.934718489646912	1.55910257075549	2.47965727161507	0.628757283759624	0.0124709817708881	97.1692874954343
290	1.44691660798794		2.50734749974676		0.948803901672363	1.4466689164196	2.37428201439843	0.609307954003155	0.013266256390419	96.9915151293081
288	1.33001035845507		2.34543474404607		0.962523102760315	1.32976266688673	2.25276810480215	0.590279427364105	0.0138426353126788	96.8628771038136
286	1.20973509038098		2.17652699325615		0.97529125213623	1.20948739881264	2.11791747826178	0.571073902183051	0.0145875324161504	96.6968813634901
284	1.10525265671644		2.03066688641711		0.986907541751862	1.1050049651481	1.99919267548817	0.552725597035451	0.0152309360084523	96.5537318173014
282	0.999816658602586		1.87851960919302		0.996903836727142	0.999568967034247	1.86776610830243	0.535168168322068	0.0159467466272011	96.3947215992179
280	0.905943250469385		1.74317446813227		1.00535523891449	0.905695558901046	1.74753042972774	0.51827169558481	0.0166334610145941	96.2424209423142
278	0.816659750154757		1.61104154629697		1.00982344150543	0.816412058586419	1.62186623517736	0.503378170701693	0.0173550089726424	96.0826540801676
276	0.741496418851091		1.49971694041856		1.01022160053253	0.741248727282753	1.51004319244792	0.49087915563602	0.0180834414177193	95.9216318653854
274	0.674503378652474		1.40072731831654		1.00653350353241	0.674255687084135	1.40489398553708	0.479933499627287	0.0188089982944278	95.7615135611465
272	0.624664427740781		1.32845334704772		0.99854451417923	0.624416736172442	1.32157437889723	0.472479450376057	0.0195838781495278	95.5908056380472
270	0.583476970629967		1.26757539318941		0.988452672958374	0.583229279061628	1.24804284360602	0.467315110254133	0.0201491877633699	95.4664585676832
268	0.551346357049858		1.22362645079911		0.972882628440857	0.55109866548152	1.18562658840976	0.464816385587885	0.020805198586681	95.3223633585936
266	0.521147429863398		1.18080147233253		0.953488886356354	0.52089973829506	1.12115880164924	0.464608347656736	0.0214710415970169	95.1763308800839
264	0.493148051007993		1.14040493166143		0.931065678596497	0.492900359439655	1.05718066624699	0.46624042150663	0.0221663696799812	95.0240705385903
262	0.466385230680362		1.10085277117494		0.906938552856445	0.466137539112023	0.993914086638224	0.468991782467505	0.0225904994795605	94.9313158100651
260	0.435277885223606		1.05029955024657		0.883175373077393	0.435030193655267	0.923224654848543	0.471207296480438	0.0231464785345426	94.8098635333602
258	0.403310043249292		0.995383994130552		0.859192788600922	0.403062351680954	0.850971484268601	0.473649657047417	0.0236647947622651	94.696778564181
256	0.370702279707712		0.937037882303145		0.834685504436493	0.370454588139373	0.777998047639757	0.476163904605205	0.0241196723584776	94.5976456159584
254	0.337849304375118		0.875494033366933		0.80953711271286	0.33760161280678	0.704735572862836	0.479047214028584	0.0246061770338621	94.491734924122
252	0.306117633359334		0.813870350446665		0.784095585346222	0.305869941790995	0.63426881223608	0.482240236143202	0.0252046771040633	94.3616058014833
250	0.275630595822463		0.752231784103605		0.758817315101624	0.275382904254124	0.567048360114919	0.485642713433321	0.0257970449449145	94.2329864444113
248	0.247207033313967		0.692949736305817		0.735633492469788	0.246959341745629	0.506113712925147	0.487952283130793	0.0264475848443753	94.0919383079373
246	0.218686186870314		0.631228322367873		0.715051770210266	0.218438495301975	0.447819541305053	0.487782410444603	0.0274195759427917	93.8815873536564
244	0.190717745209609		0.567588127920018		0.697206974029541	0.190470053641271	0.392273391853171	0.485554354684766	0.0286413074460255	93.6178563650005
242	0.165690232187056		0.508525266522721		0.681808710098267	0.165442540618717	0.343340208640119	0.481861828167437	0.0299379604327612	93.3387626986959
240	0.141526818282143		0.448656930275126		0.667849898338318	0.141279126713804	0.296327870745486	0.476766246652338	0.0320449089974203	92.8870330316249
238	0.118129181199122		0.387239356973176		0.657016694545746	0.117881489630783	0.251168760656705	0.469331812294534	0.034824362731668	92.2944608721987
236	0.0986233024471072		0.33353300342801		0.649702370166779	0.0983756108787687	0.213479446350429	0.460820058139387	0.0387228407357488	91.4696798997676
234	0.0797175944003973		0.278922188216537		0.645702123641968	0.0794699028320587	0.176902724504137	0.449229388947033	0.0446300638291647	90.233943165064
232	0.0631501735071248		0.229140196838307		0.644411623477936	0.0629024819387862	0.144469072862407	0.435404482720637	0.0526947581094551	88.5737927960613
230	0.0481614992124634		0.18251860526587		0.644490897655487	0.0479138076441248	0.114439653744609	0.41868186486349	0.063664822292047	86.3644830280036
228	0.0361145519720874		0.144170985599458		0.646355271339417	0.0358668604037488	0.089984516958321	0.398589241973279	0.0781946941123865	83.522850155213
226	0.0268599562525362		0.11399581424939		0.649210751056671	0.0266122646841976	0.0707920064889221	0.375921887287685	0.096113863018113	80.1467907554152
224	0.0197627125904047		0.0902247043819115		0.652522802352905	0.0195150210220661	0.0556419718775113	0.350724828103251	0.117951014625938	76.2164972045027
222	0.0149420911191884		0.0735959822574997		0.655378818511963	0.0146943995508498	0.0449873980359594	0.326633683928647	0.141480979294064	72.196978220653
220	0.0114579861183092		0.0614042830874653		0.656985223293304	0.0112102945499706	0.0370879008410723	0.302262848415404	0.169629497187822	67.6659997511882
218	0.00882804752637037		0.0518731569124761		0.657121121883392	0.00858035595803179	0.030832468215993	0.278289623066281	0.20039063875943	63.0390066774334
216	0.00699704472606951		0.045021928225863		0.655903518199921	0.00674935315773093	0.0262815926120313	0.256809138523865	0.232093474195511	58.6012022230548
214	0.0057168782959431		0.0400180738757402		0.654084265232086	0.00546918672760452	0.0229357540293435	0.238456809425466	0.261966339403606	54.705836176822
212	0.00478431838031213		0.0361909573062548		0.652615189552307	0.00453662681197355	0.0203866058354993	0.222529775117047	0.290614133075375	51.2136662490318
210	0.00408226955689973		0.0330513121237929		0.652986526489258	0.00383457798856114	0.0183480597775686	0.208990925201209	0.314998555781653	48.4173977670822
208	0.00346929982706449		0.0301681346641526		0.655270755290985	0.0032216082587259	0.0165229817212371	0.194977414674807	0.338416886102154	45.8757432937398
206	0.00294113429801648		0.0274942276332873		0.661797821521759	0.0026934427296779	0.0149179791316349	0.180550107082951	0.361354458811159	43.5156566289464
204	0.0024600668332029		0.0249002727944091		0.668592393398285	0.00221237526486431	0.0133368411518293	0.165884502910261	0.385089863010204	41.2012257842449
202	0.0020098395267286		0.0223380031646785		0.687935590744019	0.00176214795839002	0.0119600158401689	0.147336590681733	0.412983907516906	38.6381293881709
200	0.00157734245623692		0.0195972553900618		0.715800225734711	0.00132965088789834	0.0104826249965356	0.126843313419853	0.444877222362011	35.902341835909
