Wavelength	I1	I1 dark	R1	R1dark	XCorrect	I1c	R1c	I1c/R1c	Abs	Percent T
nm	uA	uA	uA	uA		uA	uA	uA/uA	OD	T*100
	Abs Detector Raw	Dark Offset for Abs Detector	Ref Detector Raw	Dark Offset for Ref Detector	Linear interp	Dark subtracted Abs Detector	Corrected Ref Detector	Corrected Intensity 	-Log(T)	% Transmittance
800	0.142661472360861	2.29814575230693E-4	0.209642800141923	0.00493569721920005	1.35067892074585	0.14243165778563	0.276493568844673	0.515135517910165	5.989103804828E-4	99.8621908327487
798	0.145193471480993		0.213555296311592		1.34199333190918	0.144963656905762	0.279966110887557	0.517790015535074	5.67370441858669E-4	99.8694434271813
796	0.157870280664958		0.232084680545414		1.33337259292603	0.157640466089727	0.302874228878184	0.520481609391501	6.52261098170903E-4	99.8499240586
794	0.166655483266573		0.244541769118685		1.32502686977386	0.166425668691342	0.317484483427786	0.52420095273474	6.42823689887911E-4	99.8520938645227
792	0.160531506926907		0.235480931676252		1.31713449954987	0.160301692351676	0.303659082010196	0.527900207332821	7.09559794054121E-4	99.8367512155884
790	0.15125340263964		0.222196419552821		1.30966234207153	0.151023588064409	0.284538186451603	0.530767381165188	5.85211126844626E-4	99.8653409051415
788	0.149465063184505		0.21998097278433		1.30193436145782	0.149235248609275	0.279974833527409	0.533030939706461	6.72781315153469E-4	99.8452063065039
786	0.153227347181313		0.22546889817744		1.29363858699799	0.152997532606082	0.28529025847376	0.536287265553984	6.25330918470335E-4	99.8561158475409
784	0.157565463313881		0.231764400013857		1.28498160839081	0.15733564873865	0.291470711346278	0.539799172314537	5.43751660907794E-4	99.8748748999448
782	0.163473633761464		0.240364609864135		1.27644824981689	0.163243819186234	0.300512823501922	0.543217481649962	5.63782740311495E-4	99.8702684508728
780	0.173178169245148		0.254538573277958		1.268270611763	0.172948354669917	0.316563992316845	0.546329838097364	6.71077309307358E-4	99.845598061767
778	0.186576417482627		0.273953751346741		1.26044166088104	0.186346602907396	0.339081562951504	0.549562769751795	4.00675095772611E-4	99.9077836951263
776	0.202736851454308		0.297277136873663		1.25292003154755	0.202507036879077	0.366280445794524	0.552874277631188	5.19422202757328E-4	99.8804701118437
774	0.227776463018073		0.333572218515744		1.24577045440674	0.227546648442842	0.409405668470245	0.555797503471498	5.31858736147983E-4	99.8776099580354
772	0.28844373229165		0.421844640038025		1.23883104324341	0.288213917716419	0.516479740569751	0.558035282078011	3.8331806064725E-4	99.9117766944303
770	0.387182896707288		0.565118502685746		1.23221707344055	0.386953082132057	0.690266817143705	0.560584794925031	4.50239195309409E-4	99.8963823142962
768	0.445595316823005		0.647603586889843		1.22665858268738	0.445365502247774	0.788334082682079	0.564945131805727	4.91227049082692E-4	99.8869547363041
766	0.407837346697999		0.591022880328819		1.22236526012421	0.407607532122768	0.716412612037252	0.56895638808432	4.91683735399841E-4	99.8868496993225
764	0.345242754052607		0.500610666639795		1.2186872959137	0.345012939477376	0.604072788135289	0.571144647224378	4.79659227051934E-4	99.8896153501328
762	0.322214695367767		0.468746376605986		1.214359998703	0.321984880792536	0.563233136018576	0.571672474862908	5.45710981836957E-4	99.8744243151471
760	0.331556048479855		0.482310425013701		1.20898902416229	0.331326233904624	0.577140806316013	0.574082148201468	5.09754646081083E-4	99.8826935129995
758	0.351004790772747		0.510301835119138		1.2031888961792	0.350774976197516	0.608050925626171	0.576884207250056	5.94086393704795E-4	99.863300072179
756	0.376205023215997		0.546192458755023		1.19780671596527	0.375975208640767	0.648320984029221	0.579921393727124	4.47435906792802E-4	99.8970271285797
754	0.401433654096634		0.581980091363487		1.1931779384613	0.401203839521403	0.688516640605732	0.582707542360107	4.82402055752074E-4	99.8889844896221
752	0.424442990247369		0.614562700181047		1.18890511989594	0.424213175672138	0.724788665048155	0.585292232245318	4.81727392554226E-4	99.8891396642257
750	0.456071990975478		0.659588214222326		1.1848680973053	0.455842176400247	0.775676882217618	0.587670184390463	5.16420895147108E-4	99.8811603648019
748	0.502085718208608		0.725075816499713		1.18107759952545	0.501855903633378	0.8505413634018	0.590042912935086	3.96124798903793E-4	99.9088304789927
746	0.558948961084421		0.805612581314622		1.17750906944275	0.558719146509191	0.942804292715521	0.592614130871143	3.34043842085847E-4	99.9231131359895
744	0.608303584605472		0.874632841658948		1.174187541008	0.608073770030241	1.02118755145138	0.595457483951899	3.23107828075179E-4	99.9256293418575
742	0.659852122302326		0.946492669557846		1.17108881473541	0.659622307727095	1.10264683874193	0.598217202962007	4.13198879565617E-4	99.9049026881282
740	0.742032722559886		1.06209438204758		1.16803753376007	0.741802907984655	1.23480102301999	0.600746917240486	3.48386278127571E-4	99.9198132616998
738	0.854785041445287		1.22033958313646		1.16498303413391	0.854555226870057	1.41592490671403	0.603531460473593	4.12702919173993E-4	99.9050167786935
736	0.94512081897739		1.34526427807185		1.16204738616943	0.944891004402159	1.55752532398801	0.606661727966505	4.50854162121482E-4	99.8962408597789
734	0.983473461951581		1.39861132009502		1.15931880474091	0.983243647376351	1.61571435730893	0.608550417917931	0.00112271095955015	99.7418201071271
732	0.988176721820484		1.40833519090577		1.15665113925934	0.987946907245253	1.62324362320855	0.608625158368062	0.0022774003579448	99.4769817169319
730	0.983421309241829		1.40642296435091		1.15388596057892	0.983191494666598	1.6171564814734	0.607975484085997	0.00339878854251537	99.220454357495
728	0.983628799170199		1.40832773118901		1.15089321136475	0.983398984594969	1.61515436477921	0.608857584166202	0.00303260411396688	99.3041494276746
726	0.993793045955757		1.42426256755112		1.1476241350174	0.993563231380526	1.62885377187161	0.609976935031367	0.0022640033985259	99.4800503942881
724	1.01153710502792		1.45116161285379		1.14410185813904	1.01130729045269	1.65462975736636	0.611198539099384	0.00160632539202968	99.6308130866511
722	1.01886417164903		1.4622299502119		1.14027833938599	1.0186343570738	1.66172107079926	0.612999603226946	9.80689839599935E-4	99.7744425833544
720	0.999690665561097		1.43532158606161		1.13600122928619	0.999460850985866	1.62492012807861	0.615083063908922	7.14581708180056E-4	99.8355967715111
718	0.94040116323453		1.35062327219107		1.13137769699097	0.940171348659299	1.52248090944103	0.617525870327319	7.38987492460766E-4	99.8299865285123
716	0.835246299763106		1.1990957669982		1.12621939182281	0.835016485187876	1.3448862275256	0.620882620475778	7.74194131626967E-4	99.8218940106401
714	0.70465346825368		1.01169870262249		1.12039887905121	0.704423653678449	1.12797614272407	0.624502262944374	8.07215266223825E-4	99.8143044440544
712	0.577063994581373		0.829909608500251		1.11375534534454	0.576834180006142	0.918819103459066	0.627799506817547	6.52178581586724E-4	99.8499430302329
710	0.476285831531914		0.688035057065201		1.10628998279572	0.476056016956684	0.755705979051796	0.629948723647791	4.53478120722354E-4	99.8956372997074
708	0.401260548018224		0.584065381577323		1.09837675094604	0.401030733442993	0.636102581081683	0.630449781796273	4.80603429953883E-4	99.8893981796043
706	0.346753638140808		0.509716587623918		1.09038031101227	0.346523823565577	0.550403144272545	0.629581838642237	4.98279986149147E-4	99.8853325865546
704	0.306804171747704		0.456396494758361		1.0826700925827	0.306574357172473	0.488783103469184	0.627219629722331	4.89915688074437E-4	99.8872563474479
702	0.283900248194204		0.427467703675224		1.07555782794952	0.283670433618973	0.454457607102996	0.624195588731082	5.55419565827694E-4	99.8721916632498
700	0.27194611341531		0.413834529596399		1.0694442987442	0.271716298840079	0.437294525048956	0.62135765090967	6.02831904802498E-4	99.8612891168434
698	0.276070861018457		0.422985870197039		1.0649927854538	0.275841046443227	0.44522041817911	0.619560638237075	8.29071593696205E-4	99.8092813103948
696	0.295172846720938		0.453118382894018		1.06259047985077	0.294943032145707	0.476234655032011	0.619322909471765	7.79152311640676E-4	99.8207543873771
694	0.322875525748427		0.495063178563817		1.06203079223633	0.322645711173197	0.52053047730922	0.619840192338113	7.86063214481572E-4	99.8191659581544
692	0.348017456189957		0.532439633797769		1.06277585029602	0.347787641614727	0.560618444731787	0.620364251092588	8.53953922049384E-4	99.8035630333476
690	0.366186923585617		0.559181457726559		1.06392598152161	0.365957109010387	0.589676464751981	0.620606605292122	7.09899237318009E-4	99.8366731835137
688	0.378358902907098		0.577333441601781		1.06461536884308	0.378129088331867	0.609383435760807	0.620510939651285	6.71836567808765E-4	99.8454235061232
686	0.385123026720402		0.58763671273981		1.0645604133606	0.384893212145171	0.62032043394826	0.620474824108848	8.21963753284495E-4	99.81091484312
684	0.382877028499396		0.584184309799504		1.06376242637634	0.382647213924165	0.616182909593554	0.620996148978826	7.92090388223567E-4	99.8177806693552
682	0.378094362197706		0.577225740186196		1.06245732307434	0.377864547622475	0.608033747072814	0.621453249003998	6.86458510960007E-4	99.8420619402024
680	0.378652398999675		0.578626358771907		1.06094348430634	0.378422584424444	0.608653369381736	0.621737434574365	7.2264345487193E-4	99.8337435547297
678	0.384998218981643		0.588654872830957		1.05921316146851	0.384768404406412	0.618283033409519	0.622317585337266	6.43370493499805E-4	99.8519681446402
676	0.393782315931406		0.602404247776017		1.05730748176575	0.393552501356176	0.631707968623459	0.6229975256031	6.76931535719871E-4	99.8442521667071
674	0.400952900009199		0.613806356189929		1.05524814128876	0.400723085433969	0.642509631164123	0.623684169072958	7.45946996915521E-4	99.8283867806495
672	0.407033352560587		0.623470043895455		1.05312037467957	0.406803537985356	0.651391122923878	0.624515016660574	6.42573854490455E-4	99.8521513061798
670	0.413077817868465		0.633239923311983		1.0509113073349	0.412848003293235	0.660292015647209	0.625250636854312	7.07966800340481E-4	99.8371174178207
668	0.41776870194396		0.640885955385923		1.0485315322876	0.417538887368729	0.666813898654248	0.626170042663176	8.28596260685373E-4	99.8093905511844
666	0.42070643569687		0.645844336408591		1.04595601558685	0.420476621121639	0.670362246601728	0.627237919875656	8.57828870106305E-4	99.8026725502458
664	0.424318237745426		0.651905682514742		1.04322910308838	0.424088423170195	0.67493791748497	0.628336936159227	9.10251482911489E-4	99.7906263435247
662	0.428608954281015		0.65902750865816		1.04042720794678	0.428379139705785	0.680534917116287	0.629474151776088	9.82099259595794E-4	99.7741187849362
660	0.436018512051701		0.670693305730686		1.03775990009308	0.435788697476471	0.690896549295087	0.630758248714804	9.27228263269076E-4	99.7867255561462
658	0.444469098870962		0.684041878980571		1.03528940677643	0.444239284295731	0.703071436053935	0.631855116727644	9.90615460493769E-4	99.7721623057625
656	0.456614157721358		0.703071974119374		1.03309750556946	0.456384343146128	0.721242846213118	0.632774862922206	0.00101346532890054	99.7669130546173
654	0.4740069368877		0.730078664074937		1.03115320205688	0.473777122312469	0.747733492222323	0.633617628794942	9.36640787313724E-4	99.7845628881532
652	0.490990344107435		0.756315594817267		1.02945709228516	0.490760529532205	0.773513364582825	0.634456432174102	9.27351903804074E-4	99.7866971475826
650	0.501815762765351		0.773220832481651		1.02793705463409	0.50158594819012	0.789748759060841	0.635120907042133	9.39799730705604E-4	99.7838370842292
648	0.504874110531451		0.777979401188223		1.02666783332825	0.50464429595622	0.793659104621919	0.635845154446531	9.15185119661933E-4	99.7894927166297
646	0.506226074027025		0.780446208429342		1.02560043334961	0.505996259451794	0.795363916364299	0.636182065896027	8.48150258970558E-4	99.8048967599969
644	0.510094283240084		0.786944183562069		1.02465677261353	0.509864468664853	0.801290291772472	0.636304313056161	9.41491793702068E-4	99.7834483152798
642	0.518594281985417		0.800367651220834		1.02378344535828	0.518364467410186	0.814350066415859	0.636537637544044	9.4722459369293E-4	99.7821311565317
640	0.531365455945616		0.820518447038753		1.02288675308228	0.531135641370385	0.834248790832836	0.636663363743266	9.91647412774274E-4	99.7719252316287
638	0.545649919084339		0.84277934996494		1.02184903621674	0.545420104509108	0.856149729058543	0.637061586305557	9.80792438970996E-4	99.7744190122654
636	0.560357685749203		0.865760159809636		1.02063095569611	0.560127871173972	0.878584093940263	0.637534727793576	0.00100099747870023	99.7697772328046
634	0.574776083823914		0.888372429311567		1.01923584938049	0.574546269248683	0.900430388008091	0.638079608263421	0.0010623903857588	99.7556745352039
632	0.589004841396453		0.910538491234715		1.0177036523819	0.588775026821222	0.92163527107684	0.638837341949052	9.96403679298768E-4	99.7708325645806
630	0.601432792701774		0.929984266913849		1.01619136333466	0.601202978126543	0.940026367188779	0.639559696526903	0.00102596510059753	99.7640416258015
628	0.616804107337618		0.954038263399765		1.01451146602631	0.616574292762388	0.962875435825175	0.640346892050465	0.00103444148608768	99.7620944902569
626	0.633319742342426		0.979852841848861		1.01275491714478	0.633089927767195	0.987352132032434	0.641199737386498	0.00102897963483129	99.7633491438853
624	0.648860093232478		1.0040309850628		1.01092803478241	0.648630278657248	1.01001343590009	0.642199653590952	0.00101206405401737	99.7672349585346
622	0.661810306193427		1.0242660963711		1.0092089176178	0.661580491618196	1.02871732882301	0.643112031927307	0.0010594507833423	99.7563497521974
620	0.671200996158345		1.03902554211291		1.00772297382355	0.670971181583114	1.04207609369702	0.643879257610336	0.00108857587565992	99.7496600160939
618	0.679288291047905		1.05174298011141		1.0068142414093	0.679058476472674	1.05394048042685	0.644304388230399	0.00109207443399817	99.7488564631738
616	0.686932314454861		1.06375811434074		1.00664889812469	0.68670249987963	1.06586241950513	0.644269360954168	0.00107698922020981	99.7523212987205
614	0.694131346713693		1.07513181272059		1.00700271129608	0.693901532138462	1.07769038992843	0.643878370470153	0.00108243723434134	99.7510699619661
612	0.701075468390047		1.08598705010397		1.00780045986176	0.700845653814816	1.08948405057144	0.643282160438436	0.00103936101110036	99.7609644290659
610	0.710639866240013		1.10078175951751		1.00835275650024	0.710410051664782	1.10499939761844	0.642905374605544	9.43583433336817E-4	99.7829677415642
608	0.721332049119652		1.11740681316202		1.0085117816925	0.721102234544422	1.12194022722094	0.64272785398791	9.24471825507388E-4	99.7873588977675
606	0.734219668391887		1.13738953555531		1.00798010826111	0.733989853816656	1.14149094256674	0.643009792233844	8.73570475151692E-4	99.7990551297004
604	0.747372828434544		1.15780804285898		1.00688087940216	0.747143013859313	1.16080512121621	0.643642072388953	8.81872774051782E-4	99.7971473143804
602	0.762578660282964		1.18116926987745		1.00539457798004	0.762348845707733	1.1825788563887	0.644649480742247	8.43221217187938E-4	99.8060295059065
600	0.78008256951478		1.2080058551584		1.00393652915955	0.779852754939549	1.20780607869691	0.645677123748977	8.45640697171742E-4	99.8054734822219
598	0.798642639631047		1.2364249685092		1.00287997722626	0.798412825055816	1.23503593234569	0.646469308418742	7.93705239812554E-4	99.8174095142778
596	0.81855951119453		1.26710553631873		1.00218975543976	0.818329696619299	1.2649336823706	0.646934861506475	8.46616323469091E-4	99.8052492732134
594	0.839070675053001		1.29867496337765		1.00178515911102	0.83884086047777	1.29604879659672	0.6472293810854	9.13097626871779E-4	99.7899723689299
592	0.857575736929742		1.32703215045916		1.00154709815979	0.857345922354511	1.32414186622983	0.647472860891856	9.3555947331224E-4	99.7848113338135
590	0.875990514993367		1.35526892158657		1.00122630596161	0.875760700418136	1.35198914605057	0.64775719759024	9.19256010036379E-4	99.7885573370695
588	0.892521503391668		1.38059385922951		1.00070452690125	0.892291688816437	1.37662735019237	0.648172280386374	9.65709366160617E-4	99.777884243859
586	0.907094344519961		1.40285978199211		0.999973237514496	0.90686452994473	1.39788667284985	0.648739663635192	9.54108139903145E-4	99.7805496271867
584	0.920532739852006		1.42328364543589		0.999053955078125	0.920302925276775	1.41700612734282	0.649469968773199	9.53842182218179E-4	99.7806107318362
582	0.933821289908771		1.44344759799203		0.998229086399078	0.93359147533354	1.43596442048267	0.650149448006333	9.55166060378438E-4	99.7803065668617
580	0.947968158748727		1.46494021143154		0.997582137584686	0.947738344173497	1.45647442417124	0.650707165498478	9.43546130767864E-4	99.7829763121571
578	0.962649656187621		1.48730486344179		0.997147619724274	0.962419841612391	1.47814088565151	0.651101563426541	0.00100601788127425	99.7686239104111
576	0.978630848750717		1.51151100714389		0.996688485145569	0.978401034175486	1.50158626340656	0.651578306234532	9.58084966884708E-4	99.7796359426207
574	0.995578400562881		1.53723173702159		0.996220171451569	0.99534858598765	1.52650422348649	0.65204443634902	9.77627330527574E-4	99.7751461640483
572	1.01434119284631		1.56566000717167		0.9957315325737	1.01411137827108	1.554062409074	0.65255511770299	9.88259075833472E-4	99.772703648654
570	1.03280095046297		1.59367683445229		0.995352268218994	1.03257113588774	1.58135709455778	0.652965190115073	9.85016240276236E-4	99.7734486447165
568	1.0503358975975		1.61990397546078		0.995181918144226	1.05010608302227	1.60718722888253	0.653381301288962	9.66414770063749E-4	99.7777221795115
566	1.07077628600459		1.65085159130391		0.995282471179962	1.07054647142936	1.63815123841901	0.653508935147253	0.00101424641014906	99.766733623383
564	1.09365140859385		1.6853018414104		0.995623111724854	1.09342159401862	1.67301136931673	0.653564951244282	9.40547885609819E-4	99.783665187726
562	1.11817317668434		1.7223754105982		0.996170461177826	1.11794336210911	1.71086271132187	0.65343838211621	9.93542483594563E-4	99.7714898716148
560	1.14564372802721		1.76361221341194		0.99668163061142	1.14541391345198	1.75284057787699	0.653461545738113	9.83319111592004E-4	99.7738385384856
558	1.17405303394397		1.80632974009672		0.997178435325623	1.17382321936874	1.7963112930815	0.653463140765036	9.76068898782356E-4	99.7755041999908
556	1.20266769203276		1.84914636101938		0.997675478458405	1.20243787745753	1.83992375638494	0.653525926432986	9.88970492904807E-4	99.7725402112873
554	1.23222708461484		1.89343762793224		0.99818366765976	1.23199727003961	1.88507178358168	0.653554565279621	0.00101665879769689	99.7661794478928
552	1.26113246688459		1.93649449665668		0.998678505420685	1.26090265230936	1.9290062549544	0.653653998824991	0.00101951623542112	99.7655230391222
550	1.29053352389602		1.98001990663901		0.999059557914734	1.29030370932079	1.97322675710733	0.65390543923716	9.98143701568044E-4	99.7704328286182
548	1.31961683676809		2.02307332931854		0.999196529388428	1.31938702219286	2.01651611782184	0.654290342899914	0.00101868073389937	99.7657149695518
546	1.34588927684865		2.06163828277773		0.99907249212265	1.34565946227342	2.05479497770905	0.654887459270382	0.00101889824589018	99.7656650029168
544	1.37171797669662		2.09934487320323		0.998806416988373	1.37148816212139	2.09190932477218	0.655615492450063	0.00101632240308222	99.7662567245331
542	1.39791630056655		2.13739854126406		0.998482644557953	1.39768648599132	2.12922713994349	0.656429020545178	0.00106714005890832	99.7545835605825
540	1.41676892988575		2.16422571400843		0.99831360578537	1.41653911531052	2.15564860259721	0.657128955806533	0.00110427000502973	99.7460554209437
538	1.43747126134599		2.19355928322716		0.998360693454742	1.43724144677076	2.18503576103831	0.6577656404524	0.00108276195802447	99.7509953777287
536	1.45948339992991		2.22486406581691		0.998661279678345	1.45925358535468	2.21695650537805	0.658223822530897	0.00109336258583732	99.7485606006019
534	1.48227574969235		2.25709034986783		0.999168038368225	1.48204593511712	2.2502809463888	0.658604845539608	0.00112391524031456	99.7415435275392
532	1.49992328136012		2.28141146061049		0.999805629253387	1.49969346678489	2.27603328309752	0.65890665040887	0.00116471359029703	99.7321740802213
530	1.51992949221768		2.30888717827414		1.0004802942276	1.51969967764245	2.30505805565196	0.659289111576243	0.00114983179205527	99.7355916219681
528	1.53897767817672		2.33479800580733		1.00102841854095	1.53874786360149	2.33225838218415	0.65976732053181	0.00113816866797787	99.7382700907216
526	1.55854665637001		2.36154058138406		1.0014044046402	1.55831684179478	2.3599145109993	0.660327666333522	0.00115370140057141	99.7347029715444
524	1.5792566330939		2.38952860129176		1.00163662433624	1.57902681851867	2.3884955868514	0.661096812240797	0.00118333167997068	99.7278986799167
522	1.60269971649632		2.42148168221877		1.00181710720062	1.60246990192109	2.42093710810955	0.66192132647858	0.00114231393373944	99.7373181107167
520	1.63055709431469		2.46008206536531		1.0020604133606	1.63032727973946	2.46020498452526	0.662679447442086	0.00120823084677035	99.7221811990222
518	1.65790197213512		2.49799554421772		1.00242054462433	1.65767215755989	2.4990944096093	0.663309137576375	0.0012649147086567	99.709166367593
516	1.69213823298464		2.54608524861541		1.00289297103882	1.69190841840941	2.5485010234537	0.663883750816217	0.001361891369524	99.6869040941485
514	1.73371331460563		2.60464991390874		1.00349617004395	1.7334835000304	2.60880325965675	0.664474599076696	0.00143055101386479	99.6711453713065
512	1.77888488547005		2.66825207429913		1.00418245792389	1.77865507089482	2.67445558576507	0.665053134687226	0.00149993789883309	99.6552222634971
510	1.82602231936373		2.73443858282372		1.00497353076935	1.8257925047885	2.7430781521911	0.665599885781637	0.00157910191934481	99.6370585763885
508	1.88562734598103		2.81876435152974		1.00580215454102	1.8853975314058	2.83015492301479	0.66618174011386	0.00161363739844158	99.6291356648975
506	1.9571630146405		2.92020988090954		1.00663805007935	1.95693320006527	2.9346259197167	0.666842471102479	0.00165603607521253	99.6194096897621
504	2.04056089882874		3.03883643316991		1.00742840766907	2.04033108425351	3.05643778744483	0.667551975909583	0.00166019501252564	99.6184557082736
502	2.12920954959757		3.1637327046435		1.00814700126648	2.12897973502234	3.18453173064434	0.668537767903342	0.00169067766485943	99.6114638437407
500	2.22053938321701		3.29268352688215		1.00866842269897	2.22030956864178	3.3162474175781	0.669524703396013	0.00177696668395535	99.5916742262754
498	2.33314261518894		3.45246719323587		1.00904226303101	2.33291280061371	3.47870498261133	0.670626802869176	0.00183898174041059	99.5774540539866
496	2.50789792699065		3.7027475047358		1.00876116752625	2.50766811241542	3.73020895624278	0.672259420807688	0.00173469057490429	99.6013693837988
494	2.72176958385091		4.00814019150379		1.00816118717194	2.72153976927568	4.03587539544999	0.67433691643303	0.00168109655352406	99.6136614287729
492	2.90244076965242		4.2616784692993		1.00794267654419	2.90221095507719	4.29055270305055	0.67641890356311	0.0016314805253139	99.6250424542678
490	2.97690672394471		4.35766274381811		1.00791668891907	2.97667690936948	4.38718623257644	0.678493401366593	0.00160780386122667	99.6304739139385
488	3.01028336199494		4.39429425001939		1.00887954235077	3.01005354741971	4.42833404796249	0.679725945427413	0.00158460549505237	99.6357959386082
486	3.10613714579161		4.52289974999379		1.00954282283783	3.10590733121638	4.5610781833179	0.68095902029836	0.00152554775722817	99.6493458800995
484	3.31545108050211		4.81459325468762		1.01009511947632	3.31522126592688	4.85821162515124	0.6823954001435	0.00156697069963474	99.6398417937238
482	3.50530458804428		5.07522852220086		1.01073944568634	3.50507477346904	5.12474495938939	0.683951065125136	0.00165626367431089	99.6193574826012
480	3.59559616239052		5.1875940442128		1.01162850856781	3.59536634781529	5.24292493398565	0.685755831541556	0.00162729936944035	99.6260015957119
478	3.57245042517832		5.13786532370839		1.0127238035202	3.57222061060309	5.19824001453966	0.687198090240439	0.00167912111563752	99.6141145338814
476	3.65716597903903		5.24447770365348		1.01399922370911	3.6569361644638	5.31289152711561	0.688313726301347	0.00170513752341733	99.6081473298091
474	3.90770989649494		5.58848102259141		1.01552999019623	3.90748008191971	5.67025772953543	0.689118602416657	0.00173901333293797	99.6003780046889
472	4.36418400844049		6.22381545364649		1.01726651191711	4.36395419386526	6.32625811785274	0.689816019607255	0.0017389301009995	99.6003970929658
470	4.89163213621572		6.95951914699582		1.01911818981171	4.89140232164049	7.0875424962308	0.690140810336131	0.00181295764565862	99.5834211819406
468	5.34011369936508		7.57854749901449		1.02110064029694	5.33988388478985	7.7334198601736	0.690494500665839	0.00188631989794793	99.5666006894844
466	5.50406111081936		7.7796730694999		1.02326714992523	5.50383129624413	7.95563335235086	0.691815604425482	0.00192581246707737	99.5575470122093
464	5.34269165833916		7.5148876701673		1.02553856372833	5.34246184376393	7.70174536000595	0.693668979437642	0.00201460348234466	99.5371946649853
462	5.1319577504898		7.19352139703736		1.027627825737	5.13172793591457	7.38719069282822	0.694679229127882	0.00197238627412602	99.5468710180102
460	4.96936147672544		6.9541150405721		1.02919805049896	4.96913166215021	7.15208183274647	0.69478115300619	0.00203317907814852	99.5329373620922
458	4.81753923612116		6.73603997796693		1.03004312515259	4.81730942154593	6.93332768906935	0.694804809116493	0.00209458528171983	99.5188650954713
456	4.62691973737112		6.47291815284643		1.03006207942963	4.62668992279589	6.66242345795773	0.694445489992035	0.00214542076031279	99.50721679399
454	4.43231321226982		6.2134868745862		1.02918720245361	4.43208339769459	6.38976141752442	0.693622673538209	0.00221861453829617	99.4904477680737
452	4.29106630121312		6.03613278349799		1.02735614776611	4.29083648663789	6.19618740497759	0.69249624102572	0.00235650217179356	99.458864762989
450	4.13951644586165		5.8441142832887		1.02460694313049	4.13928663128642	5.9828629214657	0.691857173667681	0.00243258319845206	99.4414427829816
448	3.88995634431978		5.51091176508886		1.02102768421173	3.88972652974455	5.62175399390217	0.691906215384679	0.00243742875212527	99.4403332911958
446	3.54741253709477		5.04450047544864		1.01675081253052	3.54718272251954	5.12398158306496	0.692270779083823	0.00249524134053039	99.4270968337377
444	3.27262087071231		4.67083079920737		1.0121191740036	3.27239105613708	4.72244189661172	0.692944694244936	0.00256475756526209	99.4111831080283
442	3.12289843478714		4.46869035323774		1.00782012939453	3.12266862021191	4.49866179501405	0.694132780479924	0.00265767398025801	99.389916564038
440	3.07006966790839		4.3976350556701		1.0045450925827	3.06983985333316	4.41266458372304	0.695688465571766	0.00279592157831192	99.3582831192941
438	3.04642626956536		4.3624068258304		1.00285410881042	3.04619645499013	4.36990782535054	0.697084830329522	0.00286216030016357	99.3431301203889
436	3.01572900162162		4.31281718979808		1.00277864933014	3.01549918704639	4.31985158460256	0.698056201234938	0.00293951560896817	99.3254369778815
434	2.98478573270229		4.25921281989509		1.00421047210693	2.98455591812706	4.27218963783608	0.698600991794638	0.00299195510788287	99.3134445121334
432	2.97014671176469		4.22512785421097		1.00665414333344	2.96991689718946	4.24827392049903	0.699087900819868	0.00295262494160801	99.3224388496635
430	2.97753107696956		4.22090574729425		1.00962591171265	2.97730126239433	4.25655260556023	0.699463048689954	0.00301353015349657	99.3085109038035
428	2.98719094265362		4.22056868186591		1.01240730285645	2.98696112807839	4.26793761981884	0.699860540184084	0.00310023434856367	99.288686555569
426	2.98406410672861		4.20537300321569		1.01423370838165	2.98383429215338	4.26022510568546	0.700393575018213	0.00311788807245904	99.2846506317739
424	2.96079342811066		4.16867669476857		1.01462960243225	2.96056361353543	4.22465487297438	0.700782360347233	0.00315198861696158	99.2768551660892
422	2.93993526901432		4.14460243461086		1.01337480545044	2.93970545443909	4.19503397463393	0.700758437765838	0.00320383346665741	99.2650044826376
420	3.42013867285724		4.83836259053014		1.01114857196808	3.41990885828201	4.88731270088346	0.699752413563348	0.00332441559607487	99.237447319035
418	3.27400417392944		4.65413180757488		1.0079870223999	3.27377435935421	4.68632934383063	0.698579659934488	0.0034040300112901	99.2192568802146
416	3.08148936756979		4.40628560983476		1.00422537326813	3.08125955299456	4.41994725888	0.697125864297155	0.00340880222560325	99.2181666223917
414	2.90768903867442		4.18514105505435		1	2.90745922409919	4.18020535783515	0.69553023720464	0.00349935144609801	99.1974820604116
412	2.75240537474412		3.98856785515622		0.995681941509247	2.75217556016889	3.9664306012734	0.693867065084995	0.00362442042634693	99.1689190871648
410	2.63670014571427		3.84404141530403		0.991583049297333	2.63647033113904	3.80679215451338	0.6925700758349	0.00365948848785028	99.1609117983395
408	2.53622404015872		3.71694279032361		0.988153755664825	2.53599422558349	3.6680337501056	0.691377015140736	0.00379208929118915	99.130640150903
406	2.45336308101716		3.61045765158895		0.985654711723328	2.45313326644193	3.55379970254644	0.69028461696481	0.00391766800473512	99.1019801076619
404	2.39171188253303		3.53149153374042		0.98426741361618	2.3914820679578	3.47107399218579	0.688974672778973	0.00403789101498948	99.0745501265464
402	2.36303372590935		3.49643322821644		0.984128773212433	2.36280391133411	3.43608318185455	0.687644561054788	0.00419033733901202	99.0397790182746
400	2.37701737819722		3.52004052060258		0.985299050807953	2.37678756362199	3.4634294459701	0.686252629279778	0.00436009064585731	99.0010747625304
398	2.41605647960373		3.57669113072778		0.987817049026489	2.4158266650285	3.52824091217277	0.684711368969636	0.00453888231069136	98.9603260892153
396	2.4657375707138		3.64451381600365		0.991658091545105	2.46550775613857	3.60921709130311	0.683114285942939	0.00463629864181758	98.938130848045
394	2.49421123759222		3.67848472407103		0.996615350246429	2.49398142301699	3.66111535004337	0.681208097687346	0.00480423640487088	98.8998797604547
392	2.50177201148779		3.67877933588626		1.0025714635849	2.50154219691256	3.68329079380051	0.679159571414508	0.00496066919102164	98.8642624584596
390	2.50254474341829		3.66761514891915		1.0093150138855	2.50231492884306	3.69679736165067	0.676887230769324	0.00514966070210979	98.8212491523657
388	2.50931904759044		3.66451852051356		1.01699423789978	2.50908923301521	3.72177464440737	0.674164739336264	0.00528531325722705	98.7903870020687
386	2.52717556851519		3.67642810054409		1.02549052238464	2.52694575393996	3.7650806626169	0.671153151917765	0.00545704142907215	98.7513311550642
384	2.55335352495355		3.70022550767557		1.03449034690857	2.55312371037832	3.82274163794671	0.667877652267829	0.00559257451600193	98.7205179969476
382	2.58397025334684		3.73216604709872		1.04369103908539	2.58374043877161	3.89007691677635	0.664187493987321	0.00578145110883697	98.6775933413653
380	2.61489066826235		3.76515923056063		1.0526317358017	2.61466085368712	3.95813062490358	0.660579728530513	0.00593947344823579	98.6416950551606
378	2.6355849015781		3.78524848585146		1.06117713451386	2.63535508700287	4.01158149260686	0.656936694881979	0.00611899983923071	98.6009274917359
376	2.63816875898965		3.78041836624185		1.06922745704651	2.63793894441442	4.03684973332225	0.653464735791253	0.00633932264037092	98.5509187443409
374	2.63871841719058		3.7741301729076		1.07646524906158	2.63848860261535	4.05740687003346	0.650289381156784	0.00652836270720432	98.5080307524977
372	2.63538077316094		3.76322693320507		1.08239138126373	2.63515095858571	4.06794204211013	0.647784784371904	0.00673554032779011	98.4610492845565
370	2.6387389274444		3.7635441182624		1.08660447597504	2.63850911286917	4.08412073374301	0.646040919179937	0.00701318178579559	98.3981239328771
368	2.64432710857442		3.76804963093971		1.08728444576263	2.64409729399918	4.09157524776695	0.646229663121128	0.00731208459232916	98.3304248076604
366	2.66072645665342		3.788507611815		1.08414971828461	2.66049664207819	4.10195842531858	0.648591810598752	0.00757571415610441	98.2707534516676
364	2.6771945742634		3.80978976993308		1.07767069339752	2.67696475968817	4.10037972681795	0.65285776880123	0.00779380333213913	98.2214173254823
362	2.70134003315129		3.84262566579797		1.06871128082275	2.70111021857606	4.10138256172045	0.658585288723468	0.00805767906256591	98.1617564801382
360	2.73352412726097		3.88725554843214		1.05907070636749	2.73329431268574	4.11165122716862	0.664768036409535	0.00832912135154934	98.100422689772
358	2.76784626335429		3.934879828027		1.04836678504944	2.76761644877906	4.12002289383888	0.67174783249816	0.00856506503884071	98.0471411259368
356	2.80538406593868		3.98758112420313		1.03684234619141	2.80515425136345	4.12937542856249	0.679316836139544	0.00885094225601755	97.9826221836863
354	2.84414297935802		4.04240325044892		1.02479386329651	2.84391316478279	4.13757197180858	0.687338657589485	0.00913318342270187	97.9189655025382
352	2.8782395124249		4.09102275709058		1.01273274421692	2.87800969784967	4.13811416125278	0.695488231039614	0.00942823779539743	97.8524631449715
350	2.90850132626883		4.13569359919724		1.00126516819	2.9082715116936	4.13598400547622	0.703163142759478	0.00985224449345655	97.7569752802117
348	2.9386452812265		4.18033293739778		0.990810453891754	2.93841546665127	4.13702723471971	0.710272207538501	0.0101669004980046	97.6861738306333
346	2.95736397011655		4.20956820827705		0.981342911720276	2.95713415554132	4.12618631111525	0.716674898458972	0.0105402729570388	97.6022269823775
344	2.97961092315266		4.24438435804028		0.972720801830292	2.97938110857742	4.12379990067223	0.722484402817835	0.0109271573185434	97.5153183005056
342	2.98804612087286		4.26012256842661		0.964752793312073	2.98781630629763	4.10520342006221	0.727811998717557	0.0112823200122616	97.4356036211821
340	2.99881869651341		4.28037612059177		0.957048177719116	2.99858888193817	4.09180246613537	0.732828357858215	0.0116675222018636	97.3492203732807
338	2.99895085959882		4.28715974361154		0.950148642063141	2.99872104502358	4.06874936268981	0.737012968289882	0.0121079074903878	97.2505559015349
336	2.99213088159872		4.28563084225046		0.944044172763824	2.99190106702349	4.04116530704516	0.740356021023828	0.0125575332367965	97.149924352124
334	2.97717315949052		4.27517287354225		0.938558220863342	2.97694334491529	4.00786620687427	0.742775130519391	0.013046906146599	97.0405152594541
332	2.94913486614553		4.24858758312114		0.933434963226318	2.9489050515703	3.96117304206217	0.744452469068381	0.0135125605683413	96.9365233129316
330	2.90782933408401		4.20687891629561		0.928119659423828	2.90759951950878	3.89990610940746	0.745556287238554	0.0140005309155325	96.8276672563411
328	2.84682998862463		4.14211325493331		0.923022568225861	2.8466001740494	3.81870825452767	0.745435363037832	0.0145825957320294	96.6979805362676
326	2.77113525015756		4.05912442469851		0.918195605278015	2.77090543558233	3.72253827253917	0.744359153006713	0.0151175020561084	96.5789541084882
324	2.69322537498059		3.97527007933045		0.913534343242645	2.69299556040536	3.62703681221569	0.742478143959133	0.0155958684452169	96.4726329541494
322	2.60754122981515		3.88194218907837		0.908978700637817	2.60731141523992	3.52411632333453	0.739848284228279	0.016185922516202	96.3416494400703
320	2.528411720854		3.79689449898851		0.904343068599701	2.52818190627877	3.42923165879571	0.737244420275364	0.0167485538485009	96.2169190171907
318	2.44882475583998		3.70851136457605		0.899914681911469	2.44859494126475	3.3329021186245	0.734673522988216	0.0173864679401971	96.0756943978559
316	2.37969058619435		3.63443267834862		0.895963847637177	2.37946077161912	3.25189808020023	0.731714436595322	0.0180822033687659	95.9219053108242
314	2.32377527391778		3.57842802769349		0.892610192298889	2.32354545934255	3.18973567628327	0.728444515518596	0.018805331477485	95.7623220941521
312	2.27395998114808		3.53073450737626		0.88999992609024	2.27373016657285	3.13796068044884	0.724588482175508	0.0195694278287962	95.593986292738
310	2.22829257410399		3.4895261042206		0.888025283813477	2.22806275952876	3.09440438515114	0.720029602536883	0.0203489557125515	95.4225557461792
308	2.17418611191785		3.43607404144591		0.887133359909058	2.17395629734262	3.04387728762664	0.714206287546397	0.0212246189378221	95.23035012435
306	2.11517006234898		3.37541445184454		0.887335538864136	2.11494024777375	2.9907455819656	0.707161538757086	0.0221476632304635	95.0281636167568
304	2.05934596100954		3.32015157120599		0.888603985309601	2.05911614643431	2.94591403778631	0.698973602088411	0.0230667330315234	94.8272741953959
302	1.9896757928309		3.24592465744008		0.891015827655792	1.98944597825567	2.88777246081449	0.688920614505253	0.0241331785416853	94.5947037566459
300	1.91727984829596		3.16604058549366		0.894482612609863	1.91705003372073	2.82755335919755	0.677988985595937	0.0252263294588188	94.3569013898041
298	1.84017431149468		3.07790501211536		0.900495111942291	1.83994449691945	2.76719384721264	0.66491348221694	0.0262834036949223	94.1275156491421
296	1.75452294464943		2.97688938019478		0.909423410892487	1.7542931300742	2.70276425538614	0.64907367580365	0.0275971819794738	93.8432020451195
294	1.6612820465845		2.86255109207744		0.92107892036438	1.66105223200927	2.63208930271265	0.631077460136848	0.0290028611514678	93.539951167344
292	1.56835395613551		2.74612704713249		0.934718489646912	1.56812414156028	2.56224223842413	0.612012446771908	0.0304969321521431	93.2187055269757
290	1.47136407126916		2.62173158620377		0.948803901672363	1.47113425669393	2.48282614934876	0.592524070636119	0.0321072158845126	92.8737077719614
288	1.36769620547246		2.48270426498195		0.962523102760315	1.36746639089723	2.38490948976498	0.5733829299459	0.0337821926779185	92.516204477795
286	1.25361282946347		2.32348160936817		0.97529125213623	1.25338301488824	2.26125754579511	0.554285829678689	0.0355534401045258	92.1396503561746
284	1.14427697540816		2.16769838489299		0.986907541751862	1.14404716083293	2.13444680748479	0.5359923502526	0.03735876504721	91.7574287076321
282	1.041636324268		2.01971958909757		0.996903836727142	1.04140650969277	2.00854579198959	0.518487810358157	0.0391916981845762	91.3709839659623
280	0.944095827526407		1.87661003644675		1.00535523891449	0.943866012951177	1.88169760248423	0.501603451960122	0.0410364335039814	90.9836942078426
278	0.853539022773508		1.74158844030658		1.00982344150543	0.853309208198278	1.75371264972435	0.486572990354151	0.042928012405554	90.5882745369262
276	0.769709725928298		1.61362699062258		1.01022160053253	0.769479911353067	1.62513469318471	0.473486852862116	0.0447738825537974	90.2040667041615
274	0.689965674733268		1.48989907729861		1.00653350353241	0.689735860158037	1.49466539356866	0.461465063100997	0.0467889718207702	89.7864970393744
272	0.627892533806983		1.3938346392059		0.99854451417923	0.627662719231752	1.38687741927016	0.452572599791883	0.0486767958353241	89.3970533658699
270	0.57792915998319		1.31699293541138		0.988452672958374	0.577699345407959	1.29690648416545	0.445444102918265	0.0504977768147145	89.0229995151143
268	0.536493710930007		1.25447665972125		0.972882628440857	0.536263896354777	1.21565669594351	0.441131034891858	0.0523572833499619	88.6426470814697
266	0.502796825383501		1.20420209327174		0.953488886356354	0.50256701080827	1.14348718041674	0.439503843519359	0.0541335163285207	88.2808454501456
264	0.474382672359831		1.16232334557531		0.931065678596497	0.474152857784601	1.07760391621589	0.44000662084603	0.0557882462367679	87.9451216064497
262	0.44825701450524		1.12308520760954		0.906938552856445	0.448027199930009	1.01409289883056	0.441800943924043	0.0573579739242976	87.6278237533157
260	0.421876345970515		1.0821544994601		0.883175373077393	0.421646531395285	0.951373117555092	0.443197861716823	0.0590474270112591	87.2876040991484
258	0.395774087468858		1.03881219280956		0.859192788600922	0.395544272893627	0.88829922931523	0.445282692858513	0.0605218753933575	86.9917614250923
256	0.36757319005957		0.988842511612745		0.834685504436493	0.36734337548434	0.821252755690579	0.447296368796286	0.0621805710527124	86.6601485090656
254	0.338259285757758		0.933523534477832		0.80953711271286	0.338029471182527	0.751726316674632	0.4496709290129	0.063744338777709	86.3486717022492
252	0.308908066392617		0.875585560161001		0.784095585346222	0.308678251817387	0.682672713914959	0.45216140256609	0.065289067761564	86.0420862737667
250	0.280399941811706		0.817038056122484		0.758817315101624	0.280170127236475	0.616237331570685	0.454646469603471	0.0671414449747131	85.6758762803762
248	0.25310159444764		0.75856775179069		0.735633492469788	0.25287177987241	0.554396980341607	0.456120413420354	0.0688580178905038	85.3379060125466
246	0.226231279918778		0.698798145095924		0.715051770210266	0.226001465343548	0.49614757163668	0.455512589929684	0.0707842173178445	84.9602501973004
244	0.200413319206512		0.639013014109228		0.697206974029541	0.200183504631281	0.442083127409667	0.452818694538814	0.0727677264321057	84.5731046267869
242	0.175727959502904		0.579260922062829		0.681808710098267	0.175498144927673	0.391579940727532	0.448179609511172	0.0751412226403975	84.1121583653709
240	0.152320675660888		0.519992256833346		0.667849898338318	0.152090861085657	0.343980470976791	0.442149697201615	0.0777799837248753	83.602644714391
