Wavelength	I1	I1 dark	R1	R1dark	XCorrect	I1c	R1c	I1c/R1c	Abs	Percent T
nm	uA	uA	uA	uA		uA	uA	uA/uA	OD	T*100
	Abs Detector Raw	Dark Offset for Abs Detector	Ref Detector Raw	Dark Offset for Ref Detector	Linear interp	Dark subtracted Abs Detector	Corrected Ref Detector	Corrected Intensity 	-Log(T)	% Transmittance
800	0.142296035655778	2.41897700296852E-4	0.209267469943227	0.00495888664171481	1.35067892074585	0.142054137955482	0.275955296792801	0.514772282345941	9.05250827025607E-4	99.7917753828902
798	0.144917727539834		0.213315589510182		1.34199333190918	0.144675829839537	0.279613305908065	0.517413967013092	8.82894353979464E-4	99.7969125643504
796	0.157533450756025		0.231741158741977		1.33337259292603	0.157291553055729	0.302385266179982	0.520169368841231	9.12875569140973E-4	99.7900233922364
794	0.166191961082146		0.244025691163593		1.32502686977386	0.165950063381849	0.316769939662465	0.523881980590321	9.07168890204195E-4	99.79133465312
792	0.160364973800742		0.235374894307901		1.31713449954987	0.160123076100445	0.303488872945681	0.527607732521726	9.50240503330078E-4	99.7814382330463
790	0.151022923667172		0.222011800718109		1.30966234207153	0.150781025966875	0.284266027802742	0.530422249652376	8.67702987822144E-4	99.8004034628511
788	0.14928758088541		0.219793007163132		1.30193436145782	0.149045683185113	0.279699923520405	0.53287709667264	7.98145190555737E-4	99.8163890497437
786	0.152714022903579		0.224853163469207		1.29363858699799	0.152472125203282	0.284463721564061	0.535998489947849	8.59249264659294E-4	99.8023461382222
784	0.156978300459171		0.231033451454155		1.28498160839081	0.156736402758875	0.290501657908942	0.539537033582108	7.54706146828725E-4	99.826373393365
782	0.163131201893326		0.240006958193201		1.27644824981689	0.162889304193029	0.300026699554731	0.542916028589365	8.0485697823469E-4	99.8148464530466
780	0.172617609020947		0.253906279197843		1.268270611763	0.172375711320651	0.315732661853964	0.545954638675866	9.69437394511477E-4	99.7770277439489
778	0.186180944614334		0.273525471929507		1.26044166088104	0.185939046914037	0.338512512817295	0.549282640592946	6.22104879068346E-4	99.8568576045149
776	0.202507143508448		0.297085169711344		1.25292003154755	0.202265245808152	0.366010871799467	0.552620868374014	7.18526186847938E-4	99.8346900190428
774	0.227317050483287		0.333065027050486		1.24577045440674	0.227075152782991	0.408744935630675	0.555542425088702	7.31220125403794E-4	99.8317720061437
772	0.288113582756836		0.421500555566743		1.23883104324341	0.287871685056539	0.516024750268744	0.557864104205499	5.16558757707431E-4	99.8811286585038
770	0.386261319867709		0.564023327519223		1.23221707344055	0.386019422167412	0.688888749202762	0.560350887736438	6.31488850091895E-4	99.8546999815799
768	0.444978406425079		0.647000800332193		1.22665858268738	0.444736508724782	0.787566223873453	0.564697285438999	6.81797639410545E-4	99.8431334562875
766	0.407429334919844		0.590815591206112		1.22236526012421	0.407187437219547	0.71613088307037	0.568593600479503	7.68694261179956E-4	99.8231581550951
764	0.34436806960786		0.49959191420246		1.2186872959137	0.344126171907563	0.602802986827609	0.5708766867905	6.83462319815825E-4	99.8427507514725
762	0.321277773679616		0.46757027309506		1.214359998703	0.321035875979319	0.561776762653479	0.571465210598866	7.03196345674532E-4	99.83821407246
760	0.330800500081995		0.48123015646333		1.20898902416229	0.330558602381698	0.57580673773817	0.574079080213905	5.12075592017923E-4	99.8821597237807
758	0.349937023748205		0.508861451518936		1.2031888961792	0.349695126047908	0.606289970816491	0.576778675024054	6.73541257422002E-4	99.8450315943458
756	0.375960789208184		0.545988895523414		1.19780671596527	0.375718891507887	0.64804937817725	0.579768925270264	5.6163227245225E-4	99.8707629732374
754	0.401291758650424		0.581867396966965		1.1931779384613	0.401049860950127	0.688354507030663	0.582621101269642	5.46831757832377E-4	99.8741665713406
752	0.424036398452119		0.614151602465405		1.18890511989594	0.423794500751822	0.724272338846095	0.585131418144462	6.01069952028252E-4	99.8616942595281
750	0.455063496716812		0.6582436249943		1.1848680973053	0.454821599016515	0.774056244930417	0.587582106591493	5.8151619840414E-4	99.8661905518062
748	0.500635526564012		0.723126616983576		1.18107759952545	0.500393628863715	0.848211819008807	0.589939467535903	4.72271302278417E-4	99.8913146193422
746	0.556583689487427		0.80256662887318		1.17750906944275	0.55634179178713	0.939190350335305	0.592363189835275	5.17983748589004E-4	99.8808009328015
744	0.606935625931738		0.873055364553435		1.174187541008	0.606693728231442	1.01930806875686	0.595201536049212	5.09822515716961E-4	99.8826779037717
742	0.659536374928099		0.946224956851396		1.17108881473541	0.659294477227802	1.10230616651251	0.59810468022118	4.94895965041899E-4	99.8861108957544
740	0.74052320779541		1.06016633151818		1.16803753376007	0.740281310095113	1.23252190151877	0.600623249925948	4.37797575250579E-4	99.8992441757492
738	0.853061755014185		1.21803230378777		1.16498303413391	0.852819857313888	1.413209950134	0.603462958375734	4.61999059513941E-4	99.8936773478865
736	0.944216672252487		1.34426307690398		1.16204738616943	0.94397477455219	1.55633493358004	0.60653703401797	5.40128723987098E-4	99.875708071666
734	0.983912702977659		1.39746408255077		1.15931880474091	0.983670805277362	1.61435745931679	0.609326515388765	5.69198719667617E-4	99.8690230011559
732	0.990161168528863		1.40553995410054		1.15665113925934	0.989919270828566	1.61998368730131	0.611067431473739	5.38163505143029E-4	99.8761600186186
730	0.986362945582614		1.40168126393041		1.15388596057892	0.986121047882317	1.61165834197983	0.611867305989259	6.2760765647015E-4	99.855592364911
728	0.987989599934024		1.40691210863607		1.15089321136475	0.987747702233727	1.61349844584424	0.612177659530937	6.70847610511356E-4	99.84565087022
726	0.996584567856223		1.4230111149194		1.1476241350174	0.996342670155927	1.62739096188666	0.612233134809135	6.60586357936515E-4	99.8480099919415
724	1.01190687553426		1.44878816315624		1.14410185813904	1.01166497783396	1.65188775809581	0.612429611440514	7.32451895851346E-4	99.8314888580558
722	1.01716397268122		1.45907270413077		1.14027833938599	1.01692207498092	1.65809448908464	0.613307674366809	7.62484172333045E-4	99.8245855623939
720	0.997267584210916		1.432241655654		1.13600122928619	0.997025686510619	1.62139498013696	0.614918449066866	8.30827610671682E-4	99.8088777445074
718	0.938210583714474		1.34790508250466		1.13137769699097	0.937968686014178	1.5193793742582	0.617336724392561	8.72030693758055E-4	99.7994089656504
716	0.832187832978452		1.19524501170353		1.12621939182281	0.831945935278156	1.34052331586225	0.620612805039524	9.62965438446257E-4	99.7785146552001
714	0.702635352111841		1.0091025542564		1.12039887905121	0.702393454411544	1.12504143960186	0.624326740053338	9.29295428269292E-4	99.7862505900938
712	0.575768903033814		0.828366218308664		1.11375534534454	0.575527005333517	0.917074317039952	0.627568556484222	8.11973082371567E-4	99.8132109567367
710	0.474447629940138		0.685754169623143		1.10628998279572	0.474205732239841	0.753157001896928	0.629624010724842	6.77396962271009E-4	99.8441451652531
708	0.40029817894248		0.582681936758632		1.09837675094604	0.400056281242183	0.634557566734059	0.630449154205493	4.81035755186312E-4	99.8892987431906
706	0.345803055258864		0.508418067121294		1.09038031101227	0.345561157558567	0.548961977793305	0.629481041560729	5.67816809245955E-4	99.8693407815308
704	0.305637940368087		0.454767433180398		1.0826700925827	0.30539604266779	0.486994260725527	0.627103987247835	5.69995323042244E-4	99.8688398168625
702	0.283117779630436		0.426431792424481		1.07555782794952	0.282875881930139	0.453318483083286	0.624011357326826	6.83620555408038E-4	99.8427143736815
700	0.270859899430393		0.412336993591641		1.0694442987442	0.270618001730096	0.435668193910804	0.621156204452007	7.43654617323979E-4	99.8289137161047
698	0.274883224914804		0.421115002284593		1.0649927854538	0.274641327214508	0.443203260782141	0.619673525708804	7.49947877436603E-4	99.8274671290651
696	0.294506203962371		0.452066693750271		1.06259047985077	0.294264306262075	0.475092499300506	0.619383186843255	7.36885417305441E-4	99.830469727473
694	0.321691377193589		0.493276748517245		1.06203079223633	0.321449479493292	0.518608605710819	0.619830592769868	7.92789257504297E-4	99.8176200421141
692	0.346969104448541		0.530915505080715		1.06277585029602	0.346727206748244	0.558973992380328	0.620292198697376	9.04398116635254E-4	99.7919713180697
690	0.364774247810012		0.557190723481584		1.06392598152161	0.364532350109715	0.587533799037337	0.620444901564803	8.23072681751975E-4	99.81065998604
688	0.377401679095005		0.576172693010228		1.06461536884308	0.377159781394708	0.608122997155273	0.620203121998373	8.87331039850653E-4	99.7958930595932
686	0.384199227590792		0.586364707434834		1.0645604133606	0.383957329890495	0.61894162091378	0.62034498394798	9.12853446105747E-4	99.7900284755574
684	0.382263706358292		0.58343629130884		1.06376242637634	0.382021808657995	0.615362527592591	0.620807721510982	9.23887384667888E-4	99.787493184178
682	0.377366506976005		0.576305883927664		1.06245732307434	0.377124609275708	0.607031801282992	0.62126005339199	8.21491730185976E-4	99.8110233250024
680	0.378045577407861		0.578003744638653		1.06094348430634	0.377803679707565	0.607968208307101	0.621420124515336	9.44346664853285E-4	99.7827923825808
678	0.384632279346874		0.588396248869588		1.05921316146851	0.384390381646577	0.617984532964231	0.622006476121347	8.60537424114588E-4	99.8020501152458
676	0.393025618546735		0.601553049354125		1.05730748176575	0.392783720846438	0.630783471813603	0.622691840223908	8.90078536390391E-4	99.7952617183835
674	0.399830375904798		0.612327600092322		1.05524814128876	0.399588478204501	0.640924705945697	0.62345619461634	9.04723109868874E-4	99.7918966413131
672	0.406407399193947		0.622799541883974		1.05312037467957	0.40616550149365	0.650660582340997	0.624235603811002	8.36924045437873E-4	99.80747668125
670	0.412636401244253		0.632825716465494		1.0509113073349	0.412394503543956	0.659832350962327	0.624998915167622	8.82846032738575E-4	99.7969236681317
668	0.417212216655656		0.640136949346436		1.0485315322876	0.416970318955359	0.666004227363249	0.626077586033005	8.92726395095988E-4	99.7946532765129
666	0.42014815017664		0.645058540208118		1.04595601558685	0.419906252476343	0.66951608322284	0.627178738492802	8.98807516000999E-4	99.7932559317875
664	0.423705106339185		0.651054357444902		1.04322910308838	0.423463208638888	0.674025598515473	0.6282598310384	9.63548339019238E-4	99.7783807347457
662	0.428843204158009		0.659244636037663		1.04042720794678	0.428601306457712	0.680736695443392	0.629613930505901	8.85672119748859E-4	99.7962742611423
660	0.435045990082931		0.669162352978015		1.03775990009308	0.434804092382634	0.689283722866635	0.630805687060685	8.94566879613674E-4	99.7942303604207
658	0.444271595209642		0.683656513076349		1.03528940677643	0.444029697509345	0.702648463052082	0.631937193145802	9.34205344255136E-4	99.7851224630789
656	0.456249148262368		0.702384224793509		1.03309750556946	0.456007250562071	0.720508377165554	0.632896528359575	9.29970310186477E-4	99.7860955250709
654	0.472747744387849		0.728219033650239		1.03115320205688	0.472505846687552	0.745792016507973	0.633562489579828	9.7443597763936E-4	99.7758793505936
652	0.490425433831372		0.755479750094045		1.02945709228516	0.490183536131075	0.77262902578898	0.634435828540764	9.41455613856638E-4	99.7834566279571
650	0.501550370310357		0.772733727686234		1.02793705463409	0.50130847261006	0.789224208725463	0.635191453921104	8.91562586479381E-4	99.7949207034267
648	0.503845648926674		0.776619559579887		1.02666783332825	0.503603751226377	0.79223919115005	0.635671343770967	0.00103391738600566	99.7622148817324
646	0.504464803587285		0.777979797001209		1.02560043334961	0.504222905886989	0.792810580653007	0.635994168331709	9.76438893428738E-4	99.7754191968692
644	0.50912564066583		0.785612101963388		1.02465677261353	0.508883742965533	0.799901604141877	0.636182925913064	0.00102434962514635	99.7644127257501
642	0.517729447699322		0.799530770425838		1.02378344535828	0.517487549999025	0.813469540765326	0.636148649784925	0.00121270280973987	99.7211543575031
640	0.530509889542785		0.819461733786139		1.02288675308228	0.530267991842488	0.833144172691829	0.636466063405605	0.00112625501319954	99.7410061688111
638	0.544713900411321		0.841671321710089		1.02184903621674	0.544472002711024	0.854993795365177	0.636813981180384	0.00114962139472208	99.7356399396614
636	0.56002067830426		0.865489595540698		1.02063095569611	0.559778780603963	0.878284279829416	0.637354890050731	0.00112352187419385	99.7416338693774
634	0.57506124251418		0.888930302234143		1.01923584938049	0.574819344813884	0.900975356599425	0.637996744975844	0.00111879307436954	99.742719908478
632	0.588050478607297		0.909194909086763		1.0177036523819	0.587808580907001	0.920244302657604	0.638752752078387	0.00105391338335819	99.7576216871497
630	0.600746087992604		0.928987968089705		1.01619136333466	0.600504190292307	0.938990372037503	0.639521136930596	0.00105214987245555	99.7580267671541
628	0.615732452373639		0.952331797036955		1.01451146602631	0.615490554673342	0.961120680198684	0.64038842088603	0.00100627681544917	99.7685644265822
626	0.631864438698339		0.977455441956097		1.01275491714478	0.631622540998042	0.984900668300997	0.64130583045255	9.57127107380225E-4	99.7798560121404
624	0.64749364060122		1.00191294704636		1.01092803478241	0.647251742900923	1.00784880905321	0.642211150211074	0.00100428940954265	99.7690209856595
622	0.660280674241531		1.02189607745967		1.0092089176178	0.660038776541235	1.02630208163068	0.64312329513403	0.00105184479021543	99.7580968449797
620	0.671052515629153		1.03866001904308		1.00772297382355	0.670810617928857	1.04168437918827	0.643967243179343	0.00102923394765366	99.7632907247883
618	0.678948897433538		1.0511092722282		1.0068142414093	0.678706999733242	1.0532791068643	0.644375261324425	0.00104430493023903	99.7598287772108
616	0.686269982304187		1.06271928957683		1.00664889812469	0.68602808460389	1.06479334409456	0.644282844561964	0.00106790017214947	99.7544089677276
614	0.694102497226503		1.07506850858266		1.00700271129608	0.693860599526206	1.07760329067855	0.64389242825093	0.0010729553970056	99.7532478246466
612	0.701922590273869		1.0873140959971		1.00780045986176	0.701680692573572	1.09079807772213	0.643272762305252	0.00104570595185624	99.7595069553663
610	0.710294204925476		1.10049166796593		1.00835275650024	0.71005230722518	1.10468349988466	0.642765377865533	0.00103816412095801	99.7612393648167
608	0.720328602163213		1.11633532177225		1.0085117816925	0.720086704462916	1.12083622872457	0.642454879677047	0.00110896113677237	99.7449779968016
606	0.732512820254176		1.13523491978023		1.00798010826111	0.732270922553879	1.1392957582479	0.64273997094488	0.00105584839885521	99.7571772142818
604	0.746603136970334		1.15716205348168		1.00688087940216	0.746361239270038	1.16013133787778	0.643342020770987	0.00108437840721764	99.7506241040362
602	0.762547773137091		1.1817386570822		1.00539457798004	0.762305875436795	1.18312800067747	0.644313949970158	0.00106932408814022	99.7540819047067
600	0.778561931703473		1.2064314371349		1.00393652915955	0.778320034003176	1.2062021822226	0.645264985816068	0.0011229408716728	99.7417673045968
598	0.796873421803644		1.23454161463489		1.00287997722626	0.796631524103347	1.23312389824759	0.646027155288654	0.0010908428760634	99.7491393280845
596	0.816633824556717		1.26487460706739		1.00218975543976	0.81639192685642	1.26267462772812	0.646557639576019	0.0010999234085233	99.7470537251905
594	0.836718903822164		1.29583134186801		1.00178515911102	0.836477006121867	1.29317686795091	0.646838825262391	0.00117524183708526	99.7297563838008
592	0.856160396664401		1.32558092732043		1.00154709815979	0.855918498964104	1.32266517260763	0.647116531598596	0.00117463427279564	99.7298959026837
590	0.874986636518374		1.35451819771261		1.00122630596161	0.874744738818078	1.35121428369961	0.647376770191503	0.00117439181667588	99.7299515794914
588	0.891785344336992		1.38029121640846		1.00070452690125	0.891543446636695	1.37630128839121	0.647782178333087	0.00122716789674191	99.7178329909839
586	0.906949764137238		1.40335507007606		0.999973237514496	0.906707866436941	1.39835875887676	0.648408615229227	0.00117578287272685	99.7296321424821
584	0.919495677173044		1.42241678630849		0.999053955078125	0.919253779472748	1.41611692081882	0.649136922212058	0.00117660441749643	99.7294434864352
582	0.932289010556984		1.44194024814454		0.998229086399078	0.932047112856687	1.43443659166547	0.649765293406606	0.00121185401444295	99.7213492550508
580	0.946663112672399		1.46384443140663		0.997582137584686	0.946421214972102	1.45535816023798	0.650301239124082	0.00121455374233061	99.7207293538501
578	0.961685566225653		1.48660472062232		0.997147619724274	0.961443668525357	1.47741961662815	0.650758699630386	0.00123477339733498	99.7160867164423
576	0.978472055721566		1.5120339368293		0.996688485145569	0.978230158021269	1.50208434877215	0.651248486026037	0.00117797467207116	99.7291288277962
574	0.994278150629111		1.53620658321709		0.996220171451569	0.994036252928814	1.52545984281714	0.651630560849822	0.00125337681091425	99.7118153753409
572	1.01265211936673		1.56407552353542		0.9957315325737	1.01241022166643	1.55246159831532	0.652132215550494	0.00126980404521496	99.7080438368025
570	1.03174197799406		1.59291127537332		0.995352268218994	1.03150008029376	1.58057201194778	0.652611885125451	0.00122006695321711	99.7194634434046
568	1.05027940559333		1.62088441613069		0.995181918144226	1.05003750789303	1.60813986801506	0.652951605005044	0.00125212254153776	99.7121033496586
566	1.07009418975488		1.65084016796412		0.995282471179962	1.06985229205458	1.6381167889434	0.65309891167445	0.00128681623738183	99.7041381478043
564	1.09111603171189		1.68260128478056		0.995623111724854	1.0908741340116	1.67029954479655	0.653100898823793	0.00124902065084649	99.7128155326649
562	1.1151124732664		1.71895786422513		0.996170461177826	1.1148705755661	1.7074351519576	0.652950464495175	0.0013179481011738	99.6969912359093
560	1.14304999177049		1.76089334135249		0.99668163061142	1.14280809407019	1.75010761556791	0.652993041058993	0.00129480181855449	99.7023048567963
558	1.17282974995228		1.80571732188627		0.997178435325623	1.17258785225198	1.79567747885658	0.65300582429682	0.00128010983975043	99.7056777960994
556	1.20153368996209		1.84890427483871		0.997675478458405	1.20129179226179	1.8396590974206	0.652996956852568	0.00134063457068187	99.6917834477096
554	1.22996166348131		1.89134639380974		0.99818366765976	1.22971976578102	1.88296120053253	0.653077591526172	0.00133372902631133	99.6933686198356
552	1.25910317978333		1.93482086629227		0.998678505420685	1.25886128208303	1.92731167750563	0.653169540129741	0.00134151494668377	99.6915813586469
550	1.28651524662936		1.97557133365874		0.999059557914734	1.28627334892906	1.9687592001381	0.653342139982804	0.00137242287692442	99.6844867467432
548	1.31545746544682		2.0184416301183		0.999196529388428	1.31521556774652	2.01186496926529	0.653729543403114	0.00139107895870903	99.6802046707067
546	1.34291213452657		2.05894041901897		0.99907249212265	1.34267023682627	2.05207644832605	0.654298351273187	0.00140974630983149	99.6759201921608
544	1.37117675477495		2.10018039199872		0.998806416988373	1.37093485707466	2.09272068456261	0.655096911493083	0.00135997805036319	99.6873432737646
542	1.39613643729241		2.1363588073815		0.998482644557953	1.39589453959211	2.12816582947087	0.655914365441707	0.00140777024055977	99.6763737253723
540	1.41520571211855		2.16368959828792		0.99831360578537	1.41496381441826	2.15509024066314	0.65656824374225	0.00147500105374595	99.660944551692
538	1.43663143468919		2.19414005470921		0.998360693454742	1.43638953698889	2.18559242904993	0.65720832388374	0.00145089019706081	99.6664776117564
536	1.45634946439556		2.22195906826993		0.998661279678345	1.45610756669526	2.21403223843195	0.657672251297715	0.00145744051226415	99.6649743876827
534	1.47817558369311		2.2528057600412		0.999168038368225	1.47793368599281	2.24597675104671	0.658036057276212	0.00149914529583382	99.6554041380164
532	1.49741090466117		2.27944837468084		0.999805629253387	1.49716900696088	2.27404739381917	0.658371945558462	0.00151728802587072	99.6512411025539
530	1.516192965133		2.30533635065161		1.0004802942276	1.5159510674327	2.30148232202716	0.658684645510308	0.00154819525555892	99.6441495222231
528	1.53900718135043		2.33690287884579		1.00102841854095	1.53876528365013	2.33434220664213	0.659185820858544	0.00152111193982831	99.6503636884719
526	1.55555465076673		2.35926747104158		1.0014044046402	1.55531275306644	2.35761498630026	0.659697517238447	0.00156834545276375	99.6395263856927
524	1.57667030253783		2.38778416282217		1.00163662433624	1.57642840483753	2.38672506601646	0.660498533024858	0.00157653733221455	99.6376469529008
522	1.60047773042121		2.42066599374546		1.00181710720062	1.60023583272092	2.42009670588266	0.661228052924965	0.00159741735746976	99.6328566857881
520	1.62709546957267		2.45717719965426		1.0020604133606	1.62685357187237	2.45727089638777	0.662057070819448	0.00161630407346579	99.6285239193581
518	1.65837340035589		2.50076182838636		1.00242054462433	1.65813150265559	2.50184414413866	0.662763708339016	0.00162217550641962	99.6271770032247
516	1.69151379573128		2.54697649617044		1.00289297103882	1.69127189803098	2.54937159285326	0.663407367828285	0.00167363987579989	99.6153717736607
514	1.73124073771121		2.60234310971874		1.00349617004395	1.73099884001091	2.60646511999036	0.664117400511124	0.00166407548150833	99.617565610387
512	1.77585611106809		2.66483379306279		1.00418245792389	1.77561421336779	2.67099972129999	0.66477513988792	0.00168151263506514	99.6135659926399
510	1.82656103274048		2.73615165654735		1.00497353076935	1.82631913504019	2.74477644118378	0.66537992225426	0.00172264872065989	99.6041311085057
508	1.8862037803049		2.82036181978508		1.00580215454102	1.8859618826046	2.83173833605669	0.666008528609631	0.00172657141797101	99.6032314537575
506	1.95950245432842		2.92457694632178		1.00663805007935	1.95926055662812	2.93899863057278	0.666642214884693	0.00178647652483836	99.5894934695647
504	2.03924321450784		3.03752506598765		1.00742840766907	2.03900131680754	3.05509331720954	0.667410486390616	0.0017522547060376	99.597341296382
502	2.12816120975801		3.16282653277213		1.00814700126648	2.12791931205771	3.18359479784281	0.66840142894428	0.00177925500320676	99.591149474167
500	2.21917470304668		3.29133204495395		1.00866842269897	2.21893280534638	3.31486082999505	0.669389431154397	0.00186472136033484	99.5715525056718
498	2.33555922894882		3.45677156089445		1.00904226303101	2.33531733124852	3.48302487238709	0.670485401859335	0.00193056196512322	99.5564582445433
496	2.50633768285626		3.70160713608801		1.00876116752625	2.50609578515597	3.7290352040453	0.672049376856868	0.00187040482403987	99.5702494552639
494	2.71844707898137		4.00529900499171		1.00816118717194	2.71820518128107	4.03298764280725	0.673992935765359	0.00190268759646975	99.5628482922941
492	2.89369911197251		4.25238418710987		1.00794267654419	2.89345721427221	4.28116122577539	0.675858035163849	0.00199173523034411	99.5424360430731
490	2.9738590310858		4.35724035612448		1.00791668891907	2.9736171333855	4.38673712796489	0.67786535792835	0.00200999217202369	99.53825155
488	3.01074327410248		4.39956622753739		1.00887954235077	3.01050137640218	4.43362944289416	0.679015108316541	0.00203901535055466	99.5315997963232
486	3.10406316630771		4.52492983055209		1.00954282283783	3.10382126860742	4.56310422586025	0.680199512213044	0.00201020872326306	99.5382019174874
484	3.3113115687999		4.81393104033479		1.01009511947632	3.31106967109961	4.8575193021429	0.68163798538874	0.00204927719711589	99.5292480143394
482	3.50564748110931		5.08080938155356		1.01073944568634	3.50540558340901	5.13036231561393	0.683266671583903	0.00209105669264784	99.5196736772541
480	3.59712737576331		5.19572522582094		1.01162850856781	3.59688547806301	5.25112721002787	0.684973974958021	0.00212273769008382	99.5124141617358
478	3.57248787390864		5.14321980610886		1.0127238035202	3.57224597620834	5.20363914184199	0.686489950366511	0.00212688109871039	99.5114647630085
476	3.65615151126965		5.24829284035698		1.01399922370911	3.65590961356935	5.31673655871488	0.687622862858758	0.00214125966515363	99.5081702046341
474	3.90700741602899		5.5935075362432		1.01552999019623	3.9067655183287	5.67533875534094	0.688375740505732	0.00220743029837137	99.4930099451502
472	4.36392876185948		6.23059367139284		1.01726651191711	4.36368686415918	6.33312978195363	0.689025334139462	0.00223701550043999	99.4862324688786
470	4.89339148191182		6.9701010463676		1.01911818981171	4.89314958421152	7.09830306960105	0.689340753167719	0.00231671276874049	99.4679774510696
468	5.33612048649041		7.5807556728338		1.02110064029694	5.33587858879012	7.7356509491402	0.689777579659691	0.00233746988405296	99.4632234902798
466	5.50271153074663		7.78668035462815		1.02326714992523	5.50246963304633	7.96277994805847	0.691023696364731	0.00242322577946752	99.4435853965951
464	5.34426489563756		7.52592800215444		1.02553856372833	5.34402299793726	7.71304386456807	0.692855258153848	0.00252435974098137	99.4204307095123
462	5.14153808248277		7.21551455612916		1.027627825737	5.14129618478247	7.40976764499098	0.693853900838308	0.00248866572961304	99.4286022612303
460	4.97055978970894		6.96329159815262		1.02919805049896	4.97031789200864	7.16150246141019	0.694032840006861	0.00250118737793529	99.4257355611119
458	4.8192295486144		6.74544247304654		1.03004312515259	4.81898765091411	6.94298877838015	0.694079711884312	0.00254805099557624	99.4150073606316
456	4.61980249618862		6.46908236672895		1.03006207942963	4.61956059848832	6.65844847358853	0.693789343990919	0.00255595736673108	99.4131975177148
454	4.43025465759054		6.21571896442103		1.02918720245361	4.43001275989025	6.39203478956027	0.693052041444693	0.00257604859362606	99.4085985946533
452	4.29308045647851		6.04246643093362		1.02735614776611	4.29283855877821	6.20267049281258	0.692095213465328	0.00260807683069337	99.4012677053701
450	4.13953186822487		5.84765358503237		1.02460694313049	4.13928997052458	5.98646555456278	0.69144137434645	0.00269366835102052	99.381679459011
448	3.89105848787007		5.51652542229299		1.02102768421173	3.89081659016977	5.62746201627489	0.691398107871246	0.00275647394776532	99.3673083936591
446	3.54343034716928		5.04244083434359		1.01675081253052	3.54318844946898	5.12186386343369	0.691777162365582	0.00280502110982336	99.3562013420802
444	3.27079422032899		4.67158566736842		1.0121191740036	3.27055232262869	4.7231824426922	0.692446747994873	0.00287695137764735	99.3397467780382
442	3.11813539525539		4.46575419846432		1.00782012939453	3.11789349755509	4.49567930836358	0.69353111814597	0.00303427619386005	99.3037670968856
440	3.06678723628088		4.39598358106733		1.0045450925827	3.06654533858058	4.41098230819471	0.695206900486443	0.00309665026386698	99.2895059547216
438	3.04433850590183		4.36219758999139		1.00285410881042	3.04409660820153	4.36967473672203	0.696641464550998	0.00313847182313645	99.2799450641225
436	3.01851155532144		4.31959460432178		1.00277864933014	3.01826965762114	4.32662457732679	0.697603779500087	0.00322108027734455	99.2610625243163
434	2.98801792751359		4.2672469263083		1.00421047210693	2.9877760298133	4.28023428456932	0.698040301341573	0.00334065564265891	99.2337364944624
432	2.96883562534415		4.22740734150655		1.00665414333344	2.96859372764385	4.25054523210155	0.69840304373755	0.00337828734280162	99.2251382446902
430	2.97346819612642		4.21967032981872		1.00962591171265	2.97322629842612	4.2552818834233	0.698714299047614	0.00347867553667221	99.2022047706062
428	2.9832363650327		4.21934924339422		1.01240730285645	2.9829944673324	4.26667957426401	0.69913721323846	0.00354932288829804	99.1860687077871
426	2.98059598418388		4.20543713651622		1.01423370838165	2.98035408648358	4.26026663234669	0.699569849420882	0.00362895788551541	99.1678829870316
424	2.95997832069204		4.17308797648923		1.01462960243225	2.95973642299175	4.22910716131828	0.69984900124147	0.0037308029722378	99.1446301530124
422	2.94055403610169		4.15031646534975		1.01337480545044	2.94031213840139	4.20080092984576	0.699940841640728	0.00371083383584088	99.1491889909501
420	3.41601870217058		4.83857220966993		1.01114857196808	3.41577680447028	4.88750120902585	0.698879991714844	0.00386621348722534	99.1137222477772
418	3.27554530185297		4.66201182219183		1.0079870223999	3.27530340415268	4.69424892166389	0.697726826763958	0.00393454503722478	99.098128999923
416	3.08259535877631		4.41415802435408		1.00422537326813	3.08235346107601	4.42782964988271	0.696131898650993	0.00402846339677127	99.0767008496403
414	2.90303229308756		4.18422703894472		1	2.90279039538726	4.179268152303	0.694569070373641	0.00409992654909703	99.0603991208426
412	2.75089947387123		3.99207895865782		0.995681941509247	2.75065757617093	3.96990345433548	0.692877700380088	0.00424411009892903	99.0275170329303
410	2.63580457931159		3.84844625171221		0.991583049297333	2.6355626816113	3.81113692139237	0.691542375929231	0.00430441365926301	99.0137676128528
408	2.5329162154649		3.7178591379762		0.988153755664825	2.53267431776461	3.66891632776505	0.690305826436606	0.00446548758852301	98.9770515593859
406	2.45158291256724		3.61361133321697		0.985654711723328	2.45134101486694	3.55688528693882	0.689181915387734	0.00461199048503004	98.9436687284564
404	2.38923478049215		3.53360550834135		0.98426741361618	2.38899288279185	3.47313188390577	0.687849745603462	0.0047475672337682	98.9127856114745
402	2.36007605013991		3.49771336493008		0.984128773212433	2.35983415243962	3.43732017985016	0.686533121433712	0.0048928552241532	98.8797010642009
400	2.37037774443469		3.51571074767066		0.985299050807953	2.37013584673439	3.45914047629408	0.685180571005205	0.00503907244047108	98.8464160889421
398	2.41213821545923		3.57624186315145		0.987817049026489	2.41189631775893	3.52777421109438	0.683687836419303	0.00518856789923192	98.8123964366139
396	2.46130797844635		3.64396543709959		0.991658091545105	2.46106608074605	3.60865029094719	0.681990739562651	0.00535118884320831	98.7754032033826
394	2.48875104718435		3.67644506343465		0.996615350246429	2.48850914948405	3.65905948200942	0.680095298182324	0.0055142659157206	98.7383201172005
392	2.49480018046096		3.674769460414		1.0025714635849	2.49455828276066	3.67924735802622	0.678007766267419	0.00569782624721841	98.6965958729388
390	2.49634920389227		3.66467409912622		1.0093150138855	2.49610730619197	3.69380551050576	0.675754935957687	0.00587675544385304	98.6559412803771
388	2.50505474584967		3.66457352295474		1.01699423789978	2.50481284814937	3.72180699806405	0.673009871133105	0.00602991311372756	98.6211555515499
386	2.52487903776264		3.67929886469278		1.02549052238464	2.52463714006235	3.76800082351037	0.670020325980272	0.0061906977065291	98.5846507647914
384	2.5536377778821		3.70743431624051		1.03449034690857	2.55339588018181	3.83017509158611	0.666652520870638	0.00638996069068159	98.5394285328304
382	2.58134804632607		3.73511820773145		1.04369103908539	2.58110614862577	3.8931338577822	0.662989314756352	0.00656561606152038	98.4995811927266
380	2.61162206231838		3.76739155721187		1.0526317358017	2.61138016461808	3.96045603285928	0.659363503331908	0.00673981096160683	98.460081072809
378	2.62962488207066		3.78365038771331		1.06117713451386	2.62938298437037	4.00986101931901	0.655729206499259	0.00691799322960991	98.4196931728141
376	2.63530970138388		3.78362694288919		1.06922745704651	2.63506780368359	4.04025563680436	0.652203236765433	0.00717852869861748	98.3606684046052
374	2.63155315110593		3.77135307086792		1.07646524906158	2.63131125340563	4.05439245358716	0.649002602369574	0.00738858676232169	98.3131051578083
372	2.63076509690986		3.76431565146244		1.08239138126373	2.63052319920956	4.06909536133747	0.646463885856176	0.00762201469536151	98.2602772735513
370	2.63235338303632		3.7620732686589		1.08660447597504	2.63211148533603	4.08249730425006	0.644730734444302	0.00789483454719476	98.1985704430524
368	2.6419497965722		3.77196633014281		1.08728444576263	2.6417078988719	4.09580860039081	0.644978356317685	0.00815383247778979	98.1400257335091
366	2.65613912757019		3.78967104198613		1.08414971828461	2.65589722986989	4.10319461700497	0.647275471376129	0.00845802527743329	98.0713096025605
364	2.67203958160821		3.81066309756631		1.07767069339752	2.67179768390792	4.10129589585298	0.651452065823756	0.00872991416481069	98.009931538862
362	2.69427347312093		3.8408516985199		1.06871128082275	2.69403157542064	4.09946192008113	0.657167118012239	0.00899387944439649	97.9503789556375
360	2.72650487435933		3.88607527255795		1.05907070636749	2.72626297665903	4.11037667232675	0.663263538598224	0.00931312713772117	97.8784025817918
358	2.76387135858502		3.93846127332519		1.04836678504944	2.76362946088472	4.12375325111164	0.67017333302853	0.00958419606199602	97.8173299315673
356	2.79692091655843		3.9854367101492		1.03684234619141	2.79667901885813	4.12712796548836	0.677633221514905	0.00992863102165561	97.739782661842
354	2.83372410732934		4.03776745701041		1.02479386329651	2.83348220962904	4.1327974747634	0.685608773943431	0.0102275870424248	97.6725245157101
352	2.87100110913351		4.09124487623032		1.01273274421692	2.87075921143322	4.13831562389121	0.69370233504178	0.0105448667494447	97.6011945907251
350	2.90128159729377		4.13551503230342		1.00126516819	2.90103969959347	4.13578199390422	0.701448892584124	0.0109123091129528	97.5186523337636
348	2.92966950733659		4.17779732461494		0.990810453891754	2.92942760963629	4.13449194674521	0.708533877286282	0.0112311017614437	97.4470953063843
346	2.94886866253331		4.20761535916376		0.981342911720276	2.94862676483301	4.12424713970485	0.714949096150438	0.0115873450728099	97.3671941257693
344	2.96580131139143		4.23572407487176		0.972720801830292	2.96555941369113	4.11535330625081	0.720608704284695	0.0120561294928051	97.2621511196204
342	2.97821458526761		4.25747198005829		0.964752793312073	2.97797268756731	4.10262388546981	0.725870265152589	0.0124425249553598	97.1756546476731
340	2.98840893825422		4.27696838378898		0.957048177719116	2.98816704055392	4.08851890444355	0.730867854690919	0.0128309278446225	97.0887863264414
338	2.99192623316204		4.28866103755086		0.950148642063141	2.99168433546174	4.07015378168928	0.735029803768268	0.0132780880664759	96.98887278269
336	2.9896094362963		4.29341646477795		0.944044172763824	2.989367538596	4.04849338678437	0.738390125164657	0.0137122658848894	96.8919584160349
334	2.97166761019612		4.2779663915975		0.938558220863342	2.97142571249582	4.01046632158701	0.740917757244743	0.0141342570290437	96.7978570817698
332	2.94344865034793		4.25143155039493		0.933434963226318	2.94320675264764	3.96380605473205	0.742520373602537	0.0146411606980359	96.6849416136969
330	2.90086327942435		4.20759313748416		0.928119659423828	2.90062138172405	3.90054746957481	0.743644681765722	0.0151154914637631	96.5794012275824
328	2.84097626794489		4.1437288970167		0.923022568225861	2.8407343702446	3.82017812427249	0.743613066677509	0.0156455747903104	96.4615919951287
326	2.76580338494449		4.0612241439284		0.918195605278015	2.76556148724419	3.72444493308253	0.742543261327072	0.0161782739274481	96.3433461785184
324	2.68212950100149		3.96924187134672		0.913534343242645	2.68188760330119	3.62150865286048	0.74054430359648	0.0167284968498533	96.2213627005856
322	2.60163147397939		3.88368530674718		0.908978700637817	2.6013895762791	3.52567970147704	0.737840585799463	0.0173660530608314	96.0802107338738
320	2.51887017059915		3.79338437449082		0.904343068599701	2.51862827289886	3.42603633084278	0.735143480594467	0.0179879380201956	95.9427278024761
318	2.4453616235296		3.71415995342067		0.899914681911469	2.4451197258293	3.33796449815606	0.732518194001171	0.0186624404641081	95.7938348743985
316	2.37146060575849		3.63284620374558		0.895963847637177	2.37121870805819	3.25045587942649	0.729503428447263	0.0193964897513101	95.6320598415911
314	2.31589371144927		3.57756538853679		0.892610192298889	2.31565181374897	3.18894497666482	0.726149817790464	0.0201755765896229	95.4606579615122
312	2.26843875070139		3.53320477592107		0.88999992609024	2.26819685300109	3.14013858068682	0.722323806647089	0.0209289254238372	95.2952106887273
310	2.22034354825685		3.48867962961461		0.888025283813477	2.22010165055656	3.0936321015054	0.717635962426245	0.021795113536189	95.1053364872918
308	2.16737687366381		3.43654820892448		0.887133359909058	2.16713497596351	3.04427736530476	0.711871723865267	0.022646545399031	94.9190656668785
306	2.10876668346832		3.3763657653173		0.887335538864136	2.10852478576802	2.99156913941986	0.704822348239933	0.02358662931566	94.7138238697374
304	2.0490915421052		3.31532333147918		0.888603985309601	2.04884964440491	2.94160303850978	0.696507862407858	0.0246014839813001	94.4927560217716
302	1.97969140810517		3.24144460130564		0.891015827655792	1.97944951040487	2.88375999774742	0.686412708391499	0.0257170433043713	94.2503467568914
300	1.90855203827224		3.16380986284632		0.894482612609863	1.90831014057194	2.82553727404071	0.675379566960349	0.0269010506817719	93.9937440788244
298	1.83088809571148		3.07504694816194		0.900495111942291	1.83064619801118	2.76459929263134	0.6621741540955	0.0280763173569334	93.7397266246824
296	1.74550984654091		2.97468488557468		0.909423410892487	1.74526794884062	2.70073834736572	0.646218820324797	0.029511575820897	93.4304464682122
294	1.65411063548034		2.86381701248253		0.92107892036438	1.65386873778005	2.6332339560244	0.62807512184638	0.0310739388621341	93.094936735966
292	1.56177348985321		2.74846468872471		0.934718489646912	1.56153159215291	2.56440559966055	0.608925355786	0.0326931282804103	92.7484951136611
290	1.4602694643799		2.61600071708604		0.948803901672363	1.4600275666796	2.47736667615532	0.589346575431234	0.0344424493777154	92.3756592103417
288	1.35716415473329		2.47795481675874		0.962523102760315	1.35692225703299	2.38031571576987	0.570059781584109	0.0363065501203711	91.9800094547264
286	1.24524773916486		2.32180436572253		0.97529125213623	1.24500584146456	2.25959912829889	0.550985272507982	0.0381472255104631	91.5909944688939
284	1.13585575229728		2.16562780140517		0.986907541751862	1.13561385459698	2.13238044720887	0.532556869053748	0.0401513657834036	91.1693029236885
282	1.03329928664262		2.01742376391143		0.996903836727142	1.03305738894233	2.0062339574288	0.514923688295208	0.0421873774161007	90.7428933274544
280	0.93587139182929		1.87375213362614		1.00535523891449	0.935629494128993	1.87880108130381	0.497992844181091	0.0441738477989147	90.3287815815676
278	0.844592722150076		1.73632626259323		1.00982344150543	0.844350824449779	1.74837536209359	0.482934524677076	0.0461877560593207	89.9108790912642
276	0.761903108222675		1.60951351407651		1.01022160053253	0.761661210522378	1.62095574386906	0.469884025768876	0.0480911262139895	89.5176914574621
274	0.683937543043488		1.48848743912066		1.00653350353241	0.683695645343191	1.49322119151699	0.457866288817272	0.0501891295400833	89.0862894561617
272	0.622285656998333		1.39258852226752		0.99854451417923	0.622043759298036	1.38560996036667	0.448931356652073	0.0521851118914869	88.6777954889295
270	0.572339407808259		1.31494618493128		0.988452672958374	0.572097510107963	1.29486044653584	0.441821751246247	0.0540438979140319	88.2990644376736
268	0.531373884595485		1.25272013323901		0.972882628440857	0.531131986895188	1.21392524125621	0.437532698756271	0.0559143808018478	87.9195829238424
266	0.497500953517455		1.20133761330272		0.953488886356354	0.497259055817158	1.14073381974443	0.435911557289117	0.0576978101316696	87.5592816454578
264	0.469614506790505		1.16036920800988		0.931065678596497	0.469372609090208	1.07576289492204	0.436316042601768	0.0594462761139388	87.2074773594934
262	0.444322851312952		1.12263590982081		0.906938552856445	0.444080953612656	1.01366438196295	0.438094660831131	0.0610166529916269	86.8927109698053
260	0.417383123637395		1.079744692646		0.883175373077393	0.417141225937098	0.949224355196123	0.439454828201191	0.0627308430694162	86.5504154620536
258	0.391864175375106		1.03739012341827		0.859192788600922	0.391622277674809	0.887057473364747	0.441484672001381	0.064242060983862	86.2497686874674
256	0.364307048715199		0.988481682451589		0.834685504436493	0.364065151014902	0.820932220945355	0.443477721699921	0.0659041358470238	85.9203157101424
254	0.33521755267665		0.933096904840865		0.80953711271286	0.334975654976353	0.751362171451976	0.445824487449277	0.0674752313961144	85.6100535297821
252	0.305866099546862		0.874512844711186		0.784095585346222	0.305624201846565	0.681813419742606	0.448251960135872	0.0690603577361733	85.2981559405846
250	0.277713675648123		0.816016987400978		0.758817315101624	0.277471777947827	0.615444930409566	0.450847450742952	0.0707856496932406	84.959969984734
248	0.250747550572769		0.757897198204502		0.735633492469788	0.250505652872472	0.553886639749238	0.452268812596534	0.0725408863361472	84.6172902728646
246	0.223622109091802		0.696758043785716		0.715051770210266	0.223380211391505	0.494672211945788	0.451572184564079	0.0745574193809606	84.2253027268205
244	0.198457559631807		0.638168690687308		0.697206974029541	0.198215661931511	0.441478291404467	0.448981673143952	0.0764634607310754	83.8564628101025
242	0.174055442724919		0.578806629156929		0.681808710098267	0.173813545024622	0.391254389117101	0.444246888621102	0.0789689217083057	83.3740845322638
240	0.150877695014798		0.519402779601815		0.667849898338318	0.150635797314501	0.343571301614171	0.438441152118301	0.0814380053562774	82.9014247905283
