Wavelength	I1	I1 dark	R1	R1dark	XCorrect	I1c	R1c	I1c/R1c	Abs	Percent T
nm	uA	uA	uA	uA		uA	uA	uA/uA	OD	T*100
	Abs Detector Raw	Dark Offset for Abs Detector	Ref Detector Raw	Dark Offset for Ref Detector	Linear interp	Dark subtracted Abs Detector	Corrected Ref Detector	Corrected Intensity 	-Log(T)	% Transmittance
800	0.142565748407997	2.43287526112222E-4	0.209447349932133	0.00495847115442704	1.35067892074585	0.142322460881884	0.276198818092	0.51528989828797	4.6877665970572E-4	99.8921184192055
798	0.145323047972785		0.21366895178294		1.34199333190918	0.145079760446672	0.280088073303024	0.517979072567336	4.08828489349523E-4	99.9059080557402
796	0.157595482082072		0.231568590841055		1.33337259292603	0.157352194555959	0.302155722869836	0.520765230131829	4.15669886849145E-4	99.9043342603673
794	0.166399748633195		0.244068131654146		1.32502686977386	0.166156461107083	0.316826724984635	0.524439537463707	4.452039450601E-4	99.8975405288737
792	0.160594689147114		0.235451626409035		1.31713449954987	0.160351401621001	0.303590486695948	0.528183222623826	4.7679033922989E-4	99.8902752089602
790	0.15125285843493		0.222140450925115		1.30966234207153	0.151009570908818	0.284435060282211	0.530910538099589	4.68090358096384E-4	99.8922762756339
788	0.149545296872539		0.219980303533844		1.30193436145782	0.149302009346427	0.279944312038387	0.533327533105777	4.31194863134685E-4	99.9007629861221
786	0.153172665250989		0.225349059310731		1.29363858699799	0.152929377724877	0.285105769050176	0.536395241086695	5.37899310505571E-4	99.8762207763648
784	0.157290557538002		0.23135976813376		1.28498160839081	0.15704727001189	0.290921502734268	0.53982695859831	5.21396830151857E-4	99.880015981588
782	0.163171702915503		0.239987199968793		1.27644824981689	0.162928415389391	0.300002009551787	0.543091080065801	6.64850729071227E-4	99.847029581416
780	0.173032429347049		0.254299156469833		1.268270611763	0.172789141820936	0.316231463502375	0.546400854321185	6.146279858126E-4	99.8585767732432
778	0.186549181841256		0.27399999966809		1.26044166088104	0.186305894315144	0.339111151045735	0.549394774370063	5.33454507006652E-4	99.8772429686003
776	0.202908580045541		0.297637234223298		1.25292003154755	0.202665292519428	0.366703085057547	0.552668632410398	6.80990939416051E-4	99.843318914619
774	0.227967400288428		0.333825916940023		1.24577045440674	0.227724112762316	0.409693347375906	0.555840396776988	4.98343639388365E-4	99.8853179466622
772	0.288921709432074		0.422497866964126		1.23883104324341	0.288678421905961	0.517260765306151	0.558090698673234	3.40191886817294E-4	99.9216985948278
770	0.387353445717837		0.565257153808238		1.23221707344055	0.387110158191725	0.690409602992276	0.560696369972212	3.63808728115991E-4	99.9162650219094
768	0.44575255467638		0.647517993933642		1.22665858268738	0.445509267150268	0.78820115350463	0.565222805332587	2.7782144987959E-4	99.9360497040231
766	0.407489288532886		0.590325115133853		1.22236526012421	0.407246001006774	0.715531850035945	0.569151465425775	3.42803269446554E-4	99.9210977743837
764	0.344345370328165		0.499172700642123		1.2186872959137	0.344102082802053	0.602292602936431	0.571320453089428	3.45998220410733E-4	99.920362692897
762	0.321844482051375		0.467897915000489		1.214359998703	0.321601194525263	0.562175142428473	0.572065839012405	2.46978511011096E-4	99.9431472635218
760	0.331013316853606		0.48120649649028		1.20898902416229	0.330770029327493	0.575778635410011	0.574474301381385	2.13191131456065E-4	99.9509229745888
758	0.350605542727467		0.50946328318157		1.2031888961792	0.350362255201355	0.607014587900033	0.577189184881756	3.64551415188716E-4	99.9160941552324
756	0.376475456564526		0.546405918226826		1.19780671596527	0.376232169038414	0.64854938844557	0.580113366447171	3.03694190396155E-4	99.9300962724843
754	0.40135718345485		0.58163343212415		1.1931779384613	0.401113895928737	0.688075841092106	0.582950122608714	3.01643556793386E-4	99.9305681193662
752	0.42410886579802		0.613912563464895		1.18890511989594	0.423865578271908	0.723988638129497	0.585458881463956	3.58089096234297E-4	99.9175809217008
750	0.45541097382724		0.658439198113636		1.1848680973053	0.455167686301128	0.77428846557784	0.587852856572573	3.81445197416816E-4	99.9122075575983
748	0.50134601942006		0.723749979713018		1.18107759952545	0.501102731893948	0.848948549487659	0.590262781173681	2.34323387034389E-4	99.9460595992752
746	0.558086535245582		0.804185586691418		1.17750906944275	0.55784324771947	0.941097177089375	0.592758390206596	2.28336931311693E-4	99.9474372976092
744	0.607213879104455		0.872875939200148		1.174187541008	0.606970591578343	1.01909787760249	0.595595972593221	2.22113447557792E-4	99.9488695647345
742	0.659985028795935		0.946461805605332		1.17108881473541	0.659741741269823	1.10258402401155	0.598359605165939	3.09829850096451E-4	99.9286844821923
740	0.741002798857947		1.06021428775578		1.16803753376007	0.740759511331834	1.23257840150901	0.600983686250661	1.77253953401362E-4	99.9591940967967
738	0.854353374882071		1.21907061036321		1.16498303413391	0.854110087355959	1.41442004371426	0.603858868623687	1.77167561677038E-4	99.959213981111
736	0.945259647101835		1.34457539135586		1.16204738616943	0.945016359575723	1.55669834058842	0.6070645384118	1.6258758189962E-4	99.9625698325969
734	0.98514202273593		1.39827740041862		1.15931880474091	0.984898735209818	1.61530083569744	0.609730839880713	2.81113993496619E-4	99.9352920555404
732	0.990229367991481		1.40475253344939		1.15665113925934	0.989986080465369	1.61907339688192	0.611452255575272	2.64749520747107E-4	99.9390577473538
730	0.987607618124027		1.40250985401499		1.15388596057892	0.987364330597915	1.61261491987045	0.612275328990031	3.38095406469802E-4	99.9221809504454
728	0.988760264603797		1.40694002611643		1.15089321136475	0.988516977077684	1.61353105406436	0.612642052712707	3.41520112064586E-4	99.9213929996029
726	0.998095495279385		1.424102899583		1.1476241350174	0.997852207753273	1.6286443971401	0.612688816236068	3.37463830524615E-4	99.9223262631178
724	1.01302776420165		1.44923508820328		1.14410185813904	1.01278447667554	1.65239956123236	0.612917420481645	3.8666775395785E-4	99.9110060824761
722	1.0178138683085		1.45886397610426		1.14027833938599	1.01757058078239	1.65785695480834	0.613786718951292	4.23396272773398E-4	99.902556912029
720	0.997942090433807		1.43202158241269		1.13600122928619	0.997698802907695	1.62114544865837	0.615428309491523	4.70880985699133E-4	99.8916344041401
718	0.939323692840886		1.34825918650715		1.13137769699097	0.939080405314774	1.51978046970209	0.6179052988481	4.72224402545801E-4	99.8913254066683
716	0.833027707242675		1.19529074320969		1.12621939182281	0.832784419716562	1.34057528750115	0.621214211153245	5.42315261593105E-4	99.8752052298133
714	0.703165768979839		1.00896274926428		1.12039887905121	0.702922481453727	1.1248852677569	0.624883711789918	5.42027186245925E-4	99.8752714788567
712	0.576792664626403		0.828974804426838		1.11375534534454	0.57654937710029	0.917752595833358	0.628218737509273	3.62263074953588E-4	99.9166206243226
710	0.475252445000399		0.686156455693313		1.10628998279572	0.475009157474287	0.753602506596	0.630317910724434	1.99030513542605E-4	99.9541820302856
708	0.400643422166198		0.582638165701678		1.09837675094604	0.400400134640085	0.634509945984313	0.631038389822158	7.53214115435037E-5	99.9826581079396
706	0.346083719625419		0.508443059796975		1.09038031101227	0.345840432099306	0.548989682353945	0.629957981389413	2.3888886287592E-4	99.9450089321791
704	0.306189879452795		0.455139777234086		1.0826700925827	0.305946591926683	0.487397836332266	0.627714300557778	1.47534595115538E-4	99.9660346735821
702	0.283444610378642		0.426431948369304		1.07555782794952	0.283201322852529	0.453319097691566	0.624728418226087	1.84852706312643E-4	99.957445148551
700	0.271470328505102		0.412844102049087		1.0694442987442	0.27122704097899	0.436210962499976	0.62177951563747	3.08071945312074E-4	99.9290889668805
698	0.275767407345353		0.422031394798021		1.0649927854538	0.275524119819241	0.444179654688549	0.620298829338398	3.11928533276339E-4	99.9282015883235
696	0.295400858194636		0.453063747884471		1.06259047985077	0.295157570668524	0.476152401024239	0.619880462712397	3.88349127032315E-4	99.9106192773076
694	0.322561230705738		0.494072676553615		1.06203079223633	0.322317943179626	0.519454347054142	0.620493302265177	3.28699021949587E-4	99.9243428876345
692	0.348470716381017		0.532611845711144		1.06277585029602	0.348227428854905	0.560777263806079	0.620972802091571	4.28138288318716E-4	99.9014660925246
690	0.365942950808272		0.55834612112101		1.06392598152161	0.36569966328216	0.588763498652632	0.621131683806915	3.42609741400699E-4	99.921142300713
688	0.377815859696377		0.576155377031293		1.06461536884308	0.377572572170265	0.608105004632125	0.620900287440783	3.99418212997307E-4	99.9080728366176
686	0.384998408800978		0.586969606724409		1.0645604133606	0.384755121274866	0.61958601506285	0.620987420505023	4.6332570380881E-4	99.8933722019999
684	0.383019333796679		0.583916843064733		1.06376242637634	0.382776046270566	0.615874162474204	0.621516649980586	4.28229788474426E-4	99.9014450445971
682	0.377794367081717		0.576422708268018		1.06245732307434	0.377551079555605	0.607156363596426	0.621835003621178	4.1975619387028E-4	99.903394257952
680	0.378177007766223		0.577406229992603		1.06094348430634	0.377933720240111	0.607334719845128	0.622282421687476	3.42127163460135E-4	99.921253330827
678	0.385261025377077		0.588663226712759		1.05921316146851	0.385017737850965	0.618267759499142	0.622736236744524	3.51306006582194E-4	99.9191415107256
676	0.393928553723791		0.602229832188335		1.05730748176575	0.393685266197679	0.631499478665561	0.623413446088009	3.87088165734407E-4	99.9109093652831
674	0.400051657642195		0.611998406978403		1.05524814128876	0.399808370116083	0.640577763966297	0.624137134640093	4.30644710675675E-4	99.9008895377766
672	0.407025034079175		0.623023105725855		1.05312037467957	0.406781746553062	0.65089645953605	0.624956151771067	3.35912032975126E-4	99.9226833008065
670	0.413166580075142		0.632946595676437		1.0509113073349	0.41292329254903	0.659959820932217	0.625679442069308	4.10223946257725E-4	99.9055870427608
668	0.417559792337861		0.639964270819294		1.0485315322876	0.417316504811749	0.665823604134114	0.62676736333861	4.14508387376219E-4	99.9046014500084
666	0.420518730924671		0.644871877611207		1.04595601558685	0.420275443398558	0.669321276938144	0.627912869169701	3.90750675548511E-4	99.9100667961086
664	0.424251211683682		0.651021843712122		1.04322910308838	0.42400792415757	0.673992112691617	0.629099237473678	3.83682736260956E-4	99.9116927988832
662	0.429200249139493		0.659024164847138		1.04042720794678	0.42895696161338	0.680507743502479	0.6303483916371	3.79351498924901E-4	99.9126892274128
660	0.435497298064526		0.669068434826534		1.03775990009308	0.435254010538414	0.689186689551184	0.631547325474121	3.84266663457992E-4	99.9115584635003
658	0.444708900505746		0.683534675003105		1.03528940677643	0.444465612979634	0.702522755535099	0.632670770416671	4.30351809085174E-4	99.9009569140398
656	0.456691044622907		0.70223368158122		1.03309750556946	0.456447757096794	0.720353280587339	0.633644309531888	4.17144722844973E-4	99.9039949922802
654	0.474429091732205		0.72985292402457		1.03115320205688	0.474185804206092	0.747477236230321	0.63438159882635	4.13315533008191E-4	99.9048758532276
652	0.49067955614481		0.755062456699716		1.02945709228516	0.490436268618698	0.77219986787096	0.635115711649737	4.76300003476636E-4	99.8903879891198
650	0.501822639901554		0.772333648647305		1.02793705463409	0.501579352375442	0.788813379751345	0.635865675267264	4.30826981513678E-4	99.90084760997
648	0.504554929929699		0.776655911508453		1.02666783332825	0.504311642403587	0.792276939073222	0.636534546863768	4.44571903086528E-4	99.8976859129098
646	0.50525969646741		0.778114410037781		1.02560043334961	0.505016408941298	0.792949065965592	0.63688379319336	3.69374833926035E-4	99.9149844600728
644	0.509860691627248		0.785594983128007		1.02465677261353	0.509617404101136	0.799884488943128	0.637113747229282	3.89382705323186E-4	99.9103815001114
642	0.518527569644375		0.799343010111647		1.02378344535828	0.518284282118262	0.813277740232969	0.637278332454785	4.42159880515814E-4	99.8982407349311
640	0.530936425490787		0.81884337227738		1.02288675308228	0.530693137964675	0.832512083892346	0.637459981942196	4.48580787032493E-4	99.896763781965
638	0.545697836869792		0.841766440423088		1.02184903621674	0.54545454934368	0.855091416895665	0.637890333788994	4.16189956371197E-4	99.9042146245662
636	0.560575367327922		0.865088510337222		1.02063095569611	0.56033207980181	0.877875343914065	0.638282056429028	4.92208530820021E-4	99.8867289975136
634	0.575271655110996		0.887859350700336		1.01923584938049	0.575028367584884	0.899884227882759	0.639002606966238	4.34626082955253E-4	99.8999737057185
632	0.588179928680022		0.907996761508543		1.0177036523819	0.58793664115391	0.919025366334087	0.63973929631468	3.8366939779261E-4	99.9116958674669
630	0.601136228371904		0.928221617384759		1.01619136333466	0.600892940845792	0.938212035284445	0.640466033526861	4.10950551491713E-4	99.9054198938221
628	0.616463869301869		0.95223369645141		1.01451146602631	0.616220581775756	0.961021577546441	0.641214095680362	4.46686689803327E-4	99.8971994646733
626	0.632957362888308		0.977876648924629		1.01275491714478	0.632714075362195	0.985327668516307	0.64213570325791	3.95497736955518E-4	99.9089747338099
624	0.648986013336956		1.0028595092374		1.01092803478241	0.648742725810843	1.00880613533655	0.643079679124292	4.17344629126714E-4	99.9039490063596
622	0.660785100509047		1.0213343022544		1.0092089176178	0.660541812982935	1.02573555239729	0.643968917172807	4.81180101941784E-4	99.8892655429212
620	0.670601831121677		1.03673875928513		1.00772297382355	0.670358543595565	1.03974870028759	0.644731311912337	5.14247922247287E-4	99.8816601169441
618	0.679840654326948		1.05106206428161		1.0068142414093	0.679597366800836	1.05323199554989	0.64524945090186	4.55520047057568E-4	99.8951676205806
616	0.687867549741651		1.06373222750002		1.00664889812469	0.687624262215539	1.06581343518864	0.645163815273013	4.74466120202149E-4	99.8908097943838
614	0.694820577362794		1.07471388944345		1.00700271129608	0.694577289836682	1.07724660664072	0.644770923904462	4.80828875880261E-4	99.8893463261892
612	0.701392880803329		1.08516920800519		1.00780045986176	0.701149593277217	1.0886368773458	0.644061952950451	5.13224101946817E-4	99.8818955815794
610	0.710284828094459		1.09899592547923		1.00835275650024	0.710041540568347	1.10317568278293	0.643634147896696	4.51562399823432E-4	99.8960779513624
608	0.721278838670646		1.11620166179964		1.0085117816925	0.721035551144534	1.12070185009127	0.643378567712556	4.85003676901974E-4	99.88838611104
606	0.733797999387224		1.135794529153		1.00798010826111	0.733554711861112	1.13986025216696	0.643547935342572	5.10255885816926E-4	99.8825782337406
604	0.747639431827033		1.1571507546536		1.00688087940216	0.747396144300921	1.16012037965003	0.64424016456498	4.78500256071891E-4	99.889881918843
602	0.76254020813468		1.18025807481273		1.00539457798004	0.762296920608568	1.18163984902015	0.645117817616499	5.27821486775143E-4	99.8785384356219
600	0.779084096923555		1.20560006598344		1.00393652915955	0.778840809397442	1.20536795547722	0.646143616028923	5.31982577900505E-4	99.8775814773224
598	0.796899811574046		1.23301432277087		1.00287997722626	0.796656524047934	1.23159262450167	0.646850677893819	5.37578890347026E-4	99.8762944645364
596	0.816871115510358		1.26366386030709		1.00218975543976	0.816627827984246	1.26146164612562	0.647366355126524	5.57046472652168E-4	99.8718175335921
594	0.836895797437179		1.29431733613676		1.00178515911102	0.836652509911067	1.29166057570753	0.647734029857476	5.74607463744685E-4	99.8677792307523
592	0.855595757689607		1.32291617391311		1.00154709815979	0.855352470163494	1.3199967126953	0.64799590933598	5.84864696849969E-4	99.865420566212
590	0.873699922656328		1.35067443307953		1.00122630596161	0.873456635130216	1.34736622143185	0.648269654706048	5.75810488345805E-4	99.8675025907445
588	0.890546503094384		1.37640693541812		1.00070452690125	0.890303215568272	1.37241468660044	0.648712975939956	6.0357847174143E-4	99.8611174520492
586	0.907013378333761		1.40159402882333		0.999973237514496	0.906770090807649	1.39659818023004	0.649270565896262	5.98844475527821E-4	99.8622059870138
584	0.920747714521557		1.42250218791948		0.999053955078125	0.920504426995445	1.41620265673027	0.649980723183154	6.12439719396861E-4	99.8590799288887
582	0.93468049766901		1.44361718783511		0.998229086399078	0.934437210142897	1.43611097639222	0.65067200620552	6.06241688239355E-4	99.8605050773331
580	0.948360529047452		1.46438705225407		0.997582137584686	0.94811724152134	1.45589988358556	0.651224203127439	5.98602293619796E-4	99.8622616746344
578	0.963313470271883		1.48704522843306		0.997147619724274	0.963070182745771	1.47785928224526	0.651665685844334	6.29902702426633E-4	99.8550646755723
576	0.978943425958941		1.51086455573046		0.996688485145569	0.978700138432828	1.50091925420758	0.652067148641875	6.32380506080897E-4	99.854494968729
574	0.994073055415087		1.53386241086318		0.996220171451569	0.993829767888975	1.52312494494963	0.652493921253349	6.7835085431482E-4	99.8439258660562
572	1.01349414695125		1.56327408677104		0.9957315325737	1.01325085942514	1.55166399617146	0.653009196530442	6.86161454271218E-4	99.8421302320267
570	1.03276054366382		1.59229045750471		0.995352268218994	1.03251725613771	1.57995449303031	0.653510756602467	6.22305347123168E-4	99.8568115111238
568	1.04995875404432		1.61831261926596		0.995181918144226	1.04971546651821	1.60558087576358	0.653791710130442	6.93706720740764E-4	99.8403956280544
566	1.07074474151009		1.6496108613284		0.995282471179962	1.07050145398398	1.63689369512439	0.653983491519669	6.98990705812266E-4	99.839180894797
564	1.09078713675471		1.67988509338517		0.995623111724854	1.0905438492286	1.66759565553617	0.653961795599645	6.76924492181786E-4	99.8442537860157
562	1.11616464672411		1.71810172409184		0.996170461177826	1.115921359198	1.70658270434234	0.653892340733662	6.91932910668429E-4	99.8408034118703
560	1.14409600861201		1.76019144926545		0.99668163061142	1.1438527210859	1.74940846672663	0.653851140452175	7.24469272082058E-4	99.8333238446216
558	1.17272914600981		1.80323355114424		0.997178435325623	1.17248585848369	1.7932011305493	0.653850724555662	7.18555365206422E-4	99.8346833115841
556	1.20135962135927		1.84613345819939		0.997675478458405	1.20111633383316	1.83689513612573	0.653883997083516	7.51083188016618E-4	99.8272061655111
554	1.23018557949604		1.88930225197221		0.99818366765976	1.22994229196993	1.88092118626855	0.653904215098955	7.84374624713487E-4	99.819554067967
552	1.25951348404194		1.93297290609458		0.998678505420685	1.25927019651583	1.92546657431554	0.654007819877876	7.84497467722619E-4	99.8195258333631
550	1.28540075993948		1.97127212713295		0.999059557914734	1.28515747241336	1.96446445186361	0.65420245766941	8.00922251148759E-4	99.8157507840372
548	1.31679480430866		2.01796549120419		0.999196529388428	1.31655151678255	2.01138962806826	0.654548227956691	8.47539599970924E-4	99.805037095193
546	1.34457044628752		2.05873015046513		0.99907249212265	1.34432715876141	2.05186678989986	0.655172726308911	8.2976204585315E-4	99.8091226312458
544	1.37337429260797		2.1008493995644		0.998806416988373	1.37313100508186	2.0933893086036	0.655936762186774	8.0355821293451E-4	99.8151449515499
542	1.39591787772297		2.13337047487391		0.998482644557953	1.39567459019686	2.12518244618272	0.65673165741783	8.66961164815673E-4	99.8005739331234
540	1.41822318647173		2.16537953968741		0.99831360578537	1.41797989894562	2.15677774694185	0.657452953117775	8.90193961052676E-4	99.7952351952907
538	1.43801404576765		2.19343596535656		0.998360693454742	1.43777075824154	2.18488990872173	0.658051809613924	8.93857806169866E-4	99.7943932947874
536	1.4599855483654		2.22459846034922		0.998661279678345	1.45974226083929	2.2166685120345	0.658529795011844	8.9152959185704E-4	99.7949282851391
534	1.47914818866969		2.25129476151208		0.999168038368225	1.47890490114358	2.24446742475201	0.658911278833544	9.21895259586418E-4	99.7879509142026
532	1.50087738413951		2.28167737125396		0.999805629253387	1.5006340966134	2.27627637254709	0.659249515881161	9.38784994251806E-4	99.7840702311364
530	1.51961486453339		2.30730359429609		1.0004802942276	1.51937157700728	2.30345092621426	0.65960666221111	9.40701557728666E-4	99.7836298799679
528	1.53904259150654		2.33404679731423		1.00102841854095	1.53879930398043	2.33148360377795	0.660008632051689	9.79353435034983E-4	99.7747496082677
526	1.55697863879815		2.35816390171005		1.0014044046402	1.55673535127204	2.35651028318164	0.660610463863631	9.67746576661102E-4	99.7774162018156
524	1.57964733987945		2.38925361594129		1.00163662433624	1.57940405235333	2.38819734024561	0.661337329933925	0.0010253570712603	99.764181299477
522	1.60249680267877		2.42044850351196		1.00181710720062	1.60225351515266	2.41987923668836	0.662121270706618	0.00101114794894417	99.7674454087482
520	1.62867523152924		2.45642750239163		1.0020604133606	1.62843194400313	2.45652007078225	0.662901949538957	0.0010624360521082	99.7556640458299
518	1.65883350411382		2.49809608865091		1.00242054462433	1.6585902165877	2.49917236835423	0.663655791649109	0.00103800599234219	99.7612756883488
516	1.69519518731813		2.54890181842837		1.00289297103882	1.69495189979202	2.551302901702	0.664347576550513	0.00105857528141895	99.756550852989
514	1.73365914956678		2.60248767514785		1.00349617004395	1.73341586204067	2.6066106077847	0.665007599088175	0.00108232675548711	99.751095337341
512	1.7767273586232		2.6627264859423		1.00418245792389	1.77648407109709	2.66888401768118	0.665628052522328	0.00112466595350428	99.7413711163512
510	1.82717858156614		2.73338741583574		1.00497353076935	1.82693529404003	2.74199886998966	0.666278645857691	0.00113644626556871	99.7386656513021
508	1.89066856666401		2.82310984223503		1.00580215454102	1.8904252791379	2.83450272085559	0.666933661847844	0.00112372408104749	99.7415874298344
506	1.96230829049885		2.92477113821553		1.00663805007935	1.96206500297273	2.93919452976737	0.667551937478609	0.00119422754349096	99.7253966726667
504	2.04251877113537		3.03835049323044		1.00742840766907	2.04227548360926	3.05592529463609	0.668300199351718	0.0011736900651231	99.7301127275322
502	2.13129779788024		3.16330649614911		1.00814700126648	2.13105451035413	3.1840790903543	0.669284414702462	0.00120591276460273	99.7227134757066
500	2.223536245998		3.29315648586463		1.00866842269897	2.22329295847189	3.31670150501964	0.670332544278422	0.00125326778900538	99.7118404062227
498	2.33793513958385		3.45565495933642		1.00904226303101	2.33769185205774	3.4818985934683	0.671384243195084	0.00134874406344435	99.6899219406399
496	2.50899075413472		3.7004779466394		1.00876116752625	2.50874746660861	3.7278965407062	0.6729659579376	0.00127849162141504	99.7060493086635
494	2.72509675180636		4.00957236679104		1.00816118717194	2.72485346428025	4.03729629919024	0.674920358168107	0.00130550392694455	99.6998479715012
492	2.90078604065512		4.25681827400622		1.00794267654419	2.90054275312901	4.28563094997708	0.676806469568856	0.00138271518937975	99.6821243595381
490	2.97568844514099		4.35431398162446		1.00791668891907	2.97544515761487	4.38378800504485	0.678738377446797	0.00145102627519192	99.6664463831167
488	3.0154474220329		4.40054456249442		1.00887954235077	3.01520413450679	4.43461688419449	0.679924379770738	0.00145783916500272	99.6648829020701
486	3.1044738010717		4.51953275781974		1.00954282283783	3.10423051354559	4.55765606927119	0.681102405790348	0.00143411057680078	99.6703284503561
484	3.31090413227809		4.80685085969902		1.01009511947632	3.31066084475198	4.85036806591938	0.682558684157189	0.00146306486531807	99.6636836796569
482	3.50550411685207		5.0740470085337		1.01073944568634	3.50526082932596	5.12352773840571	0.68414986866387	0.0015300459686868	99.6483137658848
480	3.59513680936501		5.18575262332172		1.01162850856781	3.5948935218389	5.24103906135383	0.685912369618991	0.0015281739053155	99.6487433093583
478	3.57306370154305		5.13705205955148		1.0127238035202	3.57282041401694	5.19739333886311	0.687425442154138	0.00153546333568102	99.647070765705
476	3.65776683597022		5.24381493510144		1.01399922370911	3.65752354844411	5.3121963875657	0.688514369876329	0.00157855905177974	99.6371831226663
474	3.91285184715798		5.59435453819294		1.01552999019623	3.91260855963187	5.67619933316245	0.689300767993288	0.00162422460189945	99.6267069417227
472	4.36886347131241		6.22879664503283		1.01726651191711	4.3686201837863	6.33130214987787	0.690003427473537	0.00162095785055125	99.6274563339366
470	4.89710112545168		6.96504825830185		1.01911818981171	4.89685783792557	7.09315410480463	0.690363943257432	0.0016725663908747	99.6156180022833
468	5.34475702942466		7.58251294333459		1.02110064029694	5.34451374189854	7.73744572342807	0.690733600329626	0.00173596143714008	99.6010779238815
466	5.49984602294558		7.77155093574329		1.02326714992523	5.49960273541946	7.94729893587063	0.692009043550214	0.00180439600708675	99.5853843790327
464	5.33800567202976		7.50542237723637		1.02553856372833	5.33776238450364	7.69201498153948	0.693935515897207	0.00184776153937333	99.5754409932016
462	5.13134352197663		7.19012328181656		1.027627825737	5.13110023445052	7.38367529194273	0.694924956958727	0.00181879110916166	99.5820835818196
460	4.97028711881159		6.95288357573327		1.02919805049896	4.97004383128548	7.15079097264535	0.695034136824568	0.00187507248894911	99.5691793102788
458	4.81185914337042		6.72558278074308		1.03004312515259	4.8116158558443	6.92253286682515	0.695065801551193	0.00193148006218225	99.5562477827513
456	4.61766600205653		6.45664748884895		1.03006207942963	4.61742271453042	6.6456402053997	0.694804800112212	0.00192077239122396	99.5587024045094
454	4.43097458190407		6.207591347266		1.02918720245361	4.43073129437796	6.38367037761208	0.694072693652355	0.0019369370696082	99.5549968440614
452	4.29116678216975		6.03151873078205		1.02735614776611	4.29092349464364	6.19142373261139	0.69304309960931	0.00201367873747948	99.537406610132
450	4.13451834773709		5.83253432728028		1.02460694313049	4.13427506021098	5.97097468380618	0.692395342325518	0.00209489381373717	99.5187943951825
448	3.89358648102403		5.51222151117738		1.02102768421173	3.89334319349792	5.62306802809949	0.692387709706192	0.00213531034859326	99.5095333572516
446	3.54730241990771		5.04066243103038		1.01675081253052	3.5470591323816	5.12005609286702	0.692777396974843	0.00217753201009854	99.4998596133177
444	3.27267299473554		4.6674623104513		1.0121191740036	3.27242970720943	4.71900953461777	0.693456896665179	0.00224385964317649	99.4846646557045
442	3.12517473604757		4.46898141280689		1.00782012939453	3.12493144852146	4.49893217867635	0.694594033520386	0.00236918000782126	99.4559614224508
440	3.0714257347975		4.39588512403647		1.0045450925827	3.07118244727139	4.41088382104325	0.696273711091534	0.0024307264328806	99.4418679319295
438	3.04605009280905		4.35825646451886		1.00285410881042	3.04580680528294	4.3657227795217	0.697663814012633	0.00250159435281451	99.4256423898665
436	3.02208522229934		4.31826422102632		1.00277864933014	3.02184193477323	4.32529091400446	0.698644783635036	0.00257348435903205	99.4091855413694
434	2.98706992214629		4.2599343018258		1.00421047210693	2.98682663462018	4.27289128772209	0.699017698672244	0.00273298103417795	99.3726837572147
432	2.96912730747189		4.2218380812749		1.00665414333344	2.96888401994578	4.24493933146605	0.699393745851352	0.00276266633625205	99.3658915748522
430	2.97575544465244		4.21717364525838		1.00962591171265	2.97551215712632	4.25276158548455	0.699665875294371	0.00288761398638929	99.337307861833
428	2.98734756618815		4.21939764671434		1.01240730285645	2.98710427866204	4.26672899878115	0.700092337599914	0.00295641759425437	99.3215714799836
426	2.98790348903749		4.20953383083578		1.01423370838165	2.98766020151138	4.26442205921974	0.700601432039779	0.00298902086351266	99.3141155105274
424	2.96271240515377		4.17115273235633		1.01462960243225	2.96246911762766	4.22714402689882	0.70082048276009	0.00312836373117295	99.282255806108
422	2.94106076705669		4.1456557353879		1.01337480545044	2.94081747953058	4.19607828457177	0.700849050014974	0.00314768022805026	99.2778400402733
420	3.41735052589572		4.83363283957248		1.01114857196808	3.41710723836961	4.88250719212477	0.699867323059191	0.0032531039979756	99.253743547271
418	3.27259609776319		4.65111333590726		1.0079870223999	3.27235281023708	4.68326380773102	0.698733392903291	0.00330846748838728	99.2410915710845
416	3.08292686756404		4.4077692694968		1.00422537326813	3.08268358003793	4.42141431739431	0.697216627699949	0.00335226225027534	99.2310844882792
414	2.90478888243601		4.18037995644056		1	2.90454559490989	4.17542148528613	0.695629316739709	0.00343748982095097	99.2116129204043
412	2.75341181272838		3.98958566521075		0.995681941509247	2.75316852520227	3.96742134076854	0.693944073171957	0.0035762233967341	99.1799252425643
410	2.63528438888399		3.84166052908308		0.991583049297333	2.63504110135787	3.80440872584624	0.692628287664266	0.00362298674635784	99.1692464611827
408	2.53703149376877		3.71795437967504		0.988153755664825	2.53678820624266	3.66901085177277	0.691409294964867	0.00377181291240631	99.1352684789499
406	2.45245988033717		3.6091973439768		0.985654711723328	2.45221659281106	3.55253502717374	0.69027231935893	0.00392540514651281	99.1002145792649
404	2.38999568869224		3.52892787896551		0.98426741361618	2.38975240116612	3.46852825468875	0.688981673404464	0.00403347820027384	99.0755568164126
402	2.36367579377787		3.49745272284127		0.984128773212433	2.36343250625176	3.43706408336405	0.68763120178386	0.00419877471252432	99.0378549148706
400	2.37249078397703		3.51336759094174		0.985299050807953	2.37224749645091	3.45683217557241	0.686248963202299	0.00436241072654521	99.000545882064
398	2.41536430431352		3.57556711461899		0.987817049026489	2.41512101678741	3.52710809341564	0.684731216856078	0.0045262934987922	98.9631946750216
396	2.462435305102		3.63978783457722		0.991658091545105	2.46219201757589	3.60450794962395	0.683086860117137	0.00465373514425813	98.934158657743
394	2.49074316631701		3.67355801998916		0.996615350246429	2.4904998787909	3.65618262427582	0.681174912394918	0.00482539372888058	98.8950618179756
392	2.49825515603309		3.67399763912802		1.0025714635849	2.49801186850698	3.67847396858561	0.679089179328208	0.00500568435434949	98.8540155857246
390	2.49941280739565		3.66328676270598		1.0093150138855	2.49916951986954	3.69240567038506	0.67684045117635	0.00517967577733264	98.8144196280337
388	2.50902035130257		3.66447661621685		1.01699423789978	2.50877706377646	3.72170886701818	0.674092776576178	0.00533167388087485	98.7798417621535
386	2.52730774624903		3.6769829540575		1.02549052238464	2.52706445872292	3.76562630518147	0.671087424486519	0.00549957487832779	98.7416602307596
384	2.55421260209856		3.70205651108622		1.03449034690857	2.55396931457245	3.82461223388403	0.667772092539378	0.00566122126691987	98.7049149728954
382	2.58815659122074		3.73856733125283		1.04369103908539	2.58791330369462	3.89673411073451	0.664123655900869	0.00582319513651481	98.6681089882396
380	2.61497903496122		3.76586962850701		1.0526317358017	2.6147357474351	3.95885443976002	0.660477869854089	0.00600644503410243	98.6264849116086
378	2.6318340104798		3.78067291702208		1.06117713451386	2.63159072295369	4.00670183640841	0.656797243818033	0.00621119937219702	98.5799970058124
376	2.63582364425293		3.77796776078289		1.06922745704651	2.63558035672681	4.0342051281623	0.653308464244454	0.00644319356575392	98.5273509775326
374	2.63630621016897		3.77171697711646		1.07646524906158	2.63606292264285	4.05478463327526	0.650111697921072	0.00664704432092848	98.4811146961158
372	2.63566869308167		3.76479921103082		1.08239138126373	2.63542540555556	4.06961921176647	0.647585257592594	0.0068693297117101	98.4307219034183
370	2.64122064618448		3.76821564656405		1.08660447597504	2.64097735865837	4.08917209104527	0.645846469617103	0.00714391821610251	98.3685074308656
368	2.64844197672204		3.77467044878435		1.08728444576263	2.64819868919592	4.09874919828211	0.646099227126619	0.00739975210990427	98.3105776426628
366	2.66016779210487		3.78871727245869		1.08414971828461	2.65992450457876	4.10216103849092	0.64842030325491	0.00769056997383397	98.2447676843074
364	2.67593309721766		3.80974577090982		1.07767069339752	2.67568980969154	4.10030776755748	0.652558286200411	0.00799307105639442	98.1763606425072
362	2.69961474263084		3.84229789724459		1.06871128082275	2.69937145510473	4.10100793300847	0.658221466332177	0.00829766273571189	98.107528963084
360	2.73149550910501		3.88678778476213		1.05907070636749	2.7312522215789	4.11113171316055	0.66435531920216	0.00859883418257176	98.0395176367652
358	2.76562445183973		3.93467545302781		1.04836678504944	2.76538116431362	4.11978475844078	0.67124408833442	0.00889086494496008	97.97361550706
356	2.80339668801693		3.98747176873482		1.03684234619141	2.80315340049082	4.12923843120173	0.678854817224739	0.00914641635529977	97.9159819616829
354	2.83791240321104		4.03684292088129		1.02479386329651	2.83766911568493	4.13185044160071	0.686779242325527	0.00948679351055002	97.839270634036
352	2.87604417551961		4.09156331372904		1.01273274421692	2.8758008879935	4.13863853675074	0.694866406538441	0.00981670698200407	97.7649748793647
350	2.90580666807647		4.13482060603667		1.00126516819	2.90556338055036	4.13508710508439	0.702660743706646	0.0101626520028858	97.687129452406
348	2.93254332812589		4.17475804728333		0.990810453891754	2.93230004059977	4.13148101066193	0.709745496356517	0.0104890764395517	97.6137334344925
346	2.95465861124064		4.20870696316331		0.981342911720276	2.95441532371453	4.12531878528771	0.716166550389022	0.0108484337393864	97.5329962840288
344	2.97147918734531		4.23623952652985		0.972720801830292	2.97123589981919	4.11585510095411	0.72190002488922	0.0112785763988421	97.4364435185803
342	2.9830879690372		4.25677086922125		0.964752793312073	2.98284468151109	4.10194788767387	0.727177614926404	0.0116610297910548	97.3506756896182
340	2.9892464113954		4.27052071291631		0.957048177719116	2.98900312386929	4.08234857042568	0.732177341622158	0.0120535040143022	97.2627391088061
338	2.99128675318413		4.28003108641347		0.950148642063141	2.99104346565801	4.0619544401097	0.736355739523568	0.0124953608738844	97.163833054545
336	2.98693672390463		4.2817153320122		0.944044172763824	2.98669343637852	4.03744739282049	0.739747951066693	0.0129143749814736	97.0701330778466
334	2.97497408967509		4.27496569825011		0.938558220863342	2.97473080214898	4.00765038613654	0.74226305079887	0.0133464181841063	96.9736141505027
332	2.9474688187889		4.24948098155507		0.933434963226318	2.94722553126279	3.9619857134091	0.743875860351561	0.0138490696456882	96.8614420328729
330	2.89960053528877		4.19833528351725		0.928119659423828	2.89935724776266	3.89195545892596	0.74496156966883	0.0143470984810688	96.7504294730397
328	2.84121727380331		4.1366182280998		0.923022568225861	2.84097398627719	3.81361519989115	0.744955596557902	0.0148622001414512	96.6357451607561
326	2.76918081657162		4.05915848963978		0.918195605278015	2.76893752904551	3.7225486398913	0.743828435006389	0.0154272585822545	96.5100946215178
324	2.69031265526567		3.97396022582006		0.913534343242645	2.69006936773955	3.62581941127737	0.741920394427985	0.0159222330283083	96.4001627188481
322	2.60438411312855		3.88058899084159		0.908978700637817	2.60414082560244	3.5228655939375	0.739210950904259	0.0165602014582643	96.2586570955746
320	2.52301928435211		3.79218192576516		0.904343068599701	2.52277599682599	3.42494928041543	0.736587841242424	0.0171355024548629	96.1312296448423
318	2.44681457274254		3.70952168683764		0.899914681911469	2.44657128521643	3.33379082786248	0.733870663020898	0.0178613296319425	95.9707017358765
316	2.37652047390233		3.63415758069347		0.895963847637177	2.37627718637622	3.25163119802401	0.730795419794305	0.0186280102585419	95.8014295648811
314	2.31818164356903		3.5745607449941		0.892610192298889	2.31793835604292	3.18626337208259	0.727478580820482	0.0193815984133899	95.6353389846466
312	2.27070535469624		3.53059192192761		0.88999992609024	2.27046206717013	3.13781351060941	0.723580945614952	0.020173732312469	95.4610633460882
310	2.22086501798133		3.48385888256356		0.888025283813477	2.22062173045522	3.08935152520042	0.718798658016477	0.0210920500175809	95.2594237420157
308	2.16877938586524		3.43366033051805		0.887133359909058	2.16853609833912	3.04171580062369	0.712931858359179	0.0220002659377924	95.0604211558941
306	2.10789630017101		3.37018778926777		0.887335538864136	2.1076530126449	2.98608757038949	0.705824247602353	0.0229697215246258	94.8484588170889
304	2.04844409093592		3.30971582661878		0.888603985309601	2.0482008034098	2.93662055654684	0.697468659627676	0.024002809627356	94.6231039793162
302	1.98027049989973		3.23810214038149		0.891015827655792	1.98002721237362	2.88078218236644	0.687322777991881	0.0251416221008977	94.3753071114425
300	1.90983477020071		3.16239653521525		0.894482612609863	1.9095914826746	2.82427344869495	0.676135479571564	0.0264152422389785	94.0989457461538
298	1.83119642334696		3.07308176750573		0.900495111942291	1.83095313582085	2.76283003120062	0.662709292697673	0.0277254823379311	93.8154827470918
296	1.74586602085589		2.97303080843285		0.909423410892487	1.74562273332978	2.69923446874338	0.646710300103144	0.0291814000013388	93.5015047129999
294	1.65275141673578		2.86013482988006		0.92107892036438	1.65250812920966	2.62984275794491	0.628367655905411	0.0308717077185412	93.1382968990602
292	1.55915164416056		2.74333144167491		0.934718489646912	1.55890835663445	2.55960784709483	0.6090418727243	0.0326100346432056	92.7662423967721
290	1.45981537258483		2.61556126152139		0.948803901672363	1.45957208505872	2.47695011321693	0.589261801144274	0.0345049247611069	92.3623714761485
288	1.35650885444294		2.47714102525808		0.962523102760315	1.35626556691683	2.37953282256577	0.569971363309211	0.0363739159447816	91.9657430321093
286	1.24148897941425		2.31668848683672		0.97529125213623	1.24124569188814	2.25461006159569	0.550536748252448	0.0385009027248497	91.516435701795
284	1.1330975491833		2.16229534292239		0.986907541751862	1.13285426165719	2.12909202884718	0.532083276020055	0.0405377477092009	91.0882277385575
282	1.03043416458376		2.01393469898396		0.996903836727142	1.03019087705765	2.00275610941689	0.514386585672478	0.0426406143696961	90.648241931319
280	0.934092363821262		1.87275233138404		1.00535523891449	0.93384907629515	1.87779634259416	0.49731115942267	0.0447687453863846	90.2051337131887
278	0.84334234038017		1.73645661903802		1.00982344150543	0.843099052854058	1.7485074186561	0.482182142242247	0.0468648878862207	89.7708034440043
276	0.760306575636281		1.6091613192537		1.01022160053253	0.760063288110169	1.6206003687857	0.469001058342149	0.0489079844230881	89.3494771719406
274	0.681939083578817		1.48709737320824		1.00653350353241	0.681695796052704	1.49182246180591	0.456955042242417	0.051054324691451	88.9089897114193
272	0.620544501914958		1.39178326470238		0.99854451417923	0.620301214388845	1.38480628972505	0.447933562254403	0.053151448673387	88.4807003067252
270	0.570692276467185		1.31427473595936		0.988452672958374	0.570448988941073	1.29419716169431	0.440774408896297	0.0550746189556399	88.0897507282745
268	0.529605509968762		1.25175861896062		0.972882628440857	0.52936222244265	1.21299020493814	0.436410962172317	0.0570292450611079	87.6941766561692
266	0.496170455781073		1.20150632027226		0.953488886356354	0.49592716825496	1.14089507612745	0.434682538852117	0.0589239987361788	87.3124151201885
264	0.468120049399016		1.16021353021509		0.931065678596497	0.467876761872904	1.07561833551635	0.434983996110757	0.0607741789388676	86.9412382051549
262	0.442785069947027		1.12266325235		0.906938552856445	0.442541782420915	1.01368955677824	0.436565395649753	0.0625353049558427	86.5893929673681
260	0.416681308759828		1.08171809809466		0.883175373077393	0.416438021233716	0.950967585237614	0.437909795978653	0.0642604230039833	86.2461221145206
258	0.39051049587612		1.03786911145347		0.859192788600922	0.390267208350008	0.887469373414094	0.439752874906151	0.0659490034378754	85.9114396166072
256	0.362376793290783		0.987411904623833		0.834685504436493	0.362133505764671	0.820039639700775	0.441604878877331	0.0677420807275174	85.557467163939
254	0.333733162423792		0.933177817316127		0.80953711271286	0.33348987489768	0.751428009455962	0.443808150216717	0.0694438768709616	85.2228636304538
252	0.304491160282337		0.874849485029665		0.784095585346222	0.304247872756225	0.682077703711923	0.446060428453361	0.0711888578753326	84.8811279567092
250	0.276022565730564		0.815255681251676		0.758817315101624	0.275779278204452	0.614867553400331	0.448518183597983	0.0730352133658816	84.5210311232701
248	0.249503808207134		0.758135329917418		0.735633492469788	0.249260520681021	0.554062123059243	0.449878290370643	0.0748424911144756	84.1700352168933
246	0.222626053187579		0.697485783956148		0.715051770210266	0.222382765661466	0.49519288093783	0.44908312340901	0.076957867737253	83.7610537397096
244	0.197222271550806		0.638076627089043		0.697206974029541	0.196978984024694	0.441414393702337	0.446245040567309	0.0791186722231716	83.345340994637
242	0.17280572867962		0.57815920484311		0.681808710098267	0.172562441153507	0.390813252863661	0.441547055758898	0.0816163232906389	82.867393097744
240	0.150029531566039		0.519933832150963		0.667849898338318	0.149786244039927	0.343926242488275	0.435518508143598	0.0843426997949947	82.3488047901298
