Wavelength	I1	I1 dark	R1	R1dark	XCorrect	I1c	R1c	I1c/R1c	Abs	Percent T
nm	uA	uA	uA	uA		uA	uA	uA/uA	OD	T*100
	Abs Detector Raw	Dark Offset for Abs Detector	Ref Detector Raw	Dark Offset for Ref Detector	Linear interp	Dark subtracted Abs Detector	Corrected Ref Detector	Corrected Intensity 	-Log(T)	% Transmittance
800	0.142088596157706	2.19032849867128E-4	0.209150061877901	0.00493546991664969	1.35067892074585	0.141869563307839	0.275828344670776	0.514340045353829	0.001033067761824	99.7624100499342
798	0.145844219654967		0.214890787257794		1.34199333190918	0.1456251868051	0.281758635870691	0.516843738808888	0.00107766748188979	99.7521655101323
796	0.158700656027851		0.233725373211587		1.33337259292603	0.158481623177984	0.305062186591666	0.519505956961214	0.00109046029326216	99.7492272000781
794	0.166110188697829		0.244186651245958		1.32502686977386	0.165891155847962	0.317014243886473	0.523292435741057	0.00111358259996853	99.7439165849914
792	0.159378215343686		0.234193831614256		1.31713449954987	0.159159182493819	0.301964097502199	0.527079821112374	0.00104412902073202	99.7598691845993
790	0.150448437165867		0.221455496856807		1.30966234207153	0.150229404315999	0.283568125587838	0.529782407682716	0.00101579367401727	99.7663781844041
788	0.149334340185455		0.22023948306772		1.30193436145782	0.149115307335588	0.280311692881146	0.531962494332384	0.00111093032220762	99.7445257324492
786	0.153086070364556		0.225755853590112		1.29363858699799	0.152867037514688	0.28566176911569	0.535132993077484	0.00110314225750237	99.7463144353179
784	0.157215320454867		0.231802179249545		1.28498160839081	0.156996287605	0.291519549048914	0.53854462974165	0.00113194836441807	99.7396986300775
782	0.163607030519965		0.241143958692198		1.27644824981689	0.163387997670097	0.301507912089442	0.54190285269074	0.00108137839665147	99.7513131617433
780	0.173513802712435		0.255751310776164		1.268270611763	0.173294769862568	0.318102359926747	0.544776750170838	0.00125867458510479	99.710599040614
778	0.187323898024684		0.275782605251787		1.26044166088104	0.187104865174817	0.341387013106693	0.54807259207702	0.0011295064012344	99.7402594508268
776	0.204195554603997		0.300239064809825		1.25292003154755	0.20397652175413	0.369991789429662	0.55130013038548	0.0011641408990227	99.732305594173
774	0.230921630699597		0.339005943011854		1.24577045440674	0.23070259784973	0.416175125071687	0.554340189865963	0.0010683129247296	99.7543141613881
772	0.296631295659202		0.434937729127553		1.23883104324341	0.296412262809335	0.532700147375266	0.556433603913619	0.00104767612789313	99.7590543975917
770	0.395000373177516		0.578115172403101		1.23221707344055	0.394781340327649	0.706281815553381	0.558957248557125	0.00106046689134313	99.7561163550193
768	0.444349703882425		0.64743568787318		1.22665858268738	0.444130671032558	0.788128406734888	0.563525774781463	0.00104563974073388	99.759522164377
766	0.400062960895324		0.581283514523009		1.22236526012421	0.399843928045457	0.70450782746733	0.567550724713557	9.72360409843012E-4	99.7763561977688
764	0.339326172502762		0.493536042034275		1.2186872959137	0.339107139652895	0.595451310015914	0.569496000678598	0.00109967094246514	99.7471117106217
762	0.321036648192299		0.468520475727982		1.214359998703	0.320817615342431	0.562959087055781	0.56987731918544	0.00120602343701382	99.7226880631071
760	0.331227583667935		0.483442928823873		1.20898902416229	0.331008550818068	0.578510265798622	0.57217403110577	0.00123662932631392	99.7156605871976
758	0.351578770110053		0.513003030329291		1.2031888961792	0.351359737260186	0.611301247197345	0.574773467044404	0.0013547429611029	99.6885449360176
756	0.377502991197871		0.550172837767438		1.19780671596527	0.377283958348004	0.653088981006901	0.577691508079536	0.00130263125821812	99.7005074447261
754	0.402493540109244		0.585678070169512		1.1931779384613	0.402274507259377	0.692929258546367	0.580541956192285	0.00118486836913474	99.7275458075766
752	0.424940208415548		0.617592221042965		1.18890511989594	0.424721175565681	0.728390748152886	0.583095236509695	0.00116057030922873	99.7331255553542
750	0.457719244386864		0.664391907745612		1.1848680973053	0.457500211536997	0.781368894746132	0.58551116458973	0.00105321756889961	99.757781516146
748	0.504353084685144		0.73120622205383		1.18107759952545	0.504134051835277	0.857782116539725	0.587718072124123	0.00109109868004563	99.7490805748177
746	0.560639389849639		0.811337911797116		1.17750906944275	0.560420356999772	0.949546188935029	0.590198100450823	0.00110810222567082	99.7451752642254
744	0.608918914192857		0.879197536770103		1.174187541008	0.60869988134299	1.02654762647522	0.592958247278828	0.00109070287763647	99.7491714830517
742	0.662223472695682		0.95381328903543		1.17108881473541	0.662004439845815	1.11122020052054	0.595745505288429	0.00108884138374052	99.7495990336643
740	0.747823742739383		1.07484218564655		1.16803753376007	0.747604709889516	1.24969120159449	0.598231554271681	0.00114819576572919	99.7359673356087
738	0.861017032082007		1.23404726862856		1.16498303413391	0.86079799923214	1.43189439255319	0.601160255748514	0.0011263389393864	99.7409868941441
736	0.9466703313003		1.3524116217933		1.16204738616943	0.946451298450433	1.5658311402139	0.604440206956889	0.00115886570778677	99.7335170076299
734	0.982257250103414		1.39944739675183		1.15931880474091	0.982038217253547	1.6166839002155	0.607439844686176	0.00114050329971745	99.737733930317
732	0.986304946620443		1.4039750938773		1.15665113925934	0.986085913770576	1.61820077492304	0.60937179678305	0.00117819571024494	99.7290780697511
730	0.983593522070731		1.40110650868368		1.15388596057892	0.983374489220864	1.61102216020016	0.610404073584366	0.00116133812303775	99.7329492316694
728	0.983583414038545		1.403698942145		1.15089321136475	0.983364381188678	1.60982738449259	0.610850822057937	0.00115254587745416	99.7349683350547
726	0.994320126031776		1.42293972942164		1.1476241350174	0.994101093181909	1.62733591176539	0.61087639373943	0.00122549247764206	99.7182176826878
724	1.00932452294448		1.44822156586847		1.14410185813904	1.00910549009461	1.65126630420471	0.611110084136683	0.00120317805559883	99.7233414216567
722	1.01528154989821		1.45989874599759		1.14027833938599	1.01506251704835	1.65906310831717	0.61182875561494	0.00125030167745218	99.7125214129223
720	0.990571857003784		1.42591463236385		1.13600122928619	0.990352824153917	1.61423407533009	0.613512525407076	0.00113197049721647	99.7396935470782
718	0.927529141801589		1.33548343826719		1.13137769699097	0.927310108951722	1.50535229616844	0.61600869863619	0.00105458697830635	99.7574669622322
716	0.817440705962184		1.17676256792972		1.12621939182281	0.817221673112317	1.31973440164578	0.619231924312345	0.00108194543182523	99.7511829218516
714	0.687110084534717		0.989410426954714		1.12039887905121	0.68689105168485	1.10300463831943	0.622745388207446	0.00102628356989046	99.7639684685926
712	0.562939493295038		0.812532098804063		1.11375534534454	0.562720460445171	0.89946506230559	0.625616807175095	0.00104778022911922	99.7590304851566
710	0.464188788275808		0.673536183221768		1.10628998279572	0.463969755425941	0.739666271619522	0.627269044470643	0.00108866695588564	99.7496390966004
708	0.392558930011002		0.574107126459643		1.09837675094604	0.392339897161135	0.625164914844271	0.627578240309385	0.00107360093270541	99.7530995514415
706	0.339648813950448		0.501805476052746		1.09038031101227	0.33942978110058	0.541777271823344	0.626511665870062	9.56905539428728E-4	99.7799069177468
704	0.301581701828386		0.450965012083531		1.0826700925827	0.301362668978519	0.482902845712438	0.624064802380512	9.76895010802122E-4	99.7753144078835
702	0.280401956124442		0.424431661664651		1.07555782794952	0.280182923274575	0.451192412829577	0.620983233112133	0.00111552323247247	99.7434708831412
700	0.270036345356535		0.412930961179599		1.0694442987442	0.269817312506668	0.436328452044501	0.61838120168966	0.00130412583157044	99.7001643377527
698	0.275976141780555		0.42449084089415		1.0649927854538	0.275757108930687	0.446823443189429	0.617150046923078	0.00129015518311483	99.7033716047309
696	0.296484499547728		0.456678167120517		1.06259047985077	0.296265466697861	0.480017489390938	0.617197233946148	0.00125205562971392	99.7121187123203
694	0.324377474747553		0.498928727101838		1.06203079223633	0.324158441897686	0.52463605028779	0.617872983985504	0.0011941172426297	99.7254220006389
692	0.348439752330848		0.534891211394174		1.06277585029602	0.348220719480981	0.563224163768034	0.618263103541837	0.00120402359512192	99.7231472678096
690	0.365501493290505		0.56019095097814		1.06392598152161	0.365282460440638	0.590750732683598	0.618336026061741	0.00120270717312532	99.7234495464455
688	0.377463882158721		0.578165271432441		1.06461536884308	0.377244849308854	0.610269256572579	0.618161320181116	0.00120433757214995	99.7230751721063
686	0.383636402428246		0.587425519045586		1.0645604133606	0.383417369578379	0.620095847479134	0.618319524533312	0.00119433795799939	99.7253713186047
684	0.380758313755664		0.583097907978894		1.06376242637634	0.380539280905797	0.615027477952755	0.618735413533881	0.00115876702064747	99.7335396706316
682	0.375916002678822		0.57614772825813		1.06245732307434	0.375696969828955	0.606888646904738	0.619054206640856	0.00120914666850365	99.7219709093493
680	0.377239540881541		0.578807317938665		1.06094348430634	0.377020508031674	0.608845597985793	0.619238291742518	0.00122691043342565	99.7178921068434
678	0.384663638752267		0.590705937123298		1.05921316146851	0.384444605902399	0.620455788464838	0.619616438511455	0.00135905277203274	99.6875556610747
676	0.392868740648192		0.603603535643539		1.05730748176575	0.392649707798324	0.632976224987268	0.620322995237652	0.00135907432595554	99.6875507136073
674	0.399722472005083		0.614428137345892		1.05524814128876	0.399503439155216	0.643166004433834	0.621151361236653	0.00128688560176258	99.7041222233209
672	0.406490845543712		0.625113778782686		1.05312037467957	0.406271812693844	0.653122413001139	0.622045430698051	0.00115728406977847	99.7338802234086
670	0.411879848665489		0.633782549500001		1.0509113073349	0.411660815815621	0.660862506518673	0.622914466708348	0.00115558103159496	99.7342713196493
668	0.416089068314197		0.640688050571041		1.0485315322876	0.41587003546433	0.666606627549343	0.623861237313526	0.00116544340887519	99.7320064834975
666	0.418984965824598		0.645541535659069		1.04595601558685	0.418765932974731	0.67004576808471	0.624981087742335	0.00122303727451648	99.7187814226891
664	0.422936258533419		0.652153889911211		1.04322910308838	0.422717225683552	0.675197091793204	0.626064938403229	0.00123908656889918	99.7150963965743
662	0.427893289458436		0.660087645067498		1.04042720794678	0.427674256608569	0.681638148372455	0.627421246345623	0.00113402490048081	99.7392217357246
660	0.434552149295109		0.670697985601273		1.03775990009308	0.434333116445242	0.690901641762591	0.628646814816064	0.00113446340840254	99.7391210289033
658	0.443853763027473		0.685411090400881		1.03528940677643	0.443634730177606	0.704489201456941	0.629725380119572	0.00117704550806358	99.7293421964205
656	0.456708027960241		0.705642190173557		1.03309750556946	0.456488995110374	0.723898364833167	0.630598185168685	0.00128645560139459	99.7042209416612
654	0.47408444344867		0.732694364748079		1.03115320205688	0.473865410598803	0.750430914730808	0.631457741541453	0.00122460146644413	99.7184222676951
652	0.490295641198834		0.757956357444989		1.02945709228516	0.490076608348967	0.775202693304912	0.632191570774387	0.00124792353135123	99.713067428594
650	0.499620103136673		0.772595437586689		1.02793705463409	0.499401070286806	0.789106126127244	0.632869336267549	0.00127503669256734	99.7068425001283
648	0.501772967202778		0.776171337230604		1.02666783332825	0.501553934352911	0.791803056880248	0.633432682527223	0.00130502890405031	99.6999570213239
646	0.502941545841907		0.778371397036266		1.02560043334961	0.50272251299204	0.793236222022035	0.63376141814421	0.00127026438022278	99.7079381502678
644	0.508033814650905		0.786663567413288		1.02465677261353	0.507814781801038	0.801002989442217	0.633973641165382	0.00124374782662434	99.7140261659164
642	0.517223386605152		0.801169874118019		1.02378344535828	0.517004353755285	0.815171601646072	0.634227630981379	0.00118664405453939	99.7271380557103
640	0.529907485675563		0.821211480483249		1.02288675308228	0.529688452825696	0.834957918067422	0.634389400188818	0.00123027618754705	99.7171193026292
638	0.543688081018448		0.842864575489501		1.02184903621674	0.54346904816858	0.85623704894757	0.634717977733592	0.00129082693967011	99.703217386005
636	0.559114644982685		0.867040854079421		1.02063095569611	0.558895612132818	0.879891442148808	0.635187007578938	0.0012645964574802	99.7092394345382
634	0.573924789576827		0.890296339215989		1.01923584938049	0.57370575672696	0.902391537628564	0.635761454761231	0.00135144356666124	99.6893022863735
632	0.586391272070959		0.909957239405982		1.0177036523819	0.586172239221091	0.921043960294421	0.636421565626157	0.00136355845886589	99.6865214352309
630	0.599213827103951		0.930031131537685		1.01619136333466	0.598994794254084	0.940074221597655	0.637178193479332	0.00133961925304273	99.6920165129424
628	0.61476392652912		0.954532204437831		1.01451146602631	0.614544893679253	0.963376775272876	0.637907109090504	0.00138744285949345	99.6810392395221
626	0.630420528639411		0.979134132440112		1.01275491714478	0.630201495789544	0.9866244857465	0.638745039165251	0.00140869680015151	99.6761610678197
624	0.64574455628814		1.00306794948315		1.01092803478241	0.645525523438273	1.00904010602065	0.639742186248699	0.00138166081684484	99.6823663663471
622	0.658045791437962		1.02232165057809		1.0092089176178	0.657826758588094	1.02675520618464	0.640685096725772	0.00138459543667289	99.6816927937536
620	0.667911722184672		1.0377319001503		1.00772297382355	0.667692689334805	1.0407726900294	0.641535558850937	0.00134468861360249	99.6908528513069
618	0.676598658185117		1.05145376655055		1.0068142414093	0.67637962533525	1.05364952494642	0.641939856964912	0.00136314810860743	99.6866156257189
616	0.683625187087704		1.06254471865467		1.00664889812469	0.683406154237837	1.06464118488862	0.641912189701112	0.00132702033271401	99.6949086288786
614	0.691015287155831		1.07428798093685		1.00700271129608	0.690796254305964	1.07684087792861	0.641502629092948	0.00137498554778868	99.683898533476
612	0.697491490743235		1.08466531732116		1.00780045986176	0.697272457893368	1.08815223674073	0.64078575988766	0.00140597133288091	99.6767865995232
610	0.706935329206476		1.09960848498606		1.00835275650024	0.706716296356609	1.10381655221168	0.640247960533466	0.00143149331656429	99.6709291118527
608	0.717549359315431		1.11639938396682		1.0085117816925	0.717330326465564	1.12092445224566	0.639945292502507	0.00147729770000562	99.6604175237424
606	0.730248875866249		1.13634230319866		1.00798010826111	0.730029843016382	1.14043558229896	0.640132467232165	0.00149692000940689	99.6559147647814
604	0.743927024615305		1.15773355738564		1.00688087940216	0.743707991765438	1.16073035208391	0.640724170286601	0.00154804378587617	99.6441842753019
602	0.75944414125252		1.18171381363748		1.00539457798004	0.759225108402653	1.18312656626126	0.641710811043527	0.00152087604662388	99.6504178149943
600	0.777418853094759		1.20950503789167		1.00393652915955	0.777199820244892	1.20931139120405	0.642679648846335	0.00149944968068703	99.6553342923559
598	0.795997556023452		1.2382749749105		1.00287997722626	0.795778523173585	1.23689149468047	0.643369710759601	0.00152899811759367	99.6485541942689
596	0.814703583170386		1.26709107586957		1.00218975543976	0.814484550320519	1.26491941805688	0.643902321913676	0.0015472628287676	99.6443634576477
594	0.835392211627758		1.29896009246586		1.00178515911102	0.835173178777891	1.29633466239404	0.644257384304999	0.0015475681959839	99.6442933943324
592	0.853768034918589		1.32729534503819		1.00154709815979	0.853549002068722	1.32440569565092	0.644476994376879	0.00157740185743059	99.6374486101262
590	0.871452268246364		1.35461667915753		1.00122630596161	0.871233235396497	1.35133633135405	0.644719760123312	0.00161601987221305	99.6285891160432
588	0.888345628774565		1.38047810910791		1.00070452690125	0.888126595924698	1.37651174598438	0.64520088442077	0.00159304540842709	99.6338596733531
586	0.9029393390434		1.40278618885275		0.999973237514496	0.902720306193532	1.3978133089765	0.645808921975796	0.00155458977231203	99.6426823806425
584	0.917899158319561		1.42576610697382		0.999053955078125	0.917680125469693	1.41948646744814	0.646487406899652	0.00157374736900959	99.6382870399231
582	0.931000360659789		1.44587499300187		0.998229086399078	0.930781327809922	1.43838774368568	0.647100430253193	0.00163411543606007	99.624438020388
580	0.944115961193319		1.4659992110611		0.997582137584686	0.943896928343452	1.45753109003836	0.647599858963289	0.00169507848841657	99.610454458925
578	0.959248404370157		1.48901573623769		0.997147619724274	0.95902937152029	1.47984710504179	0.648059767967184	0.00166759884800377	99.6167574311817
576	0.97400814247036		1.5115376349514		0.996688485145569	0.973789109620493	1.50161302958552	0.648495378259523	0.00166544806011602	99.6172507716563
574	0.991649527897916		1.53854169307104		0.996220171451569	0.991430495048049	1.52780945457006	0.648922869329308	0.00168579129393465	99.6125846069998
572	1.01019053307285		1.56679401290444		0.9957315325737	1.00997150022299	1.55519180067256	0.649419254773729	0.00167234354936129	99.6156691162202
570	1.0298612745714		1.59671839755049		0.995352268218994	1.02964224172153	1.58438474753262	0.649868817107088	0.00168130649096134	99.6136132756588
568	1.04920604744332		1.62603600973803		0.995181918144226	1.04898701459345	1.61328994472408	0.650216049522865	0.00170376126915349	99.6084629828059
566	1.06788589417044		1.65441807627501		0.995282471179962	1.06766686132057	1.64170112462472	0.650341798093507	0.00173920085019609	99.6003349998004
564	1.0899967974024		1.68807405331338		0.995623111724854	1.08977776455253	1.67577167386562	0.650313990591969	0.00176212201217287	99.5950784394184
562	1.11413137250128		1.72468713361142		0.996170461177826	1.11391233965141	1.71316580793415	0.650206964493785	0.00175986496419643	99.5955960408702
560	1.14335597748704		1.76909954615368		0.99668163061142	1.14313694463717	1.75830992817002	0.650133930499333	0.00182010093908284	99.5817832432212
558	1.17189781880366		1.81209735359906		0.997178435325623	1.17167878595379	1.80206285955053	0.650187522451924	0.00179302128723123	99.5879926799218
556	1.20026509163952		1.85483532950251		0.997675478458405	1.20004605878966	1.84559972751245	0.65022011051503	0.00181822633604498	99.5822130822453
554	1.22980990902635		1.89926464817263		0.99818366765976	1.22959087617648	1.89088844690645	0.650271505010319	0.00183238879454215	99.5789657327549
552	1.25772921494507		1.94114237383537		0.998678505420685	1.2575101820952	1.93364821699076	0.650330381217012	0.00183552049004621	99.5782476718817
550	1.28460624913943		1.98129715638977		0.999059557914734	1.28438721628956	1.97450303276745	0.650486322368101	0.00188359150801993	99.5672262036807
548	1.31478534813993		2.02639985030134		0.999196529388428	1.31456631529006	2.01984019316271	0.650826892018465	0.00192317332639734	99.5581520099277
546	1.3430391035202		2.0683129470577		0.99907249212265	1.34282007067033	2.06146367827705	0.651391574258852	0.00197651718583135	99.5459241550033
544	1.36965794618727		2.10739237683318		0.998806416988373	1.36943891333741	2.09994745006976	0.652130087013327	0.00200248304880193	99.539972620585
542	1.39202727288012		2.13980935546342		0.998482644557953	1.39180824003025	2.13163452303845	0.652930052027097	0.00202474432453538	99.5348704834895
540	1.41078386704345		2.16670900501413		0.99831360578537	1.41056483419358	2.15812793271455	0.653605753769812	0.00205025202085992	99.5290246097847
538	1.4318873929601		2.19694344581129		0.998360693454742	1.43166836011023	2.1884146028725	0.654203439435578	0.00206027710345617	99.5267271475377
536	1.4507632821669		2.22363315883941		0.998661279678345	1.45054424931704	2.21572747323899	0.654658240616841	0.00206970138140656	99.5245674208954
534	1.47468706197854		2.25774731031442		0.999168038368225	1.47446802912867	2.25093758738296	0.655046162716112	0.00207466020253151	99.5234310451633
532	1.49215200758746		2.28176500919306		0.999805629253387	1.49193297473759	2.27638699021896	0.655395142015853	0.00210469069854307	99.5165494595257
530	1.5110282428636		2.30793258233069		1.0004802942276	1.51080921001373	2.30410322863331	0.655703785854192	0.00213139085123719	99.5104314324728
528	1.53074744688636		2.33517855390151		1.00102841854095	1.5305284140365	2.33263954917736	0.656135841723279	0.00216107102148447	99.5036310107558
526	1.55047670156827		2.36235815340228		1.0014044046402	1.55025766871841	2.36073345884122	0.656684753169617	0.00219331638034867	99.4962433710001
524	1.57394844891101		2.39483671406352		1.00163662433624	1.57372941606114	2.39381261468425	0.657415457838047	0.00221249745363259	99.4918491116404
522	1.59586148837423		2.42484873786938		1.00181710720062	1.59564245552436	2.42431050977681	0.658184027619162	0.00226570826733759	99.4796598756206
520	1.62213733177509		2.46117774529257		1.0020604133606	1.62191829892523	2.46130314977697	0.658967303183356	0.00229559777078122	99.4728136101408
518	1.65177358531878		2.50263811866206		1.00242054462433	1.65155455246892	2.503748449465	0.659632780929657	0.00234213561602571	99.4621549382523
516	1.68840926205228		2.55424778154178		1.00289297103882	1.68819022920241	2.55668739831156	0.660303731428916	0.00236772549438067	99.4562945150433
514	1.72890211711509		2.61127309137251		1.00349617004395	1.72868308426522	2.6154498209724	0.660950583109452	0.00242515928788185	99.4431426680109
512	1.77703573447646		2.67949741849248		1.00418245792389	1.7768167016266	2.68574819139058	0.661572334786393	0.002464791502411	99.4340682443067
510	1.82456961673282		2.74672863892696		1.00497353076935	1.82435058388295	2.75542956169957	0.662092985152441	0.0025430823794554	99.4161447405764
508	1.88745596352743		2.83647065761134		1.00580215454102	1.88723693067757	2.84796419244201	0.662661748236145	0.00260981970393959	99.4008687975558
506	1.9622695215781		2.94362621626519		1.00663805007935	1.96205048872824	2.95819792269052	0.663258693300592	0.00264043814878302	99.3938611268111
504	2.04467268531134		3.06145301266938		1.00742840766907	2.04445365246147	3.07922260110796	0.6639512361743	0.0027038125623704	99.3793581378137
502	2.13487051454077		3.18955504829032		1.00814700126648	2.1346514816909	3.21056467811194	0.664883500477007	0.00276882608323458	99.3644822444653
500	2.22707780360104		3.32038043106835		1.00866842269897	2.22685877075117	3.34418463951015	0.665889898674182	0.00281729302396505	99.3533938609897
498	2.34783078041345		3.49326727119784		1.00904226303101	2.34761174756359	3.5198742149678	0.666958988926558	0.00291321045640969	99.3314532871156
496	2.52430225553839		3.74798149625427		1.00876116752625	2.52408322268852	3.77583947963281	0.668482660956227	0.00288084676793339	99.3388557573937
494	2.7396396204006		4.05826894862771		1.00816118717194	2.73942058755073	4.08641349190109	0.670372832553538	0.00296782387286219	99.3189629397274
492	2.90479553770942		4.29184758538969		1.00794267654419	2.90457650485955	4.32096167177961	0.672206033168373	0.00307743926974137	99.2938981180663
490	2.96650506627143		4.37053663048542		1.00791668891907	2.96628603342156	4.40016226690171	0.674131055514509	0.0031099217865148	99.286471831913
488	3.00477337666539		4.41557664007107		1.00887954235077	3.00455434381553	4.44980564521885	0.67521024138297	0.00319493495449146	99.2670384018704
486	3.10828873513848		4.55717484995449		1.00954282283783	3.10806970228862	4.59568059395694	0.676302375403451	0.00323138828125519	99.2587065853837
484	3.32037222550198		4.85547528089145		1.01009511947632	3.32015319265211	4.89950658989123	0.677650520871291	0.00332645962055827	99.2369802550885
482	3.49893618963222		5.10077693518471		1.01073944568634	3.49871715678236	5.15056797791051	0.679287638137672	0.00336443981469639	99.2283020997552
480	3.5685455741197		5.18450177615875		1.01162850856781	3.56832654126984	5.23979693741178	0.681004738140182	0.00343331918659984	99.2125656779568
478	3.54097412891737		5.12810551905988		1.0127238035202	3.5407550960675	5.18835625824912	0.682442554024303	0.00350538652349368	99.1961035940782
476	3.64893834235316		5.2701779061875		1.01399922370911	3.64871930950329	5.33895174301889	0.683414925837134	0.0035895052939245	99.1768920991967
474	3.92375210102068		5.65278893737351		1.01552999019623	3.92353306817081	5.7355645764362	0.684070942953049	0.00367759574270344	99.1567775195361
472	4.40217806346445		6.32522719640533		1.01726651191711	4.40195903061458	6.42942111890373	0.684658688427171	0.00377869355629921	99.1336978647592
470	4.92567245590392		7.06095971543814		1.01911818981171	4.92545342305405	7.19092265636337	0.684954303978702	0.00384044627856943	99.11960295737
468	5.35207733701259		7.65191763055726		1.02110064029694	5.35185830416272	7.80833838056937	0.685402968380639	0.00395225917541185	99.0940870370979
466	5.46317346938117		7.77768296941019		1.02326714992523	5.46295443653131	7.95359718089523	0.686853295720517	0.00403799334066551	99.07452678324
464	5.28832186851735		7.49171219174428		1.02553856372833	5.28810283566748	7.67797824625782	0.688736366014693	0.00409888134777863	99.0606375263225
462	5.09033229411316		7.18855374080721		1.027627825737	5.09011326126329	7.38208602463985	0.689522344263338	0.00421352368420791	99.0344915709288
460	4.934412924619		6.95802015530259		1.02919805049896	4.93419389176913	7.1561012031534	0.689508679613814	0.00429292490835677	99.0163869405351
458	4.77935141644953		6.73464706537484		1.03004312515259	4.77913238359966	6.93189316316136	0.689441148487074	0.00443417811346327	98.9841873425097
456	4.5771083093475		6.45404056014843		1.03006207942963	4.57688927649763	6.64297859970433	0.688981487416102	0.00457519111871587	98.9520529440669
454	4.39948166454945		6.21680956500261		1.02918720245361	4.39926263169958	6.39318132191559	0.688117919730991	0.00466321873409371	98.9319982786076
452	4.26396428716126		6.04719644068035		1.02735614776611	4.26374525431139	6.20755395472133	0.686863986267647	0.00479740638880735	98.901435140749
450	4.09202313306315		5.82593904898632		1.02460694313049	4.09180410021328	5.96424068310224	0.686056166681216	0.00491529655100978	98.874591779019
448	3.82670245785378		5.46903296154526		1.02102768421173	3.82648342500392	5.57899480818469	0.685873272258697	0.00504220440664591	98.8457032488571
446	3.48221475659357		4.99728992387947		1.01675081253052	3.4819957237437	5.07598044750705	0.685975007144443	0.0052224933141285	98.8046778936514
444	3.22433993584664		4.6456959140539		1.0121191740036	3.22412090299677	4.69700262746878	0.686420928134387	0.00531617401438211	98.7833672540615
442	3.09497163802373		4.47129177412579		1.00782012939453	3.09475260517386	4.50128378843013	0.687526659200749	0.00548625511083903	98.7446886738541
440	3.04829500490946		4.40791956734776		1.0045450925827	3.04807597205959	4.4229960677941	0.68914281752454	0.0056251497363256	98.7131135233576
438	3.02290929944449		4.36974818810575		1.00285410881042	3.02269026659462	4.37727036862394	0.69054228138639	0.00583431010256277	98.6655837923338
436	2.98759839138246		4.31274588608743		1.00277864933014	2.98737935853259	4.31978031069804	0.691558168162921	0.00599791018816882	98.6284231589501
434	2.95736737831966		4.26020060553567		1.00421047210693	2.95714834546979	4.27318181078015	0.692024930465083	0.00619898494692287	98.5827695829226
432	2.94294062056481		4.22712491963268		1.00665414333344	2.94272158771494	4.25028450349536	0.692358731584885	0.00638674974938851	98.5401570833944
430	2.94830577435196		4.22163321311166		1.00962591171265	2.9480867415021	4.25728730338992	0.692480100921224	0.00668169461399348	98.4732576693706
428	2.95692201699332		4.22114349875814		1.01240730285645	2.95670298414345	4.26851979876111	0.692676413261947	0.00687451152400537	98.4295474779917
426	2.95584085244686		4.21102094508765		1.01423370838165	2.95562181959699	4.26595366925289	0.69283964354789	0.00710705179777015	98.3768580975773
424	2.93689854051083		4.18271827430231		1.01462960243225	2.93667950766096	4.23890210586212	0.692792481241718	0.00731135826053843	98.3305892596077
422	2.92028138481551		4.166631089308		1.01337480545044	2.92006235196564	4.21735748864465	0.692391470210431	0.00749915704993088	98.2880780734651
420	3.37777899285072		4.83728014668681		1.01114857196808	3.37755996000085	4.88621841917369	0.691242116141838	0.00764493845760455	98.2550908484842
418	3.22426093194071		4.64152337012526		1.0079870223999	3.22404189909084	4.6736204316267	0.689838198513841	0.00783852346270161	98.2113037996447
416	3.03236405282468		4.39471762648254		1.00422537326813	3.03214501997481	4.40833062474315	0.687821599168614	0.0081622163312497	98.138131204136
414	2.85742673174635		4.16998748333755		1	2.85720769889648	4.1650520134209	0.685995682572462	0.00845722886761689	98.0714894460274
412	2.71448059218081		3.99030837028598		0.995681941509247	2.71426155933095	3.96816382707808	0.684009450620281	0.00868194220243211	98.0207582673363
410	2.59400994935164		3.83797637870717		0.991583049297333	2.59379091650178	3.80077839241993	0.682436766551478	0.00902496759638745	97.9433676133127
408	2.49700195047169		3.71498063701114		0.988153755664825	2.49678291762182	3.66609506555055	0.68104696495285	0.0092961758658087	97.8822230213002
406	2.41475608410111		3.60888292991555		0.985654711723328	2.41453705125124	3.55224779475124	0.679720895264947	0.0095630480868485	97.8220932636279
404	2.36025047885015		3.54015795460423		0.98426741361618	2.36003144600029	3.47960429156121	0.678247078762339	0.00992555223371892	97.7404755583511
402	2.33448293134569		3.50988401673691		0.984128773212433	2.33426389849583	3.44932071355493	0.676731476236113	0.0102498729023138	97.66751257004
400	2.34624806557603		3.53144497368201		0.985299050807953	2.34602903272616	3.47466646672523	0.675181072828904	0.0105938090373436	97.5901961626658
398	2.39156289815863		3.59947120876175		0.987817049026489	2.39134386530876	3.55074368616622	0.67347690418362	0.0109603435332011	97.5078670415574
396	2.43297106205567		3.65776638675147		0.991658091545105	2.4327520292058	3.62235933572538	0.671593236268109	0.0113329273909257	97.4242503265688
394	2.45785381586249		3.68826240957884		0.996615350246429	2.45763478301263	3.67086016804354	0.669498338402379	0.0117112731373324	97.3394138822688
392	2.4613704393836		3.68464960197609		1.0025714635849	2.46115140653373	3.68917638295287	0.667127605474855	0.0121574030653447	97.2394731038023
390	2.46368133292905		3.67762331050025		1.0093150138855	2.46346230007919	3.70689897881574	0.66456148769023	0.0125492588125579	97.1517753250933
388	2.47294970447405		3.68065041253894		1.01699423789978	2.47273067162418	3.73818091680899	0.661479667959722	0.0129628985699343	97.0592880676951
386	2.48753719342943		3.6906426341787		1.02549052238464	2.48731816057957	3.77965776523591	0.658080258868177	0.0134432513455933	96.9519946843323
384	2.51738868867148		3.7238486814093		1.03449034690857	2.51716965582161	3.84717981827989	0.654289576967853	0.0139756099424266	96.8332236449824
382	2.54493738485046		3.75485886439086		1.04369103908539	2.5447183520006	3.91376144406939	0.650197613821523	0.0144674525332404	96.7236211818828
380	2.57341377389683		3.78817965771474		1.0526317358017	2.57319474104697	3.98236289636359	0.646147728876398	0.014982648006499	96.6089477784302
378	2.58499458805954		3.79882269234019		1.06117713451386	2.58477555520968	4.02598637136014	0.642022927250108	0.0155321138231431	96.4867962189076
376	2.58651693668627		3.7958443793638		1.06922745704651	2.58629790383641	4.05334389314313	0.638065254766943	0.0161209275353022	96.356068670577
374	2.58277046087116		3.78644446240918		1.07646524906158	2.5825514280213	4.07066301943209	0.634430169162368	0.0167115436194486	96.2251188956083
372	2.579277912057		3.77880210648268		1.08239138126373	2.57905887920713	4.08480072145783	0.631379363418905	0.0172776784987507	96.0997640804669
370	2.58114336248899		3.78015320266869		1.08660447597504	2.58092432963913	4.1021684861887	0.629160976280877	0.0179166994347194	95.9584668576538
368	2.58780705386862		3.78956796337326		1.08728444576263	2.58758802101875	4.11497204306323	0.628822746288338	0.0185713737787538	95.8139238740756
366	2.59852675109141		3.80614130315078		1.08414971828461	2.59830771824154	4.12107623324259	0.630492514863553	0.0192852856270335	95.6565502313352
364	2.61322903985102		3.82915520930883		1.07767069339752	2.61301000700115	4.12124953825526	0.63403343639982	0.0199501403831386	95.5102231204163
362	2.63695559981481		3.86668634197136		1.06871128082275	2.63673656696494	4.12709672069198	0.638884122522539	0.0207359334896252	95.3375674184334
360	2.66248887852138		3.9074312441523		1.05907070636749	2.66226984567151	4.13301895621591	0.64414653643617	0.0215301163517629	95.1633854334908
358	2.69555103170958		3.95962073857267		1.04836678504944	2.69533199885971	4.14596068098328	0.650110361929546	0.0223626581569147	94.9811321261079
356	2.73010368049729		4.01446273542384		1.03684234619141	2.72988464764743	4.15724765708689	0.65665672888017	0.0231739811252565	94.8038596939848
354	2.76075327754279		4.06421657555707		1.02479386329651	2.76053424469293	4.15992636645577	0.663601708663147	0.023995314226631	94.6247370744442
352	2.79182845564128		4.11578797915959		1.01273274421692	2.79160942279141	4.16319494275661	0.670544968750125	0.0249474224672555	94.4175175219991
350	2.81797665133758		4.16065604538656		1.00126516819	2.81775761848771	4.16097826094853	0.677186334985893	0.0258550047401948	94.2204111979067
348	2.83736154383824		4.19689731233159		0.990810453891754	2.83714251098838	4.15343961578006	0.683082643168638	0.0268496825218055	94.0048622749745
346	2.85284091389358		4.22844945087739		0.981342911720276	2.85262188104371	4.1447155077673	0.688255171120388	0.0278653024574778	93.7852839275236
344	2.86448039138613		4.25581688729147		0.972720801830292	2.86426135853627	4.13492078079432	0.692700419277691	0.0290043796923499	93.5396240989663
342	2.87151469311584		4.2770203051755		0.964752793312073	2.87129566026597	4.12150577808212	0.696661806356143	0.0300569870609087	93.3131849481692
340	2.87307699291428		4.29158783685557		0.957048177719116	2.87285796006442	4.10253283629423	0.700264464588524	0.0311999373419005	93.0679317436966
338	2.86923540113276		4.299706225495		0.950148642063141	2.86901636828289	4.08067060138526	0.703074726813026	0.0324103364962674	92.8089081622557
336	2.85613742266947		4.29567559318689		0.944044172763824	2.8559183898196	4.0506482102172	0.705052189576952	0.033626184882296	92.5494442319172
334	2.83840976160749		4.28790390376482		0.938558220863342	2.83819072875763	4.01981523328639	0.706050045598058	0.0349244541866434	92.2731923025579
332	2.80686023536637		4.26248906011637		0.933434963226318	2.8066412025165	3.97414937890216	0.706224385378243	0.0362673493593788	91.9883122291158
330	2.75271820677412		4.20752702908599		0.928119659423828	2.75249917392425	3.9005078465937	0.70567712774325	0.0377167631228723	91.681822295534
328	2.68710972559096		4.13985454156343		0.923022568225861	2.6868906927411	3.8166236209175	0.70399676772298	0.0392117465383025	91.3667661008909
326	2.60769431208993		4.05454293057619		0.918195605278015	2.60747527924007	3.71833177347865	0.701248688414016	0.0408129007422563	91.0305358605893
324	2.52678410855581		3.96864409791161		0.913534343242645	2.52656507570595	3.62098395828058	0.697756495144949	0.0423390357359553	90.7112108798966
322	2.44030766725096		3.87639086829977		0.908978700637817	2.4400886344011	3.51907049759955	0.6933900972048	0.0440668877693808	90.3510309063777
320	2.35786993442607		3.78831108593687		0.904343068599701	2.35765090157621	3.42146951425701	0.68907552493221	0.0458870414157088	89.9731568357994
318	2.2776451959771		3.70013770494154		0.899914681911469	2.27742616312724	3.32536674393097	0.684864659599937	0.047687825648577	89.6008592279337
316	2.20931755831067		3.62971362807451		0.895963847637177	2.20909852546081	3.24767018541431	0.680210242832583	0.0496282699918042	89.2014122013088
314	2.15483443352838		3.57953255893908		0.892610192298889	2.15461540067851	3.19072179502336	0.675275232092974	0.0516105150148721	88.7951990223652
312	2.10524065687108		3.53621159963953		0.88999992609024	2.10502162402121	3.14283549445759	0.669784221201977	0.0536819350738241	88.3726879906502
310	2.05221884922161		3.48752190256846		0.888025283813477	2.05199981637175	3.09262480526058	0.663513987497376	0.0558426851593738	87.9340983542213
308	1.99297206234898		3.42852410983545		0.887133359909058	1.99275302949911	3.03717969307765	0.656119568440748	0.0580842719587716	87.4814006910963
306	1.93310705892608		3.36877468136326		0.887335538864136	1.93288802607621	2.98485407934129	0.647565333077444	0.0603931878528357	87.0175421223734
304	1.87240427840691		3.30822206930053		0.888603985309601	1.87218524555705	2.93531363683231	0.637814379378363	0.0628486532313738	86.526940294814
302	1.80392787609264		3.23650153003633		0.891015827655792	1.80370884324277	2.8793765076819	0.626423407439302	0.0654690929219739	86.0064272197295
300	1.73365224893204		3.15987613971751		0.894482612609863	1.73343321608218	2.82203957295258	0.614248372948419	0.0681145720813258	85.4841165805957
298	1.65312392894132		3.06458123531313		0.900495111942291	1.65290489609145	2.75519605601446	0.59992278679524	0.070988432728546	84.9203092942575
296	1.5694465574495		2.96270124548585		0.909423410892487	1.56922752459964	2.6898614402392	0.583386006849516	0.0740216564413301	84.3292705251277
294	1.47821391132968		2.84631248130248		0.92107892036438	1.47799487847981	2.61713246999543	0.564738275736724	0.0773369607838867	83.6879711199615
292	1.38914077203716		2.7295336145816		0.934718489646912	1.38892173918729	2.546732262676	0.545374069957345	0.0806761315802477	83.0469846746498
290	1.29459005097942		2.60064335142475		0.948803901672363	1.29437101812955	2.46281776557659	0.525565080868464	0.0843311731359167	82.350990448098
288	1.19593882822908		2.45891882562386		0.962523102760315	1.19571979537921	2.36201567365748	0.506228560934014	0.0880505985840804	81.6487238892797
286	1.08893000541448		2.29820231015277		0.97529125213623	1.08871097256461	2.23660308809639	0.486769860221927	0.0921760816062614	80.8767923497621
284	0.988129309406122		2.14222073973112		0.986907541751862	0.987910276556255	2.10930295165507	0.468358647002836	0.0962028796996771	80.1303648726684
282	0.893478097015775		1.99334145932016		0.996903836727142	0.893259064165908	1.98224955980759	0.450628963314092	0.100383247357194	79.3627581301664
280	0.804806462848605		1.85082256096385		1.00535523891449	0.804587429998738	1.85577225742893	0.433559358794084	0.104535141379737	78.6076582388474
278	0.723157317667047		1.7159207292275		1.00982344150543	0.722938284817179	1.72779302292235	0.418417180313888	0.108700540113295	77.8573217041502
276	0.649308316802465		1.59117151097598		1.01022160053253	0.649089283952598	1.60244991222134	0.405060575686151	0.112787413605985	77.128091734518
274	0.58035830807529		1.47282532614613		1.00653350353241	0.580139275225423	1.47748031979034	0.392654485785465	0.117244661550522	76.3405594789506
272	0.526217614779662		1.37941096189537		0.99854451417923	0.525998581929795	1.37247496238915	0.383248216793811	0.121286305217831	75.6334123317484
270	0.482858255364295		1.30587016140798		0.988452672958374	0.482639222514428	1.28591237314888	0.375328235883262	0.125356758159964	74.9278449667639
268	0.446269187669921		1.24449156057902		0.972882628440857	0.446050154820054	1.20594258758348	0.369876774742544	0.129571043942942	74.2042800943062
266	0.416611001753273		1.19568984995859		0.953488886356354	0.416391968903406	1.13537106775014	0.366745270097936	0.133573558769309	73.5235454184092
264	0.391723993033137		1.15586745692923		0.931065678596497	0.39150496018327	1.07159327150629	0.365348468111367	0.13742193724779	72.8749152581069
262	0.368289741570379		1.11656544841928		0.906938552856445	0.368070708720512	1.00818008401502	0.365084288567466	0.141078910310072	72.2638489918644
260	0.344898017268096		1.07514951901934		0.883175373077393	0.344678984418229	0.945186692088939	0.364667623130051	0.144640688012894	71.673615407175
258	0.321985862818633		1.03147016189407		0.859192788600922	0.321766829968765	0.881991204595671	0.364818637977543	0.147942598698472	71.1307521938234
256	0.297032085910286		0.978910605829677		0.834685504436493	0.296813053060419	0.812962927628167	0.365100354485261	0.151012403369993	70.6297382252444
254	0.272452036264851		0.924445010344186		0.80953711271286	0.272233003414984	0.744377098469637	0.365719208684237	0.154083356209271	70.132067768181
252	0.247600468828753		0.865575198567699		0.784095585346222	0.247381435978885	0.674823811808858	0.366586702558379	0.156967268906879	69.6679018131658
250	0.223807317831296		0.806569783154059		0.758817315101624	0.223588284981429	0.608293997264145	0.367566153845076	0.159883596555486	69.2016426421459
248	0.201181747700756		0.747738245303201		0.735633492469788	0.200962714850889	0.54643059987386	0.367773537750777	0.16271304885843	68.7522556354281
246	0.178873796587502		0.687215021668087		0.715051770210266	0.178654763737635	0.487865201258132	0.366196980799021	0.16586311583296	68.255379262598
244	0.157603313884408		0.627191614772919		0.697206974029541	0.157384281034541	0.433841323826527	0.362769225500224	0.169332176883519	67.7123401139027
242	0.137723866484595		0.568560727250849		0.681808710098267	0.137504833634728	0.384284609681834	0.357820298212239	0.173205302476523	67.1111525777057
240	0.118673099119922		0.509098527476241		0.667849898338318	0.118454066270055	0.336705246737108	0.351803446539522	0.177491393816991	66.4520841233758
238	0.0999801006136828		0.447611018261483		0.657016694545746	0.0997610677638157	0.290845225529748	0.343003972584078	0.182930427465321	65.6250387016744
236	0.0838312461936524		0.391010296594338		0.649702370166779	0.0836122133437852	0.250833729954222	0.333337200539356	0.188974927532416	64.7179977334559
234	0.0680608174846952		0.331706879320317		0.645702123641968	0.0678417846348281	0.210996992997427	0.32152962784477	0.196568191633741	63.5962939979271
232	0.0550264593595929		0.279215667524446		0.644411623477936	0.0548074265097258	0.176749347428289	0.310085594697668	0.20468595764192	62.4186027023657
230	0.0430253355214386		0.227842818913804		0.644490897655487	0.0428063026715715	0.143661757449181	0.297965884809072	0.21418608885679	61.0680301227177
228	0.0332203263290501		0.183378508178388		0.646355271339417	0.033001293479183	0.115337598414296	0.286127801626677	0.224277471937325	59.6653960927391
226	0.0249672993806738		0.144256084437924		0.649210751056671	0.0247482665308067	0.0904484407910337	0.273617392564937	0.235312184052707	58.1684934668719
224	0.0187882859432973		0.113710481837811		0.652522802352905	0.0185692530934302	0.0709781756047666	0.2616191940017	0.246382468738104	56.7045007730429
222	0.0143828139588713		0.0913254937528182		0.655378818511963	0.0141637811090041	0.0566181917529684	0.250163077810791	0.257728555951296	55.2422608247239
220	0.010986871637312		0.0736080099597832		0.656985223293304	0.0107678387874449	0.0451168440543564	0.23866560290591	0.270720532427921	53.6141552476448
218	0.00852577079704079		0.0604867081704775		0.657121121883392	0.00830673794717367	0.0365038920033669	0.227557597047665	0.286470350266054	51.7046556067453
216	0.00669764120286706		0.0506053175620734		0.655903518199921	0.00647860835299994	0.0299550137462877	0.216277929560383	0.30390340796834	49.6702781513306
214	0.00542540417887505		0.0436650046701888		0.654084265232086	0.00520637132900792	0.0253323792820492	0.205522397680869	0.323033933905357	47.5298086740963
212	0.0044835806429045		0.0385004290377492		0.652615189552307	0.00426454779303738	0.0219050021591318	0.194683742190802	0.344152553448076	45.2738519733577
210	0.00376059139656399		0.0345710314322955		0.652986526489258	0.00354155854669687	0.0193516223746603	0.183010937177769	0.367905141704555	42.8642133887136
208	0.00315007991485736		0.0314765541917003		0.655270755290985	0.00293104706499023	0.0173915963391541	0.168532376662371	0.397304392856075	40.058585241144
206	0.00259427785790465		0.0286168301011069		0.661797821521759	0.00237524500803752	0.0156722725807459	0.151557152659252	0.434243018697948	36.7923036883022
204	0.00206695200571029		0.0260049061880512		0.668592393398285	0.00184791915584316	0.014086864824249	0.131180300151825	0.483829887434643	32.8223832771602
202	0.00157785939062969		0.0235721490681028		0.687935590744019	0.00135882654076257	0.0128208348815616	0.105985807735249	0.551973724856711	28.0560337393454
200	0.00112676718738456		0.0211523698247658		0.715800225734711	9.07734337517434E-4	0.0116080606149467	0.0781986214259272	0.652244525698292	22.2718080156579
