Wavelength	I1	I1 dark	R1	R1dark	XCorrect	I1c	R1c	I1c/R1c	Abs	Percent T
nm	uA	uA	uA	uA		uA	uA	uA/uA	OD	T*100
	Abs Detector Raw	Dark Offset for Abs Detector	Ref Detector Raw	Dark Offset for Ref Detector	Linear interp	Dark subtracted Abs Detector	Corrected Ref Detector	Corrected Intensity 	-Log(T)	% Transmittance
800	0.143336110648571	2.22441065853113E-4	0.210841587750048	0.00492598406921444	1.35067892074585	0.143113669582718	0.278125865344358	0.51456440200383	7.90141998958636E-4	99.818228486071
798	0.146543748727795		0.215769754844614		1.34199333190918	0.146321307661941	0.282950934455173	0.517126080335043	8.04441446580165E-4	99.8149419556372
796	0.159318145039055		0.234461172769194		1.33337259292603	0.159095703973202	0.306055929724656	0.519825589121351	8.13344959583113E-4	99.8128956608742
794	0.167279165133587		0.245759474191944		1.32502686977386	0.167056724067734	0.319110845554035	0.5235068829381	8.62767413905979E-4	99.8015376588578
792	0.160563815047506		0.235810409976938		1.31713449954987	0.160341373981652	0.304105842771827	0.527255157349798	8.57815571149583E-4	99.8026756064012
790	0.151676189732067		0.223108614220807		1.30966234207153	0.151453748666214	0.285745574403661	0.530030076519263	7.73481418552472E-4	99.822057826738
788	0.150434603814787		0.221683042555971		1.30193436145782	0.150212162748933	0.282203462532431	0.532283202342603	7.9934041269774E-4	99.8161143453689
786	0.153956328349054		0.226874820641915		1.29363858699799	0.153733887283201	0.287121579329755	0.535431323699428	7.69727400576744E-4	99.8229206869277
784	0.158126720635857		0.232948881591765		1.28498160839081	0.157904279570004	0.29300522960846	0.5389128370883	7.31005279178377E-4	99.8318213931048
782	0.164572694044548		0.242356289696265		1.27644824981689	0.164350252978695	0.303067498071139	0.542289272273325	7.95984299828381E-4	99.8168857008759
780	0.174491499775789		0.256837296947362		1.268270611763	0.174269058709936	0.319491714893988	0.545457207764403	5.90040269112669E-4	99.8642304575588
778	0.187970671322271		0.276442384454473		1.26044166088104	0.187748230256417	0.342230582658037	0.54860155629054	5.95293609534206E-4	99.8630224808347
776	0.204840066396465		0.300903211688275		1.25292003154755	0.204617625330612	0.370835797365829	0.551774199751157	7.50606784253319E-4	99.8273156720436
774	0.230917684013822		0.338802955799531		1.24577045440674	0.230695242947969	0.415934066788422	0.554643779792434	7.46179774251064E-4	99.8283332736845
772	0.294750978436491		0.431815341902481		1.23883104324341	0.294528537370638	0.528843788514094	0.556929179783282	6.46904620620845E-4	99.851155589732
770	0.39351739588852		0.575533245380947		1.23221707344055	0.393294954822666	0.703112009617471	0.559363158988906	7.16902152273474E-4	99.835063349348
768	0.446725110519662		0.650603623193773		1.22665858268738	0.446502669453809	0.792026017681464	0.563747477337775	8.50730598278712E-4	99.8043037758722
766	0.404620333771401		0.587571282747396		1.22236526012421	0.404397892705547	0.712205372078901	0.567810786831226	8.0520779114658E-4	99.8147658249837
764	0.343460540314611		0.499103784931949		1.2186872959137	0.343238099248758	0.602248207833983	0.569927971198505	7.07786873717128E-4	99.8371587799837
762	0.322638314140488		0.470231713208937		1.214359998703	0.322415873074635	0.565048664634614	0.570598416126023	5.49599303673976E-4	99.8735301242634
760	0.332723996473235		0.484894832352007		1.20898902416229	0.332501555407382	0.580277069513712	0.573004815933924	5.44844172293438E-4	99.8746236549825
758	0.353000208855594		0.514076499410695		1.2031888961792	0.352777767789741	0.612604246542787	0.575865691073203	5.00251610093879E-4	99.8848791249643
756	0.378333373122044		0.550299302305507		1.19780671596527	0.37811093205619	0.653251823291696	0.578813435454206	4.81049187078119E-4	99.889295653807
754	0.403263754186977		0.585930971779829		1.1931779384613	0.403041313121124	0.693242333472286	0.581385893014332	5.58028863944403E-4	99.8715916198469
752	0.426515846989575		0.618809660918472		1.18890511989594	0.426293405923721	0.729849446426624	0.584084029947372	4.48333584929821E-4	99.8968206436063
750	0.458991381527777		0.665153117154191		1.1848680973053	0.458768940461924	0.782282066967728	0.58644951716738	4.25969348802535E-4	99.9019650184553
748	0.504848991512996		0.730704745310228		1.18107759952545	0.504626550447143	0.857201037113093	0.588691017158168	3.5908775236832E-4	99.9173511624141
746	0.561969791150476		0.81194181896023		1.17750906944275	0.561747350084623	0.950268464768083	0.591145945500484	3.92512727190688E-4	99.9096614344301
744	0.612813316948292		0.883432952707769		1.174187541008	0.612590875882438	1.03153193726409	0.593865157008321	4.28893859643762E-4	99.9012922873748
742	0.665262110989205		0.956737042685856		1.17108881473541	0.665039669923352	1.11465528448742	0.596632590522524	4.61409584758872E-4	99.8938129352435
740	0.748555958617805		1.07424912412548		1.16803753376007	0.748333517551952	1.2490095633039	0.599141543458202	5.19879040553689E-4	99.8803650468434
738	0.861808942784409		1.23341672846995		1.16498303413391	0.861586501718556	1.43117087481739	0.602015117047772	5.03210085218683E-4	99.8841986974295
736	0.950791636520648		1.35638501044929		1.16204738616943	0.950569195454795	1.57045942912006	0.605280962901033	5.65408657786123E-4	99.8698945559295
734	0.98870473207228		1.40677247728897		1.15931880474091	0.988482291006427	1.62518700094976	0.608226801241185	5.55455717257998E-4	99.8721833497147
732	0.992858609924335		1.41152648727974		1.15665113925934	0.992636168858481	1.62694607452121	0.610122354024917	6.04483192255456E-4	99.8609094219886
730	0.991721001896653		1.41077049363042		1.15388596057892	0.9914985608308	1.62218424233963	0.611212052831183	5.98000567692505E-4	99.8624000364053
728	0.993781414791253		1.41635282881319		1.15089321136475	0.993558973725399	1.6244015739538	0.611646153055042	5.91694989906606E-4	99.8638499620407
726	1.00284607906167		1.43291854529973		1.1476241350174	1.00262363799582	1.63879872789345	0.611804012860455	5.84268036629873E-4	99.8655577675056
724	1.01811704213542		1.45853057644739		1.14410185813904	1.01789460106957	1.66307171513931	0.612056949681391	5.52411338642159E-4	99.8728834502632
722	1.02316768939307		1.46879804466808		1.14027833938599	1.02294524832722	1.66922160233322	0.612827707775501	5.83124966507746E-4	99.8658206156198
720	1.00018366330083		1.43777392858111		1.13600122928619	0.999961222234973	1.62771702634571	0.61433357644475	6.08287887996806E-4	99.8600345807728
718	0.938235286167989		1.34948883127763		1.13137769699097	0.938012845102136	1.52120841753428	0.616623491094376	6.72475782653891E-4	99.8452765490869
716	0.828738468368212		1.19191068890191		1.12621939182281	0.828516027302359	1.33680519237966	0.619773196592323	7.19279916397758E-4	99.8345167534504
714	0.697273557394496		1.00308088130683		1.12039887905121	0.697051116328643	1.1183316279845	0.62329554032635	7.14938268256489E-4	99.8355148055297
712	0.570497256631538		0.822539835275305		1.11375534534454	0.570274815565685	0.910621797208521	0.626247710425824	6.85955361166138E-4	99.8421776118125
710	0.470343822583489		0.681485963768616		1.10628998279572	0.470121381517636	0.74847152830192	0.628108570254121	5.14396394542468E-4	99.8816259703974
708	0.397555204099924		0.580476925170763		1.09837675094604	0.397332763034071	0.632171772691057	0.628520253827037	4.53288313919287E-4	99.8956809587372
706	0.344192791288248		0.507694792893227		1.09038031101227	0.343970350222395	0.548209210132794	0.627443581509829	3.86040209886191E-4	99.911150451349
704	0.304503482669983		0.454605458388564		1.0826700925827	0.30428104160413	0.486854518093872	0.624993771846769	5.2974024528636E-4	99.8780971627521
702	0.282923159880237		0.42735136609024		1.07555782794952	0.282700718814384	0.454342926357282	0.622218818461534	4.13799816510842E-4	99.9047644489656
700	0.272086658458694		0.415184086475772		1.0694442987442	0.271864217392841	0.438748188632308	0.619636102066455	5.38774294557523E-4	99.8760195534252
698	0.27721508159494		0.425670616585237		1.0649927854538	0.276992640529087	0.448089998147973	0.618162962069989	5.66169391289055E-4	99.86971961862
696	0.297827328827031		0.457924517823544		1.06259047985077	0.297604887761177	0.481351929353708	0.61826881666551	6.24436852177578E-4	99.8563214179152
694	0.325181379926225		0.499462275225927		1.06203079223633	0.324958938860372	0.525212769086779	0.618718656489253	6.63259967021174E-4	99.8473953082741
692	0.349885295537962		0.536230410760161		1.06277585029602	0.349662854472109	0.564657513842511	0.619247678283148	6.62428590449237E-4	99.8475864478537
690	0.367355082150286		0.562131397595142		1.06392598152161	0.367132641084432	0.592825316494726	0.619293122053601	6.90206121524035E-4	99.8412003875756
688	0.379536909494188		0.580411862304812		1.06461536884308	0.379314468428334	0.612671110521774	0.619115969260075	6.90965089180729E-4	99.8410259064831
686	0.386054962751834		0.590185490500622		1.0645604133606	0.385832521685981	0.623044102089837	0.619270000938629	6.18612760081836E-4	99.8576605468614
684	0.383234166559492		0.586008204750712		1.06376242637634	0.383011725493639	0.618133432996303	0.619626289484215	6.95157827436798E-4	99.8400620322327
682	0.378338394179152		0.578817148871243		1.06245732307434	0.378115953113299	0.609734870691579	0.620131751173144	6.06232076591417E-4	99.8605072874096
680	0.37993987519082		0.581805312006275		1.06094348430634	0.379717434124966	0.612036364205843	0.620416459433215	5.10400253444411E-4	99.8825450309046
678	0.386970180948861		0.592991507640289		1.05921316146851	0.386747739883008	0.62288674237235	0.620895764148111	5.14669312782121E-4	99.8815632030584
676	0.395071881661117		0.60585140291361		1.05730748176575	0.394849440595264	0.635362941327395	0.621454943170509	7.04273668000728E-4	99.8379664114647
674	0.401845179973896		0.616623676735312		1.05524814128876	0.401622738908043	0.645492853216521	0.622195485057252	7.13587207473623E-4	99.8358253875523
672	0.408502502945341		0.627187707149643		1.05312037467957	0.408280061879488	0.655316498959213	0.62302728914643	6.10196774996105E-4	99.859595659463
670	0.414549371817664		0.636800285541409		1.0509113073349	0.41432693075181	0.664043848231471	0.623945138344818	6.06753302401717E-4	99.860387438218
668	0.418587517248305		0.643495292228524		1.0485315322876	0.418365076182452	0.669560055156113	0.624835775313549	6.63727961546276E-4	99.8472877130567
666	0.421760432885041		0.648802803193645		1.04595601558685	0.421537991819188	0.673466832260126	0.625922423535728	6.92022327525959E-4	99.8407828556571
664	0.42535261945516		0.654820118233077		1.04322910308838	0.425130178389307	0.677988474686165	0.627046320494011	6.846148376215E-4	99.8424857920956
662	0.430344945790192		0.662883710424978		1.04042720794678	0.430122504724339	0.684557120179337	0.62832230071854	7.00954603743047E-4	99.8387294188386
660	0.43735492562058		0.673986876274167		1.03775990009308	0.437132484554727	0.694324564650797	0.629579460111105	6.66518141773147E-4	99.8466462334972
658	0.446441147813277		0.688293641658894		1.03528940677643	0.446218706747424	0.707483296836217	0.630712709039015	6.78840423972658E-4	99.8438133144786
656	0.459007517086795		0.707955197671639		1.03309750556946	0.458785076020942	0.726297726915123	0.63167632090711	6.26031633462485E-4	99.8559547342321
654	0.475770848623816		0.73407321239882		1.03115320205688	0.475548407557963	0.751862499262975	0.632493850968929	6.41925079263143E-4	99.8523004714427
652	0.492602214828534		0.760343790296777		1.02945709228516	0.492379773762681	0.777670218259458	0.633147267571465	6.51532363290521E-4	99.8500916043243
650	0.502943458683696		0.77633677363131		1.02793705463409	0.502721017617843	0.792961734935421	0.633978911553386	5.98716034258809E-4	99.8622355209611
648	0.505522764093312		0.780688957146634		1.02666783332825	0.505300323027459	0.796450890745674	0.634440024989329	6.96418809460363E-4	99.8397721451953
646	0.506690348927514		0.782761912765792		1.02560043334961	0.506467907861661	0.797748865546106	0.63487136081974	6.75707837162288E-4	99.8445334952631
644	0.511165924471154		0.790107867021107		1.02465677261353	0.5109434834053	0.804541934100098	0.635073775211984	6.02547771571521E-4	99.8613544502087
642	0.520335478572697		0.804705721577035		1.02378344535828	0.520113037506844	0.818801255193494	0.6352127994527	6.69821353648392E-4	99.8458868101404
640	0.5330238290469		0.824614731202073		1.02288675308228	0.532801387981047	0.838448761092808	0.635460880503431	6.39194052176996E-4	99.8529283868457
638	0.547085890758289		0.846742164890511		1.02184903621674	0.546863449692435	0.860209053043896	0.635733195038264	6.66469215700281E-4	99.8466574818661
636	0.561985401501976		0.869967264285013		1.02063095569611	0.561762960436123	0.882887908543233	0.636278914911217	6.63961770310023E-4	99.8472339588287
634	0.576745956557742		0.893035880525843		1.01923584938049	0.576523515491888	0.905193444658194	0.636906419168322	7.05928201286616E-4	99.8375860591212
632	0.58947226723687		0.91296457124211		1.0177036523819	0.589249826171017	0.924114186669554	0.637637463714992	6.69612597359828E-4	99.8459348039848
630	0.60320642092955		0.934425792164656		1.01619136333466	0.602983979863697	0.944549677207808	0.638382495292554	6.20838112542248E-4	99.8571488711885
628	0.618668446929778		0.958622865127052		1.01451146602631	0.618446005863925	0.967536420946702	0.639196615729252	6.83417630437848E-4	99.8427610254015
626	0.634224041655219		0.983074662514699		1.01275491714478	0.634001600589366	0.990624883794328	0.64000169081256	6.7850491320194E-4	99.8438904480575
624	0.649190276641803		1.00648791834155		1.01092803478241	0.64896783557595	1.01250703792681	0.640951431710309	7.39678250030166E-4	99.8298277462415
622	0.663113074437733		1.02830369919921		1.0092089176178	0.66289063337188	1.03280191620051	0.641837145123172	7.34470686262296E-4	99.8310247987772
620	0.67238088476447		1.04276846659746		1.00772297382355	0.672158443698617	1.04585771285378	0.642686319025685	7.32755880070645E-4	99.8314189810764
618	0.680200780973458		1.05510618474885		1.0068142414093	0.679978339907605	1.05733638209033	0.643105024498733	7.3770578557961E-4	99.8302811511124
616	0.688376509700555		1.06803947388174		1.00664889812469	0.688154068634702	1.07018202310128	0.643025255311711	7.16063568990999E-4	99.8352561219929
614	0.696468214685312		1.08078516017114		1.00700271129608	0.696245773619459	1.08339310730741	0.642652947414314	7.22826020271489E-4	99.8337015873914
612	0.703274162228918		1.09180543844742		1.00780045986176	0.703051721163064	1.09535761393665	0.641846746868668	8.33895813628359E-4	99.8081726173994
610	0.711990323693113		1.10551622849273		1.00835275650024	0.71176788262726	1.10978320674173	0.641357589755728	7.75769083482206E-4	99.8215320111245
608	0.723312124490158		1.12338940194426		1.0085117816925	0.723089683424305	1.12798353431905	0.641046310893912	8.41719264027393E-4	99.8063746731764
606	0.736390162767979		1.14379639282952		1.00798010826111	0.736167721702126	1.14795871791758	0.641284142201165	8.48667816197894E-4	99.8047778206205
604	0.750075187432535		1.16497728202711		1.00688087940216	0.749852746366682	1.16803347103946	0.641978817353041	8.0270165405904E-4	99.8153418171243
602	0.765403519280466		1.18865212476698		1.00539457798004	0.765181078214613	1.19011184367078	0.642948881051794	7.86458176042056E-4	99.8190751793919
600	0.781957256702113		1.21415480319291		1.00393652915955	0.78173481563626	1.21398898363074	0.643938969938825	8.12453443613193E-4	99.8131005561365
598	0.799526060342849		1.24129223869238		1.00287997722626	0.799303619276996	1.2399269612798	0.64463766353785	8.43510612460948E-4	99.8059629994581
596	0.819043008812227		1.27118708964715		1.00218975543976	0.818820567746373	1.26903390772203	0.645231433741745	7.84526689086179E-4	99.8195191170389
594	0.839965903015732		1.30336690519239		1.00178515911102	0.839743461949879	1.30075884476365	0.645579667076924	8.07165125374819E-4	99.814315967973
592	0.859012000046561		1.33278589555336		1.00154709815979	0.858789558980708	1.32991424110966	0.645748073397686	8.27146256473513E-4	99.8097237911502
590	0.877213045811236		1.36065752263925		1.00122630596161	0.876990604745383	1.35739408023813	0.646084005752797	8.33453368710245E-4	99.808274298731
588	0.89367164102135		1.38600274592665		1.00070452690125	0.893449199955496	1.38204976758885	0.646466734345049	8.74858181396426E-4	99.798759220631
586	0.909621140774513		1.41032330857361		0.999973237514496	0.90939869970866	1.40535971257887	0.647093190141255	8.64535702675472E-4	99.8011313042153
584	0.923108011142985		1.43087157387236		0.999053955078125	0.922885570077132	1.42459658121905	0.647822395647902	8.55751662405636E-4	99.8031499023292
582	0.936042737043449		1.45061538482863		0.998229086399078	0.935820295977596	1.4431292097369	0.648466048406163	8.6669636576434E-4	99.8006347837822
580	0.949782440662865		1.47152902244037		0.997582137584686	0.949559999597011	1.4630569940065	0.649024613181129	8.74237388531611E-4	99.7989018759133
578	0.965477761645071		1.49554525281316		0.997147619724274	0.965255320579218	1.48636745574316	0.649405580598241	8.98834863046031E-4	99.7932496479164
576	0.980897817430623		1.51898059573709		0.996688485145569	0.98067537636477	1.50904079733092	0.649866708772431	9.04211127711065E-4	99.7920142843015
574	0.997902327555548		1.54490956291864		0.996220171451569	0.997679886489695	1.53416270495398	0.650309046927081	9.18496304760666E-4	99.7887318959528
572	1.01505779654217		1.57091409894755		0.9957315325737	1.01483535547632	1.55930374562	0.650825958910788	8.789122792642E-4	99.7978276130113
570	1.03496992506368		1.60126175263488		0.995352268218994	1.03474748399783	1.58891642808094	0.651228387919416	9.47942068631107E-4	99.7819663118877
568	1.05405134344447		1.63004897542024		0.995181918144226	1.05382890237862	1.617293015753	0.651600478153282	9.30527109254663E-4	99.7859675916715
566	1.07504544858519		1.66194977241191		0.995282471179962	1.07482300751934	1.6492067308657	0.651721210812146	9.76123579983496E-4	99.7754916374456
564	1.09688109577577		1.69493823663556		0.995623111724854	1.09665865470992	1.68261525775324	0.651758415749934	9.77119092027434E-4	99.7752629272181
562	1.12207606698857		1.73310885782093		0.996170461177826	1.12185362592272	1.72156473034487	0.651647658754014	9.77853503871642E-4	99.7750942028249
560	1.14986453031748		1.77510429344414		0.99668163061142	1.14964208925162	1.76430420386077	0.651612169112277	9.91484261709107E-4	99.7719627128762
558	1.17956246080184		1.81993128423182		0.997178435325623	1.17934001973598	1.80988414532386	0.651610780050761	0.00100318235169789	99.7692753066853
556	1.20500457556834		1.85819889028008		0.997675478458405	1.20478213450249	1.84896493341793	0.651598152418918	0.00105315785463549	99.75779523256
554	1.23355319331315		1.90097311618338		0.99818366765976	1.2333307522473	1.89260328038949	0.651658361277639	0.00107407767413822	99.7529900487619
552	1.26306698469913		1.94523196488349		0.998678505420685	1.26284454363327	1.93774187697841	0.651709372975141	0.00110854797392312	99.7450728884952
550	1.29131488192512		1.98724291808476		0.999059557914734	1.29109244085927	1.98045267974446	0.651917843866816	0.00107245635275197	99.7533624503574
548	1.32069005087513		2.03091447918955		0.999196529388428	1.32046760980927	2.02436067290513	0.652288708965232	0.0011066795887665	99.7455020042732
546	1.34790802928199		2.07096096706665		0.99907249212265	1.34768558821614	2.06411871927582	0.652910889102816	0.00111109283531	99.74448840803
544	1.37611716124935		2.11231645640335		0.998806416988373	1.3758947201835	2.10487512686749	0.653670473189129	0.00109039948811929	99.7492411658702
542	1.40235049854687		2.1505287389655		0.998482644557953	1.40212805748102	2.14234711287968	0.654482202744598	0.00113315171334901	99.7394222703759
540	1.41866879926292		2.17346319688168		0.99831360578537	1.41844635819707	2.16488020420256	0.655207782603173	0.00111104468505632	99.7444994667077
538	1.44065086948758		2.20492728367001		0.998360693454742	1.44042842842173	2.19639482307079	0.655814889605259	0.0011473940192617	99.7361514572972
536	1.46164694850525		2.23481432456622		0.998661279678345	1.4614245074394	2.22690314366056	0.656258675461352	0.00113934180404432	99.7380006735204
534	1.48259662981802		2.26424909739782		0.999168038368225	1.48237418875217	2.25744344318453	0.656660610137374	0.00119355459040697	99.7255512004538
532	1.50164039805248		2.29087534240861		0.999805629253387	1.50141795698662	2.2855050366559	0.656930495845007	0.00122083625015937	99.7192868033285
530	1.52004022830122		2.3159876201403		1.0004802942276	1.51981778723537	2.31217162563452	0.657311840689286	0.00122566608517105	99.7181778207263
528	1.54035072260483		2.34396888711834		1.00102841854095	1.54012828153898	2.34144841813871	0.657767333078075	0.0012343881378894	99.7161751738898
526	1.5604037315579		2.37151163114891		1.0014044046402	1.56018129049205	2.36990929094388	0.65832953879457	0.00129307151627847	99.7027020883428
524	1.58320792091991		2.40276754410995		1.00163662433624	1.58298547985405	2.40176592589235	0.659092321524176	0.00127893953794552	99.7059464752947
522	1.60716906462299		2.43572547610716		1.00181710720062	1.60694662355714	2.4352165152982	0.659878336674454	0.00131382016838083	99.6979388519912
520	1.63148694416449		2.46907817616921		1.0020604133606	1.63126450309864	2.46922936419914	0.660637090563566	0.00135293932498454	99.6889589459603
518	1.6628655707481		2.51287183810359		1.00242054462433	1.66264312968224	2.51401644888947	0.661349344160693	0.00137231879934677	99.684510635882
516	1.69704344658809		2.56072162062724		1.00289297103882	1.69682100552224	2.56318947931572	0.661995930934933	0.00143630009779747	99.6698259578404
514	1.73810268592598		2.61820785330769		1.00349617004395	1.73788024486013	2.62241834702609	0.66270137517568	0.0014298986762509	99.6712950837452
512	1.78297922139119		2.68115764065381		1.00418245792389	1.78275678032534	2.68742488288284	0.663369901678126	0.00142831225583526	99.6716591704945
510	1.83377398803393		2.75273064573891		1.00497353076935	1.83355154696808	2.76147095270267	0.663976401842491	0.00143743577721323	99.6695653217365
508	1.89649135350598		2.84172189538332		1.00580215454102	1.89626891244013	2.85325543959287	0.664598369331665	0.0014817054302042	99.6594060579718
506	1.97109222356922		2.94796289105255		1.00663805007935	1.97086978250336	2.96257293335726	0.66525612257921	0.00151660152708506	99.6513986235746
504	2.05199848911507		3.06301623287798		1.00742840766907	2.05177604804922	3.08080698986572	0.665986559624967	0.00152223601834147	99.6501057651218
502	2.14314387815517		3.19183111517576		1.00814700126648	2.14292143708932	3.21286885124582	0.666980675622156	0.00153651006903256	99.6468305973607
500	2.23511237632284		3.32193621719495		1.00866842269897	2.23488993525698	3.34576347992329	0.667976068442299	0.00159418315550152	99.6335986569493
498	2.35250692175219		3.48894725412526		1.00904226303101	2.35228448068634	3.51552470678551	0.669113340647574	0.00160523719396284	99.6310627287685
496	2.527262426425		3.74030339569902		1.00876116752625	2.52703998535914	3.76810367890684	0.670639717135452	0.00164386455524098	99.6222016585213
494	2.74481850465725		4.05236086271382		1.00816118717194	2.74459606359139	4.08046675225544	0.672618166065032	0.00166398126062842	99.617587222579
492	2.91975044975903		4.29886138418978		1.00794267654419	2.91952800869318	4.32804074010537	0.6745611199173	0.0017288205378561	99.6027156308822
490	2.98740128689106		4.38563558794461		1.00791668891907	2.98717884582521	4.41539031905405	0.676537889059188	0.00171502508307655	99.6058795821655
488	3.02250648450469		4.42554425966015		1.00887954235077	3.02228404343884	4.45987134278563	0.677661710651753	0.00174811883393563	99.5982897860448
486	3.12592619600551		4.56590099738056		1.00954282283783	3.12570375493966	4.60449958983114	0.678836797345503	0.00176665681025703	99.5940384970941
484	3.33679094369809		4.86115556407187		1.01009511947632	3.33656850263224	4.90525379781722	0.680203031312462	0.00185381579740358	99.5740528769893
482	3.52262860408833		5.11569783600399		1.01073944568634	3.52240616302248	5.16565870865391	0.681889060367359	0.00187044145415257	99.5702410571159
480	3.59798416775207		5.20694829706516		1.01162850856781	3.59776172668622	5.26251407403255	0.683658357217338	0.00188886752137224	99.5660166215979
478	3.57309997107416		5.15439054092751		1.0127238035202	3.57287753000831	5.21498533211401	0.685117464857751	0.00191591685218191	99.5598155060775
476	3.67402664303416		5.28470159997713		1.01399922370911	3.6738042019683	5.35368837588889	0.686219283609	0.00193644782531993	99.5551089954771
474	3.94188285778417		5.65506684752065		1.01552999019623	3.94166041671832	5.73788749566815	0.686953241884596	0.00198057304051316	99.5449945048832
472	4.42021664493534		6.32384193273899		1.01726651191711	4.41999420386949	6.42802158620072	0.687613466227005	0.00205171414958867	99.5286895283888
470	4.94670564185503		7.05999710069589		1.01911818981171	4.94648320078918	7.18995130536944	0.687971724800856	0.00208084291813444	99.522014216915
468	5.38509781539627		7.66520441761354		1.02110064029694	5.38487537433042	7.82191521334492	0.688434383070698	0.00216210909523924	99.5033931721723
466	5.50879176509733		7.8072004522024		1.02326714992523	5.50856932403148	7.98381115794105	0.689967387135956	0.0022216833151247	99.4897447591367
464	5.34177242006158		7.53223187419956		1.02553856372833	5.34154997899573	7.71954247130809	0.691951627813324	0.00219395577821901	99.4960968859722
462	5.14307594868756		7.22829830119527		1.027627825737	5.14285350762171	7.42293838873708	0.692832573610611	0.00222856266645838	99.4881688250272
460	4.97004059537507		6.97377502096229		1.02919805049896	4.96981815430922	7.17232584299193	0.692915835546599	0.00226518438385602	99.4797798766433
458	4.81744111844577		6.7536605980137		1.03004312515259	4.81721867737992	6.95148769257283	0.692976653404245	0.00235276786803057	99.459719968904
456	4.61993380722325		6.47980006688143		1.03006207942963	4.6197113661574	6.66952226178655	0.692660011441348	0.00238166402844596	99.4531025502335
454	4.43697312924339		6.23534550731135		1.02918720245361	4.43675068817753	6.41226803923795	0.691915974352315	0.00237619614994539	99.4543546980898
452	4.30093913808773		6.06490545428146		1.02735614776611	4.30071669702188	6.22575716405898	0.690794161045941	0.00241922041286316	99.4445025389243
450	4.1402284356049		5.85993899025671		1.02460694313049	4.14000599453905	5.99908697825905	0.690106012722037	0.00249514825932335	99.4271181436911
448	3.87801895911358		5.50912196040851		1.02102768421173	3.87779651804772	5.61993647116924	0.69000718031977	0.00255541438239902	99.4133218108952
446	3.53307271049191		5.03844690613689		1.01675081253052	3.53285026942606	5.11783648740167	0.690301512782346	0.0025807855605117	99.4075143242072
444	3.26382891518104		4.67240036463079		1.0121191740036	3.26360647411519	4.72404031473695	0.690850682187058	0.00267513516155999	99.3859205877188
442	3.12761847871359		4.48865770179077		1.00782012939453	3.12739603764774	4.5187950799245	0.692086271303099	0.00275506617390236	99.3676304952103
440	3.07894133779481		4.42234942812995		1.0045450925827	3.07871889672896	4.43750104259099	0.693795644706225	0.002874332098438	99.3403459091091
438	3.04980290773546		4.37855493123463		1.00285410881042	3.04958046666961	4.38611176007705	0.695281067488358	0.00297158338325578	99.3181031796501
436	3.02180291761297		4.33144708718458		1.00277864933014	3.02158047654712	4.33854298808037	0.696450509963495	0.00304212149733385	99.3019732422898
434	2.99003313990789		4.27595584717194		1.00421047210693	2.98981069884203	4.2890129152092	0.697085963122171	0.00312858705311515	99.2822047534204
432	2.97376284944556		4.24020404311557		1.00665414333344	2.9735404083797	4.26346020630821	0.697447675008215	0.0033212451451177	99.2381717781782
430	2.98545902615663		4.24172462660559		1.00962591171265	2.98523658509078	4.27758169221369	0.697879502926778	0.00336506731213452	99.2281587282343
428	2.99788805198587		4.24471639905457		1.01240730285645	2.99766561092002	4.29239477871194	0.69836670797078	0.00340478696937649	99.2190839451291
426	2.99486001000579		4.23082109393432		1.01423370838165	2.99463756893993	4.28604526851037	0.698694806361839	0.0035221869696016	99.1922663209194
424	2.97618603058822		4.20141592315338		1.01462960243225	2.97596358952236	4.2578829185039	0.69893034789412	0.00357816743520047	99.1794812830708
422	2.95562625772115		4.17858399941648		1.01337480545044	2.9554038166553	4.22947987931921	0.698762945086054	0.00361049318502903	99.1720993523326
420	3.42224032079806		4.85593061536228		1.01114857196808	3.42201787973221	4.90508640554252	0.697646809211247	0.00375997130871671	99.1379715677854
418	3.2736447671926		4.66818465175701		1.0079870223999	3.27342232612675	4.70050421912316	0.696398125292477	0.00387145427176868	99.1125262147831
416	3.08003176015374		4.41948187443047		1.00422537326813	3.07980931908789	4.43320903681104	0.694713308917934	0.00393552711310662	99.0979049082607
414	2.90710694395018		4.1989706692569		1	2.90688450288433	4.19404468518768	0.693098123906671	0.00404345394056682	99.0732810779121
412	2.75454775022384		4.00597976914914		0.995681941509247	2.75432530915799	3.98377700081131	0.691385413540231	0.00416238928507142	99.0461527077106
410	2.63701672042003		3.85822398360673		0.991583049297333	2.63679427935418	3.82086498023273	0.690104019114953	0.00426621205471504	99.022477489022
408	2.53662901574304		3.73100554905648		0.988153755664825	2.53640657467718	3.68193951604813	0.688877849193879	0.00445178008749673	98.9801755904376
406	2.45552496333274		3.62667189712963		0.985654711723328	2.45530252226688	3.5697909238727	0.687800090993352	0.0045874598785741	98.9492576015566
404	2.39602332294549		3.55032186813783		0.98426741361618	2.39580088187964	3.48961763705767	0.686551115640194	0.00470915466620548	98.9215346567712
402	2.37295958280328		3.52284504207575		0.984128773212433	2.37273714173742	3.46208536681661	0.685349114865749	0.00483843585735702	98.892091983476
400	2.38386118676362		3.54155646778223		0.985299050807953	2.38363874569777	3.48463865866091	0.684041870388296	0.00504824445245768	98.8443285401073
398	2.42954581304592		3.60778784691212		0.987817049026489	2.42932337198007	3.55896837340355	0.682592009003111	0.00519236534307229	98.8115324309649
396	2.47429292712493		3.66840825194333		0.991658091545105	2.47407048605908	3.63292183416938	0.681013960385621	0.0053487382532695	98.7759605641189
394	2.50185328834293		3.70070849107207		0.996615350246429	2.50163084727708	3.68327357765128	0.679186814266535	0.0055526303295833	98.7295982231233
392	2.5073813571685		3.69797049791895		1.0025714635849	2.50715891610265	3.70254104333452	0.677145475704084	0.00572667774044572	98.6900393779736
390	2.50958822239406		3.68815974600503		1.0093150138855	2.5093657813282	3.71754313557178	0.675006500211664	0.00585481363537603	98.6609257886842
388	2.51652573945618		3.68583595451041		1.01699423789978	2.51630329839033	3.74346423016654	0.672185746590766	0.0060763463622734	98.6106118858444
386	2.53991904014395		3.70592226790671		1.02549052238464	2.5396965990781	3.79533661245614	0.669162411245137	0.00627012789723218	98.5666217962163
384	2.56709756542598		3.73163594944459		1.03449034690857	2.56687512436012	3.85524548490879	0.66581366463123	0.00647714635238945	98.5196484910798
382	2.59735505065664		3.7631952535177		1.04369103908539	2.59713260959078	3.92247195899337	0.662116297258958	0.00665799599574574	98.4786313130887
380	2.62676729663286		3.79446298044354		1.0526317358017	2.62654485556701	3.98898690637826	0.658449104299453	0.00686779894467897	98.4310688448964
378	2.64287516522084		3.80842519230182		1.06117713451386	2.64265272415499	4.03618639091799	0.654740011536966	0.00709465027180648	98.3796673448281
376	2.64784679361895		3.80700847844029		1.06922745704651	2.64762435255309	4.06529099693743	0.651275481766906	0.00726939339604315	98.3400911745434
374	2.64650667887821		3.7982867035728		1.07646524906158	2.64628423781235	4.08342099170085	0.648055697218255	0.007504440488074	98.2868823506467
372	2.6413347355395		3.78542731885855		1.08239138126373	2.64111229447364	4.09198206163202	0.6454359414812	0.00780075220460119	98.2198457590218
370	2.64812805826626		3.79045676463924		1.08660447597504	2.64790561720041	4.11337469010866	0.643730711808911	0.00804808632996175	98.163924709118
368	2.65910900792941		3.80249939642706		1.08728444576263	2.65888656686356	4.12904250289841	0.643947492668611	0.00833321736957472	98.099497466861
366	2.67166157135582		3.81762133972601		1.08414971828461	2.67143913028996	4.13353259574034	0.646284762104675	0.00856988250454823	98.0460535318272
364	2.68931186913685		3.84116620779599		1.07767069339752	2.689089428071	4.1342036619431	0.650449191176787	0.00889142842632065	97.9734883899249
362	2.71048643448193		3.87004761637199		1.06871128082275	2.71026399341608	4.13069909019403	0.656127191605421	0.00917970047331069	97.908478015969
360	2.74352175173274		3.91635226218306		1.05907070636749	2.74329931066689	4.1424769912664	0.662236462978695	0.00952175991047772	97.831393607063
358	2.78122815539067		3.96905593873028		1.04836678504944	2.78100571432481	4.1558621760862	0.669176598378881	0.00981295582988602	97.765819313019
356	2.81864916354192		4.02210015970973		1.03684234619141	2.81842672247607	4.16517629733064	0.676664448581043	0.0101322491679326	97.6939682904672
354	2.85747072100399		4.07711724445083		1.02479386329651	2.85724827993813	4.17315661380876	0.684673148974004	0.0104250014585154	97.6281362413386
352	2.88919686345534		4.12291889221703		1.01273274421692	2.88897442238949	4.17042625853435	0.69272881074866	0.0108131005636992	97.5409316615796
350	2.9181910112887		4.165496741168		1.00126516819	2.91796857022285	4.16583457887292	0.700452337935204	0.0111939072081103	97.4554413861683
348	2.94781352581877		4.20949570827734		0.990810453891754	2.94759108475292	4.16593163686218	0.707546676635595	0.0115602496433387	97.3732690089445
346	2.96274595007551		4.23350565447047		0.981342911720276	2.96252350900966	4.14968668619273	0.713914985164273	0.0119824721900038	97.2786483940963
344	2.9827040115192		4.26543172123743		0.972720801830292	2.98248157045335	4.14428255686082	0.719661733854484	0.0123886729639087	97.1877050586362
342	2.99477016381474		4.28699606929579		0.964752793312073	2.99454772274889	4.1311390758804	0.724872164249446	0.012823124850869	97.0905307418798
340	3.0019630568524		4.30262450673334		0.957048177719116	3.00174061578655	4.11310453950184	0.729799251868786	0.0132485352876171	96.9954728855077
338	3.00251899435018		4.30975588609938		0.950148642063141	3.00229655328433	4.09022828572676	0.73401686741083	0.013699460577739	96.8948153475215
336	2.99586415062677		4.30866983141622		0.944044172763824	2.99564170956092	4.0629243001561	0.737311721374141	0.0141958595186714	96.7841277659593
334	2.98054010771926		4.29737686759415		0.938558220863342	2.9803176666534	4.02871506438445	0.73976878955791	0.0146660894158577	96.6793920095583
332	2.95340926798392		4.27244008546723		0.933434963226318	2.95318682691806	3.98344686830626	0.741364683539445	0.0151701212496786	96.5672532947711
330	2.9075044488314		4.22422667989817		0.928119659423828	2.90728200776555	3.91601592481949	0.742408116713561	0.0156818272968502	96.4535402498491
328	2.84563054527005		4.15777982225352		0.923022568225861	2.84540810420419	3.8331778151875	0.742310490510081	0.0161922538297868	96.340244944335
326	2.7682625011456		4.07250944417627		0.918195605278015	2.76804006007975	3.73483725717184	0.741140743084428	0.0167247372197831	96.2221956798417
324	2.68340015773469		3.97849581662225		0.913534343242645	2.68317771666884	3.62999250731012	0.739168940780298	0.0172830809414277	96.0985686468171
322	2.60263498471757		3.89261108796152		0.908978700637817	2.60241254365172	3.53382295422502	0.736429803462645	0.0179293893886377	95.9556630211261
320	2.520489042663		3.80310053411997		0.904343068599701	2.52026660159714	3.43485282767019	0.733733504182363	0.0186177968766232	95.803682570928
318	2.43964377687276		3.71280799297685		0.899914681911469	2.4394213358069	3.33677745861137	0.731071030677032	0.0193233656473188	95.6481631948118
316	2.37391761258461		3.64396607430662		0.895963847637177	2.37369517151875	3.26044836095504	0.728027224704598	0.0201069180839727	95.4757507257697
314	2.31945246143505		3.58968345733602		0.892610192298889	2.3192300203692	3.19979105755756	0.724806707266534	0.0208758467420749	95.3068582078268
312	2.27375585517233		3.54826647996245		0.88999992609024	2.27353341410648	3.15357277945754	0.720938939134794	0.0217566651155265	95.1137566077508
310	2.22328618984666		3.49976353093751		0.888025283813477	2.2230637487808	3.10350410443971	0.716307655466156	0.0225736943262499	94.9349892764549
308	2.16895752307155		3.44552805019719		0.887133359909058	2.1687350820057	3.05227287103416	0.710531192209856	0.0234560376070538	94.7423084589635
306	2.10963339733204		3.3847506505377		0.887335538864136	2.10941095626619	2.99903854168711	0.703362403298603	0.0245725854401544	94.4990439065272
304	2.04828271398343		3.32090139053893		0.888603985309601	2.04806027291758	2.94658896137761	0.695061408212178	0.0255029927041733	94.2968113485715
302	1.98013730409948		3.24891928633437		0.891015827655792	1.97991486303363	2.89044937712763	0.684985137155786	0.0266759614739978	94.0424724461266
300	1.90702972870801		3.16813300247748		0.894482612609863	1.90680728764216	2.82943367805168	0.673918354204069	0.0278616650502589	93.7860694237976
298	1.8283563818544		3.07841757558988		0.900495111942291	1.82813394078855	2.76766415476009	0.660533156685343	0.0291673341402325	93.5045330740118
296	1.74294918004724		2.97727146027138		0.909423410892487	1.74272673898138	2.70312056131862	0.644709216421799	0.0306094914652196	93.1945484762005
294	1.64703959791094		2.85875529619416		0.92107892036438	1.64681715684509	2.62860202171627	0.626499235426231	0.0322404121266985	92.8452281743523
292	1.5542377379302		2.74256222048657		0.934718489646912	1.55401529686434	2.55891920810669	0.607293615187694	0.0339719342453316	92.4757933368198
290	1.45440509428614		2.61236781426852		0.948803901672363	1.45418265322029	2.47395098187683	0.587797682279496	0.0357028437659796	92.1079584187442
288	1.35033828806135		2.47179698231069		0.962523102760315	1.35011584699549	2.37442032733682	0.568608612153267	0.0376007690289856	91.7063125219675
286	1.23759812737902		2.31401524710131		0.97529125213623	1.23737568631317	2.2520345586369	0.549447912141331	0.0395692420693847	91.2915872256544
284	1.12885583045025		2.15815783805611		0.986907541751862	1.1286333893844	2.12504075584001	0.531111408702492	0.0415833426548849	90.8691901126333
282	1.02596229692585		2.00884432791055		0.996903836727142	1.02573985585999	1.99771388546333	0.513456838501222	0.0437362758081262	90.4198379153117
280	0.929280735727695		1.866404203968		1.00535523891449	0.929058294661842	1.87144688050046	0.496438506666774	0.0457952710802445	89.9921709830343
278	0.84003464630159		1.73212920450453		1.00982344150543	0.839812205235737	1.74417030023926	0.481496677887781	0.0477660358263696	89.5847248572068
276	0.756543899870066		1.60305697235427		1.01022160053253	0.756321458804213	1.61446644484596	0.468465269884488	0.0497760429411635	89.171065710633
274	0.680254887418554		1.48466248063985		1.00653350353241	0.680032446352701	1.48940436019801	0.456580136681145	0.0518111992356259	88.7541769060315
272	0.619720993922643		1.39031571221801		0.99854451417923	0.61949855285679	1.38337331304323	0.447817336806922	0.0537400965001505	88.360853768387
270	0.569760854962117		1.31221368005939		0.988452672958374	0.569538413896264	1.29219201742708	0.440753700854992	0.0557076674984554	87.9614404055339
268	0.529286347372381		1.25026043201592		0.972882628440857	0.529063906306528	1.21156425100634	0.436678373323644	0.0575283682934559	87.5934499364074
266	0.497077036893173		1.20244902656732		0.953488886356354	0.49685459582732	1.14182491217759	0.435140791314283	0.0593743182569548	87.2219278840691
264	0.468698627582739		1.16001790399517		0.931065678596497	0.468476186516886	1.07546644226719	0.435602793453315	0.0610580844680033	86.8844218440306
262	0.442975087646463		1.12132238168885		0.906938552856445	0.44275264658061	1.0125029332713	0.437285297683156	0.0626641016295142	86.5637173654291
260	0.416923446820384		1.08027966548322		0.883175373077393	0.416701005754531	0.949725888772962	0.438759236407576	0.0643284874436531	86.2326063222746
258	0.390282795071366		1.03495568800319		0.859192788600922	0.390060354005513	0.884994093664817	0.440749104200513	0.0658275188783234	85.9354748593391
256	0.362741323928975		0.985923104886129		0.834685504436493	0.362518882863122	0.818824076639814	0.442731098419554	0.0673795207141778	85.6289225228142
254	0.333244616588342		0.929271583811228		0.80953711271286	0.333022175522489	0.748292067963987	0.445043038380191	0.0688980694172336	85.3300363389322
252	0.303734988715534		0.869954652285551		0.784095585346222	0.303512547649681	0.678265159946352	0.447483617872526	0.0704932491966131	85.0171908411279
250	0.275744690060288		0.811636526297876		0.758817315101624	0.275522248994435	0.612145927718128	0.450092431426422	0.0721363673168224	84.6961428738499
248	0.248889484784295		0.753694154092879		0.735633492469788	0.248667043718442	0.55081894396472	0.451449694029349	0.073939554101112	84.345214280429
246	0.222013571805749		0.693079591346802		0.715051770210266	0.221791130739896	0.492065455060419	0.450735015959742	0.0759305769072361	83.9594187088664
244	0.196127840708011		0.632365973425339		0.697206974029541	0.195905399642158	0.437455536364111	0.447829284023733	0.0782285944550338	83.5163307476437
242	0.171853142623856		0.572964118193947		0.681808710098267	0.171630701558002	0.38729334751421	0.443154272232123	0.0806755072240237	83.0471040658491
240	0.148969046951136		0.514304542317499		0.667849898338318	0.148746605885283	0.340188418341836	0.437247707051025	0.0835159529234008	82.5057178126869
