Wavelength	I1	I1 dark	R1	R1dark	XCorrect	I1c	R1c	I1c/R1c	Abs	Percent T
nm	uA	uA	uA	uA		uA	uA	uA/uA	OD	T*100
	Abs Detector Raw	Dark Offset for Abs Detector	Ref Detector Raw	Dark Offset for Ref Detector	Linear interp	Dark subtracted Abs Detector	Corrected Ref Detector	Corrected Intensity	-Log(T)	% Transmittance
800	0.142443056147745	2.44245696045527E-4	0.209188676379699	0.00495765833018102	1.35067892074585	0.142198810451699	0.27585053104195	0.515492248336743	2.98266312759013E-4	99.9313452216352
798	0.145228013717183		0.213481256852659		1.34199333190918	0.144983768021137	0.279837278762873	0.518100264060933	3.07228553317221E-4	99.9292830275444
796	0.157615110301598		0.231553329229178		1.33337259292603	0.157370864605552	0.302136457252407	0.520860229965837	3.36451577800119E-4	99.9225591621508
794	0.166383594992513		0.243952771928655		1.32502686977386	0.166139349296467	0.316674947262635	0.524636857865106	2.81831357731956E-4	99.9351269833413
792	0.160364223907556		0.235108833136479		1.31713449954987	0.16011997821151	0.303140052449307	0.528204626600065	4.5919144545294E-4	99.8943231396508
790	0.151192362143058		0.221997825345851		1.30966234207153	0.150948116447012	0.284249333457339	0.531041232748104	3.61192914146539E-4	99.9168668328
788	0.149536056455096		0.219884862555221		1.30193436145782	0.14929181075905	0.279821112392643	0.53352589975257	2.69692751531577E-4	99.9379202265335
786	0.153062164457974		0.225048890931193		1.29363858699799	0.152817918761928	0.284718511152619	0.536733344605096	2.64238727477924E-4	99.9391752902428
784	0.157138657361607		0.230982697136121		1.28498160839081	0.156894411665561	0.290438017901451	0.540199292087158	2.21955245397757E-4	99.9489059735092
782	0.163150594211974		0.239704066119827		1.27644824981689	0.162906348515928	0.299641641373896	0.543670591874286	2.01678699773788E-4	99.9535725441129
780	0.172702393108743		0.253541278665244		1.268270611763	0.172458147412698	0.315271300236611	0.54701505428267	1.26719075735787E-4	99.9708261109282
778	0.186453847674157		0.273520124029138		1.26044166088104	0.186209601978111	0.338507320315901	0.550090325385983	-1.60281707669828E-5	100.003690690812
776	0.20297442980724		0.297459787934945		1.25292003154755	0.202730184111195	0.366481777452125	0.553179439154184	2.79777478675887E-4	99.9355996007891
774	0.228077361072901		0.333667615243878		1.24577045440674	0.227833115376855	0.409497152392396	0.556372893061138	8.24877642190391E-5	99.9810082940283
772	0.288641011496184		0.42184607589007		1.23883104324341	0.288396765800138	0.516454313241811	0.558416801652515	8.64994961794584E-5	99.9800847383061
770	0.386617881755932		0.563782251775558		1.23221707344055	0.386373636059887	0.688593205101868	0.56110579250158	4.6801043312603E-5	99.9892242421597
768	0.445427998098087		0.646820655984768		1.22665858268738	0.445183752402042	0.787346754982448	0.565422730943962	1.24233808253371E-4	99.971398199602
766	0.407897890215824		0.590553433919562		1.22236526012421	0.407653644519778	0.71581193255595	0.569498252235289	7.82660722919686E-5	99.9819801946273
764	0.345009079126783		0.499820374284555		1.2186872959137	0.344764833430737	0.603082905154943	0.571670711412655	7.98277258279061E-5	99.9816206760548
762	0.321502774289069		0.467163616602545		1.214359998703	0.321258528593023	0.561284426888148	0.572363160642338	2.13198704591858E-5	99.9950910389031
760	0.330841368917281		0.48062547445891		1.20898902416229	0.330597123221235	0.575077168846881	0.574874366659581	-8.91473226089011E-5	100.02052903653
758	0.35058495312794		0.509075134989762		1.2031888961792	0.350340707431895	0.606548550286684	0.577597139200657	5.77027571421102E-5	99.9867143317811
756	0.3762762292704		0.545661902421693		1.19780671596527	0.376031983574355	0.647659174923739	0.580601646874889	-6.16969787612726E-5	100.014207263494
754	0.401359837873784		0.581273055538676		1.1931779384613	0.401115592177739	0.687646817544739	0.583316292526347	2.89347180087517E-5	99.9933377569016
752	0.424148667433604		0.613411843862404		1.18890511989594	0.423904421737558	0.723394296401371	0.585993591387618	-3.83786918742649E-5	100.008837410856
750	0.455250169994875		0.657608835568126		1.1848680973053	0.455005924298829	0.773305558577986	0.588390862126388	-1.58412761852533E-5	100.003647655165
748	0.500908178235286		0.722558740093755		1.18107759952545	0.500663932539241	0.847542563066189	0.590724235403551	-1.0506567155735E-4	100.024195191476
746	0.557556559661762		0.802744750820711		1.17750906944275	0.557312313965717	0.93940153689196	0.59326314901464	-1.41325795732325E-4	100.032546762361
744	0.607672871107015		0.872863546011721		1.174187541008	0.60742862541097	1.01908428008315	0.596053375841896	-1.1128616688615E-4	100.025627870271
742	0.659755383105935		0.945457493780732		1.17108881473541	0.65951113740989	1.10140883755664	0.59878867403402	-1.48037434363933E-6	100.000340869371
740	0.741926649562263		1.06078253177206		1.16803753376007	0.741682403866217	1.2332430812576	0.601408120700656	-1.29350842394649E-4	100.029788568059
738	0.855314765564264		1.21955981232659		1.16498303413391	0.855070519868219	1.41499090262832	0.604294005198156	-1.35669373833937E-4	100.031243907669
736	0.945782415959609		1.34467264843555		1.16204738616943	0.945538170263564	1.55681230246395	0.607355278967844	-4.53586649601158E-5	100.010444764005
734	0.985352901030986		1.39755087454262		1.15931880474091	0.98510865533494	1.61445950290969	0.610178609967923	-3.77032544459031E-5	100.008681872017
732	0.992464486390753		1.40705361132105		1.15665113925934	0.992220240694707	1.6217358813778	0.611826039053742	-6.55510783401062E-7	100.00015093705
730	0.988978184829977		1.40351990772189		1.15388596057892	0.988733939133931	1.61378134456876	0.612681477860398	5.01044851427402E-5	99.9884636814262
728	0.988315021380478		1.40556582934457		1.15089321136475	0.988070775684432	1.61195043580246	0.612965978195572	1.1195397104045E-4	99.9742249678504
726	0.997060295088209		1.42194159221859		1.1476241350174	0.996816049392164	1.62616496146223	0.612985812027234	1.26994211912874E-4	99.9707627769846
724	1.01322628104656		1.44882699128109		1.14410185813904	1.01298203535052	1.6519335867391	0.613209903522896	1.79472675945826E-4	99.9586834268246
722	1.01833346913651		1.45886836209057		1.14027833938599	1.01808922344046	1.65786288289941	0.614097362298106	2.03651271922452E-4	99.9531185544957
720	0.997345038739415		1.43055898354158		1.13600122928619	0.99710079304337	1.61948485791218	0.615690099337404	2.86180819764131E-4	99.934126137413
718	0.938935342317535		1.34716095164826		1.13137769699097	0.93869109662149	1.5185388708879	0.618154144498541	2.9735854981723E-4	99.9315540984929
716	0.834299064354294		1.19647655893982		1.12621939182281	0.834054818658248	1.34191169158998	0.621542254893101	3.13038499421911E-4	99.9279461930016
714	0.703482694332576		1.00878989526107		1.12039887905121	0.703238448636531	1.12469251301283	0.625271743609898	2.72428580881855E-4	99.9372906715989
712	0.576870507948845		0.828619578293003		1.11375534534454	0.5766262622528	0.917357866115343	0.628572865129058	1.17519754088682E-4	99.9729437374774
710	0.475541592032935		0.686211197819559		1.10628998279572	0.475297346336889	0.753663966481224	0.630648893240845	-2.89594435811068E-5	100.006668380636
708	0.401439204328545		0.58351279338373		1.09837675094604	0.4011949586325	0.635471509483267	0.631334296888826	-1.28280599046114E-4	100.029542062316
706	0.346387801350278		0.508559968365844		1.09038031101227	0.346143555654232	0.549118043443183	0.630362742196155	-4.0064561618469E-5	100.009225631769
704	0.306601163020488		0.455562691355931		1.0826700925827	0.306356917324442	0.48785659282422	0.627965106612438	-2.59550494434666E-5	100.005976549582
702	0.283410151760615		0.42617385846555		1.07555782794952	0.28316590606457	0.45304238131475	0.625031824269529	-2.60158563944184E-5	100.005990551738
700	0.271429277785051		0.412546450377913		1.0694442987442	0.271185032089006	0.435893509887483	0.622135971143517	5.91697245379357E-5	99.9863765955023
698	0.275745715145733		0.421848989098066		1.0649927854538	0.275501469449688	0.44398625958603	0.620518008162152	1.58500320796242E-4	99.9635106114073
696	0.295225514567407		0.452481500267168		1.06259047985077	0.294981268871362	0.475534573948483	0.620315083343064	8.39562432693606E-5	99.9806702290194
694	0.32219576470378		0.493271610577812		1.06203079223633	0.321951519007735	0.518604453565604	0.620803613995589	1.1156052232077E-4	99.9743155394562
692	0.348055400525743		0.531788624278886		1.06277585029602	0.347811154829698	0.559903227798409	0.621198695705547	2.7018207808113E-4	99.9378076249414
690	0.366133769899306		0.55843689199467		1.06392598152161	0.365889524203261	0.588860936928318	0.621351326362136	1.89063093379779E-4	99.9564760883584
688	0.377935920731053		0.575965081927073		1.06461536884308	0.377691675035008	0.607903278884741	0.621302250134135	1.18352637189451E-4	99.9727520111281
686	0.385059759203565		0.586680765172829		1.0645604133606	0.384815513507519	0.61927939108182	0.621392410355017	1.80183851469558E-4	99.9585197404003
684	0.383134821772291		0.583913607896288		1.06376242637634	0.382890576076246	0.615871585675462	0.621705214174328	2.96487592144827E-4	99.9317545068441
682	0.377630198381201		0.575802778155749		1.06245732307434	0.377385952685155	0.606498577899924	0.622237160047268	1.38977750469476E-4	99.9680043100641
680	0.378111769119023		0.577063797742995		1.06094348430634	0.377867523422977	0.606972280941677	0.622544941981108	1.58951375507794E-4	99.9634067901733
678	0.384812165210413		0.587868468415154		1.05921316146851	0.384567919514368	0.617426802004272	0.622855888772556	2.67869037741077E-4	99.9383398923446
676	0.393693084974732		0.601606120032624		1.05730748176575	0.393448839278686	0.630840882542017	0.623689507397265	1.94815499071074E-4	99.955152133259
674	0.400256440051045		0.612020869746868		1.05524814128876	0.400012194354999	0.640602325492243	0.624431380338227	2.25947437188922E-4	99.947987211276
672	0.406809885764605		0.622417706863527		1.05312037467957	0.406565640068559	0.6502597576611	0.625235738915972	1.41664802334784E-4	99.9673857933832
670	0.413169502438412		0.632543239965158		1.0509113073349	0.412925256742366	0.659536784060547	0.626083740470279	1.29684347172272E-4	99.970143533471
668	0.417637267313137		0.63978196124971		1.0485315322876	0.417393021617092	0.66563329907362	0.627061509990545	2.10738522338511E-4	99.9514874331472
666	0.420703818814556		0.644890192125294		1.04595601558685	0.42045957311851	0.669341283292736	0.628169192030283	2.13501737887375E-4	99.9508514899403
664	0.423788499893539		0.650097227932125		1.04322910308838	0.423544254197493	0.673028374562659	0.629311140815894	2.37421302505493E-4	99.9453466651881
662	0.428889152338978		0.658300649530205		1.04042720794678	0.428644906642932	0.679755824165837	0.630586589190235	2.15270264392189E-4	99.9504444726341
660	0.435329963775644		0.668522778700785		1.03775990009308	0.435085718079599	0.68862127302105	0.631821489003432	1.95774263735262E-4	99.9549314687881
658	0.444824685112217		0.683495353409024		1.03528940677643	0.444580439416171	0.70248288781362	0.632870134103716	2.93520910009095E-4	99.9324371467942
656	0.45735485351918		0.702912636961808		1.03309750556946	0.457110607823134	0.721055547424118	0.633946454550008	2.10106425774174E-4	99.9516329082578
654	0.474064610227313		0.728972761674571		1.03115320205688	0.473820364531268	0.746570492151114	0.634662593167909	2.20990797984504E-4	99.9491279325136
652	0.491091955129979		0.755229853854809		1.02945709228516	0.490847709433933	0.772373032827184	0.635506016616402	2.09489992530695E-4	99.9517747787065
650	0.501825494820976		0.772029597440024		1.02793705463409	0.501581249124931	0.788501669781035	0.636119450785968	2.57533588973424E-4	99.9407182782687
648	0.504923585323733		0.776996562752209		1.02666783332825	0.504679339627688	0.792627509248077	0.636716911461287	3.201660939739E-4	99.9263061997022
646	0.505367473871765		0.77801948236482		1.02560043334961	0.505123228175719	0.792852541735966	0.637096057067235	2.24655072517451E-4	99.9482846349027
644	0.509896349891266		0.785440795506553		1.02465677261353	0.50965210419522	0.799727332418421	0.637282338036395	2.74476423826809E-4	99.9368194351414
642	0.51907393621934		0.799930056007739		1.02378344535828	0.518829690523294	0.81387958025906	0.637477217892787	3.06643939546442E-4	99.9294175447366
640	0.531627691662342		0.819557318197379		1.02288675308228	0.531383445966296	0.833243201143484	0.637729111065129	2.65264766866799E-4	99.9389391799225
638	0.545511956438406		0.841227280574169		1.02184903621674	0.54526771074236	0.854541307507352	0.638082332535656	2.8549123681775E-4	99.9342848152841
636	0.560222296955798		0.86410032247496		1.02063095569611	0.559978051259753	0.876867598385384	0.638611863741875	2.67861782850877E-4	99.9383415618148
634	0.575544841450236		0.887981276053853		1.01923584938049	0.575300595754191	0.900009327033622	0.639216259736271	2.89442464797384E-4	99.9333756134349
632	0.588281579375417		0.907831161228443		1.0177036523819	0.588037333679371	0.918857661538398	0.639965642442214	2.30038865884637E-4	99.9470456194443
630	0.60087240299454		0.927498832048292		1.01619136333466	0.600628157298495	0.937478373052961	0.640684814245377	2.62622569837853E-4	99.9395471986343
628	0.616433759438708		0.951851430522761		1.01451146602631	0.616189513742662	0.960634588998274	0.641440065556258	2.93664192922701E-4	99.93240417698
626	0.632202034522185		0.976405185002286		1.01275491714478	0.63195778882614	0.983838259385305	0.642339106857851	2.57951930534903E-4	99.9406220087149
624	0.647640507360887		1.00039945614664		1.01092803478241	0.647396261664841	1.00632002040687	0.643330400405919	2.4805666688602E-4	99.9428991504048
622	0.661186269941038		1.0214197401813		1.0092089176178	0.660942024244992	1.02582259742451	0.644304410825415	2.54981139084347E-4	99.9413056548888
620	0.670894571904198		1.03661573987644		1.00772297382355	0.670650326208153	1.03962554990489	0.645088345769786	2.73814560606886E-4	99.9369717386089
618	0.67973670779416		1.05045821571224		1.0068142414093	0.679492462098115	1.05262485057362	0.645521965140598	2.72139116225505E-4	99.9373572815245
616	0.687029728089726		1.06204891024601		1.00664889812469	0.68678548239368	1.06411974395832	0.645402442998539	3.13862656503095E-4	99.9277565607365
614	0.695278038603642		1.07491761289234		1.00700271129608	0.695033792907596	1.07745257522233	0.64507135524195	2.78516272965644E-4	99.9358898175363
612	0.702015767458555		1.08548520196144		1.00780045986176	0.70177152176251	1.08895615536488	0.644444239839358	2.55522443767877E-4	99.9411810881136
610	0.710454673980011		1.09875592242844		1.00835275650024	0.710210428283965	1.10293449465866	0.643928022673519	2.53314580684385E-4	99.9416891696442
608	0.72098961137688		1.11529298596099		1.0085117816925	0.720745365680835	1.11978625954508	0.643645481034607	3.04868760716482E-4	99.9298260070967
606	0.733456341673745		1.13460188541997		1.00798010826111	0.7332120959777	1.1386589103185	0.643926016240113	2.55185168411868E-4	99.9412587029853
604	0.746649514838801		1.15504845851942		1.00688087940216	0.746405269142756	1.15800443628688	0.64456166639231	2.61823853115864E-4	99.9397309989455
602	0.762918418887564		1.18019293260108		1.00539457798004	0.762674173191518	1.18157517260285	0.645472409098994	2.89175439618101E-4	99.9334370573097
600	0.78036999871285		1.20697281011858		1.00393652915955	0.780125753016804	1.20674691948363	0.646470059646493	3.1262443951002E-4	99.9280414651684
598	0.797920631272116		1.23395434382424		1.00287997722626	0.79767638557607	1.23253616795943	0.647182943845527	3.1455335206399E-4	99.9275976372275
596	0.817343165069019		1.26361406996305		1.00218975543976	0.817098919372973	1.26141256135703	0.647765009168717	2.89686325328648E-4	99.9333194998985
594	0.837247328502669		1.29414087281959		1.00178515911102	0.837003082806624	1.29148461165053	0.648093732790918	3.33499798615799E-4	99.9232383103896
592	0.856973277825704		1.32447404500063		1.00154709815979	0.856729032129658	1.32155780804408	0.648272082322018	3.9980974451969E-4	99.907982766069
590	0.875398145000617		1.35263577096232		1.00122630596161	0.875153899304571	1.34933077833599	0.648583663365198	3.65497990080018E-4	99.9158763814249
588	0.891397997231607		1.37711767271997		1.00070452690125	0.891153751535561	1.37312673803274	0.648995993488779	4.14147767971077E-4	99.9046844065147
586	0.906725052529249		1.40044047169904		0.999973237514496	0.906480806833204	1.39544546678029	0.649599592683994	3.788155212516E-4	99.9128125331558
584	0.920554234602897		1.42138123699622		0.999053955078125	0.920309988906851	1.41508357833222	0.65035733789767	3.60871759054294E-4	99.9169407200442
582	0.934043857046553		1.44176802280343		0.998229086399078	0.933799611350508	1.43426589745686	0.651064501363559	3.44347694356172E-4	99.9207424386278
580	0.948738992791057		1.46412206202075		0.997582137584686	0.948494747095012	1.45563634492112	0.651601445927354	3.47095929681508E-4	99.9201101376047
578	0.963020510678327		1.48585330338899		0.997147619724274	0.962776264982282	1.47667156753044	0.651990792097672	4.13293715055225E-4	99.9048808722182
576	0.978103306638567		1.50861827278045		0.996688485145569	0.977859060942522	1.4986812199895	0.652479692078463	3.57702221736637E-4	99.9176699294657
574	0.99578386564995		1.53543062740964		0.996220171451569	0.995539619953905	1.52468804365833	0.652946433268545	3.77267042427405E-4	99.9131687733493
572	1.01377266501655		1.56275956773013		0.9957315325737	1.0135284193205	1.55115248269305	0.653403472984716	4.24020558626384E-4	99.902413305074
570	1.03224635573863		1.59071472386843		0.995352268218994	1.03200211004258	1.57838689202779	0.653833426554086	4.0792602128842E-4	99.9061156613824
568	1.05098150489472		1.61889347131442		0.995181918144226	1.05073725919868	1.60615973812732	0.654192253893607	4.27718824366381E-4	99.9015625825464
566	1.07105307402839		1.64920121655465		0.995282471179962	1.07080882833234	1.63648679185138	0.654333926594617	4.6633764953073E-4	99.8926794177618
564	1.09355651906786		1.6830959002571		0.995623111724854	1.09331227337182	1.67079321833176	0.654367195997756	4.07782460434868E-4	99.9061486864615
562	1.11723558360948		1.71884695846386		0.996170461177826	1.11699133791343	1.70732589452191	0.65423440334232	4.64805214573083E-4	99.8930318958853
560	1.14588283325087		1.76184699247173		0.99668163061142	1.14563858755482	1.75105932635601	0.654254581961493	4.56582015232754E-4	99.894923350014
558	1.17364343860869		1.80359858898458		0.997178435325623	1.17339919291265	1.79356594894258	0.654226956976096	4.6872973035233E-4	99.8921292134315
556	1.20267525123683		1.84714490594925		0.997675478458405	1.20243100554078	1.83790504367833	0.654240005312937	5.14695180330159E-4	99.8815572538899
554	1.23146999080683		1.89018200904877		0.99818366765976	1.23122574511078	1.88180015676177	0.654280817591968	5.34323775609612E-4	99.8770430580138
552	1.25997813583452		1.93264447347871		0.998678505420685	1.25973389013847	1.92513938747169	0.65435983406526	5.50805015359049E-4	99.8732528503855
550	1.28670335514911		1.97225151921888		0.999059557914734	1.28645910945307	1.96544373494783	0.654538762203342	5.77722730383924E-4	99.8670628651108
548	1.31567745445961		2.01526473071693		0.999196529388428	1.31543320876356	2.00869184973385	0.654870586017391	6.33706824249205E-4	99.854190017517
546	1.34501015209631		2.05838569001728		0.99907249212265	1.34476590640026	2.05152346101214	0.655496235825062	6.15370151912193E-4	99.8584061250075
544	1.37245935730889		2.09854320328456		0.998806416988373	1.37221511161285	2.09108667681453	0.65622105808795	6.15367217716298E-4	99.8584067996744
542	1.3965074419296		2.13305240358612		0.998482644557953	1.39626319623355	2.12486566911303	0.657106572208108	6.19101991061046E-4	99.8575480576736
540	1.41643900068785		2.16142214224229		0.99831360578537	1.4161947549918	2.15282783468238	0.657830009523607	6.41192756663432E-4	99.8524688460386
538	1.43851990636133		2.1929532749288		0.998360693454742	1.43827566066529	2.18440882106333	0.658427876135915	6.45736059150657E-4	99.8514242608182
536	1.45984450100269		2.22310192959349		0.998661279678345	1.45960025530664	2.215174796451	0.658909742763917	6.41029721494668E-4	99.8525063308971
534	1.48122481097585		2.25307957839948		0.999168038368225	1.4809805652798	2.24625156888825	0.659311978138225	6.57870935383892E-4	99.8486342927261
532	1.5010599305255		2.28058374577005		0.999805629253387	1.50081568482945	2.27518377229824	0.659645916564105	6.77726186746207E-4	99.8440694766933
530	1.51912573733808		2.30512061090638		1.0004802942276	1.51888149164203	2.30126770756486	0.660019469551098	6.68988302922916E-4	99.846078331727
528	1.53762738521337		2.33034273482903		1.00102841854095	1.53738313951732	2.32777654562638	0.660451340316957	6.88143147823158E-4	99.8416746516256
526	1.55798713000506		2.35826192661201		1.0014044046402	1.55774288430901	2.356609259716	0.661010253560975	7.04998781495526E-4	99.8377997185885
524	1.58075542703322		2.38935976584321		1.00163662433624	1.58051118133718	2.38830447802958	0.661771225518593	7.40515039029687E-4	99.8296353965233
522	1.60314530731485		2.41969404794857		1.00181710720062	1.60290106161881	2.41912422449957	0.662595597772739	7.0014166354238E-4	99.8389163035356
520	1.62999076375055		2.45647958979377		1.0020604133606	1.6297465180545	2.45657308000497	0.663422770248386	7.21358835620763E-4	99.8340388579028
518	1.65782963448892		2.49484522196468		1.00242054462433	1.65758538879288	2.49591444759184	0.664119473482828	7.34679856937935E-4	99.8309767168449
516	1.69385755792895		2.5451372017442		1.00289297103882	1.6936133122329	2.54752820926651	0.664806499913313	7.58673418226605E-4	99.8254614856077
514	1.73499367226653		2.60266439145573		1.00349617004395	1.73474942657048	2.60678875758886	0.665473725678881	7.7802152289799E-4	99.8210142947372
512	1.78005964742825		2.66556767245439		1.00418245792389	1.7798154017322	2.67173790356016	0.666163922501737	7.7517385263723E-4	99.8216688235825
510	1.82923726930206		2.73460780401445		1.00497353076935	1.82899302360601	2.74322614467339	0.666730676636859	8.41902968300649E-4	99.8063324556157
508	1.88670477151383		2.815437698711		1.00580215454102	1.88646052581779	2.82678687990955	0.667351521695951	8.51706922478187E-4	99.8040794091084
506	1.96038062571163		2.91993793510985		1.00663805007935	1.96013638001558	2.93433006183723	0.668001328653637	9.01961978581279E-4	99.7925310942372
504	2.04004976723899		3.0326627295813		1.00742840766907	2.03980552154294	3.05019609882207	0.668745698786605	8.84278978051547E-4	99.7965943908692
502	2.12944850223333		3.1584322041764		1.00814700126648	2.12920425653729	3.17916590696504	0.669736754496688	9.12491437787186E-4	99.7901116560651
500	2.22194494229342		3.28868925931998		1.00866842269897	2.22170069659738	3.31219637453716	0.670763579622549	9.74098720406417E-4	99.7759568329274
498	2.33673468792849		3.4511999129675		1.00904226303101	2.33649044223245	3.47740408357231	0.671906510166684	0.00101103954979811	99.7674703105319
496	2.50867508763208		3.69743680407343		1.00876116752625	2.50843084193603	3.72482957412627	0.673435063810788	9.7586246842607E-4	99.7755516256401
494	2.72317482798592		4.00380014269301		1.00816118717194	2.72293058228987	4.0314777863488	0.675417483759957	9.85733711812425E-4	99.773283815198
492	2.90426355773107		4.25843698005444		1.00794267654419	2.90401931203503	4.28726333216411	0.677359678433642	0.00102787605677179	99.7636026510969
490	2.98028013945858		4.35738018766689		1.00791668891907	2.98003589376253	4.38687930454581	0.679306560970239	0.00108762300869161	99.7498788728015
488	3.01115613542895		4.39094665725933		1.00887954235077	3.01091188973291	4.42493457399515	0.680442126179154	0.00112725998935661	99.7407753640892
486	3.10980090065979		4.5235764370028		1.00954282283783	3.10955665496374	4.56173915714919	0.681660337831992	0.00107849941611219	99.751974425133
484	3.31643954973644		4.81113870880298		1.01009511947632	3.3161953040404	4.85470002240214	0.683089642766335	0.00112536093211072	99.7412115056111
482	3.50845863588324		5.07439621263387		1.01073944568634	3.50821439018719	5.12388151431787	0.684679062227345	0.00119424673075509	99.7253922667681
480	3.59543541776226		5.18222910282799		1.01162850856781	3.59519117206621	5.23747538984803	0.686435907466961	0.00119681544002265	99.7248024255602
478	3.5761730252611		5.13738474509702		1.0127238035202	3.57592877956505	5.19773108060063	0.687978797693365	0.00118601077007071	99.7272834770692
476	3.66073776125132		5.24349223490741		1.01399922370911	3.66049351555527	5.31186999402263	0.689115795317727	0.00119936327969462	99.7242173799905
474	3.90782986963899		5.58285050015297		1.01552999019623	3.90758562394294	5.6645174629719	0.689835568428598	0.0012874038199615	99.7040032522956
472	4.36819838098304		6.22284041458788		1.01726651191711	4.367954135287	6.32524390296784	0.69055900488478	0.00127141303991071	99.7076744344196
470	4.8980188524988		6.96143119288662		1.01911818981171	4.89777460680275	7.0894687160102	0.690852136175179	0.00136556229170772	99.6860614831177
468	5.34040304018424		7.57009476955608		1.02110064029694	5.34015879448819	7.72476634820688	0.691303601140996	0.00137772474013822	99.6832698068343
466	5.50161818602443		7.76784238595342		1.02326714992523	5.50137394032839	7.94350493043314	0.692562538641039	0.00145716964536934	99.665036548156
464	5.3394586993677		7.50186986260213		1.02553856372833	5.33921445367166	7.68837257436646	0.694453137127218	0.00152393282781569	99.6497164281159
462	5.13222139306687		7.18625732968357		1.027627825737	5.13197714737083	7.37970336723871	0.69541780908886	0.00151089153978475	99.6527088220342
460	4.96592839080166		6.94142574863062		1.02919805049896	4.96568414510562	7.13899943588547	0.695571443827927	0.00153946405834059	99.646152820683
458	4.81389947539351		6.72271712645766		1.03004312515259	4.81365522969747	6.91958195657342	0.695656942848206	0.00156227718574516	99.640918628747
456	4.62156296004877		6.45711833357363		1.03006207942963	4.62131871435273	6.64612604195533	0.695340215514948	0.00158623467923258	99.63542217204
454	4.43710873959441		6.21113216756435		1.02918720245361	4.43686449389836	6.38731538109765	0.694636827708341	0.00158409103913624	99.6359139651021
452	4.29715569816145		6.03489040557327		1.02735614776611	4.2969114524654	6.1948884784964	0.693622083332214	0.00165101087262675	99.6205623882934
450	4.13947497857666		5.83421968371886		1.02460694313049	4.13923073288062	5.97270234454016	0.69302478076183	0.00170026744179184	99.6092643196586
448	3.89484681060884		5.50898801997936		1.02102768421173	3.89460256491279	5.61976737398571	0.693018466020706	0.00173985375175382	99.6001852646145
446	3.54962036423439		5.03925909851646		1.01675081253052	3.54937611853834	5.11863007983295	0.693423057181381	0.0017729632706768	99.5925922864519
444	3.27408633701505		4.66539951016658		1.0121191740036	3.27384209131901	4.71692255757247	0.694063142093193	0.00186434936085185	99.5716377947635
442	3.12643926973393		4.46611207199805		1.00782012939453	3.12619502403788	4.49604121843173	0.695321700170785	0.00191444504490875	99.5601529110297
440	3.07544907950799		4.39746396192079		1.0045450925827	3.07520483381194	4.41247065141053	0.696934909431951	0.0020185055952893	99.5363003325748
438	3.04793476321168		4.3568926315165		1.00285410881042	3.04769051751563	4.36435586913568	0.698313934266593	0.0020970840952142	99.5182924923691
436	3.01686613540614		4.30709429919595		1.00277864933014	3.01662188971009	4.31409076996108	0.699248590390069	0.00219830558928111	99.4951003569497
434	2.98625825222766		4.25474144540124		1.00421047210693	2.98601400653161	4.26767738316702	0.699681287603729	0.00232089375071431	99.4670198708188
432	2.96975354526236		4.21899265892299		1.00665414333344	2.96950929956631	4.24207579349886	0.700013258630879	0.00237814489491067	99.4539084323733
430	2.97537867951722		4.21291512232618		1.00962591171265	2.97513443382118	4.248462891035	0.700284905418201	0.00250354136307058	99.4251966501217
428	2.98771059353045		4.21635685571086		1.01240730285645	2.9874663478344	4.26365130267197	0.700682615851394	0.0025903993385061	99.4053138099575
426	2.98732820095385		4.20541111600851		1.01423370838165	2.9870839552578	4.26024148726562	0.701153670322811	0.00264682977603941	99.3923983317181
424	2.9631632376715		4.16814237348164		1.01462960243225	2.96291899197546	4.22409045238615	0.701433604553077	0.00274858173473363	99.3691141616913
422	2.94334798384443		4.14516308402268		1.01337480545044	2.94310373814838	4.19557986778599	0.701477228629534	0.00275859171369292	99.366823846432
420	3.41456086770374		4.82562973901852		1.01114857196808	3.4143166220077	4.8744156903144	0.700456596016635	0.00288759141139066	99.3373130254713
418	3.27172455968074		4.64577753270592		1.0079870223999	3.27148031398469	4.67788620666629	0.699350127269582	0.00292530819126424	99.3286863423404
416	3.08549244128426		4.40764783639182		1.00422537326813	3.08524819558822	4.42129318744786	0.697815789359388	0.00297920623339619	99.3163599376702
414	2.91006054012978		4.18453178992006		1	2.90981629443374	4.17957413158988	0.696199230548608	0.00308182757120002	99.2928948141453
412	2.7607499938514		3.9973314073673		0.995681941509247	2.76050574815535	3.97513444567182	0.694443366855435	0.0032638602988265	99.2512853306693
410	2.63630726973927		3.84029562674478		0.991583049297333	2.63606302404323	3.80305611780638	0.69314334114105	0.0033001559299336	99.2429908722753
408	2.53522062219398		3.71274673077006		0.988153755664825	2.53497637649793	3.66386569714447	0.691885725634985	0.00347265587628371	99.2035798000988
406	2.45450511958681		3.60947794700302		0.985654711723328	2.45426087389077	3.55281240603271	0.690793825681144	0.00359741603521134	99.1750855931915
404	2.39355393574833		3.53168364067325		0.98426741361618	2.39330969005229	3.47124146117379	0.689467937284603	0.00372707348730444	99.145481556858
402	2.36233688509182		3.49311148750706		0.984128773212433	2.36209263939577	3.43279254868409	0.688096529544509	0.0039049821519309	99.1048749441065
400	2.37082687285086		3.50840629457485		0.985299050807953	2.37058262715482	3.45194461584629	0.686738314477168	0.00405283383411243	99.0711413159924
398	2.41424218517738		3.57108705848455		0.987817049026489	2.41399793948134	3.52268342050709	0.685272461734254	0.00418314160824893	99.0414200004154
396	2.46435205558262		3.64006993662687		0.991658091545105	2.46410780988658	3.60478850444788	0.683565154195916	0.00434975068377272	99.0034318717919
394	2.48905703106984		3.66831642577182		0.996615350246429	2.4888127853738	3.65095958109218	0.681687301678995	0.00449883415910512	98.969452064888
392	2.49488841532389		3.6664881347635		1.0025714635849	2.49464416962784	3.67094596871847	0.679564393179757	0.00470187951985128	98.9231917689383
390	2.49535624002905		3.65456043949866		1.0093150138855	2.495111994333	3.68359888175162	0.677357137524847	0.00484827060752844	98.8898525628824
388	2.50695726293191		3.65861067385748		1.01699423789978	2.50671301723587	3.71574406407641	0.674619396279365	0.004992523619786	98.8570112746558
386	2.52803620083597		3.67543832271602		1.02549052238464	2.52779195513992	3.76404313392376	0.671562961741319	0.00519193974642253	98.8116292635969
384	2.55578134476807		3.7017306419469		1.03449034690857	2.55553709907203	3.82427596626388	0.668240765471915	0.0053565204917035	98.774190587245
382	2.58505977726827		3.73172625950282		1.04369103908539	2.58481553157222	3.88959499378867	0.664546189436159	0.00554697303419837	98.7308843231351
380	2.61477494072375		3.76293941855779		1.0526317358017	2.6145306950277	3.9557708633795	0.660940884931352	0.00570209805765095	98.6956250775639
378	2.63230958420837		3.77862956253806		1.06117713451386	2.63206533851233	4.00453433790276	0.657271262129015	0.00589787697724062	98.6511433513813
376	2.64001540937289		3.78127762649232		1.06922745704651	2.63977116367685	4.03774499655196	0.653773620159541	0.00613408573222856	98.5975024949448
374	2.6362147135873		3.76890870808472		1.07646524906158	2.63597046789125	4.05176250422963	0.650573784899675	0.00633846575053598	98.551113191582
372	2.63458671310552		3.76066082481689		1.08239138126373	2.63434246740948	4.06514073799013	0.648032291426137	0.00656963581672856	98.4986695017228
370	2.63880179121368		3.76175831992969		1.08660447597504	2.63855754551764	4.08215641424001	0.646363656305136	0.00679627918710229	98.4472798403441
368	2.6445254191205		3.76625461141563		1.08728444576263	2.64428117342445	4.0895996729842	0.646586801855573	0.00707213810372759	98.3847671034064
366	2.65801552648847		3.78259924513939		1.08414971828461	2.65777128079242	4.09552906211941	0.648944554044268	0.00733958276146535	98.3241990296097
364	2.67473195708574		3.80465978216061		1.07767069339752	2.67448771138969	4.09482762249238	0.653138045835938	0.00760739726546958	98.2635845614537
362	2.70213458392937		3.84228650076026		1.06871128082275	2.70189033823332	4.10099662213155	0.658837494196466	0.00789139767137254	98.1993475600595
360	2.72850726937086		3.87875915442312		1.05907070636749	2.72826302367481	4.1026296867946	0.665003481171224	0.00817533198170447	98.1351674870197
358	2.76624745476693		3.9317316737427		1.04836678504944	2.76600320907089	4.1166994501537	0.671898262810422	0.00846782060069975	98.0690976717453
356	2.80411420022109		3.98526877557956		1.03684234619141	2.80386995452505	4.12695511738058	0.679404033912705	0.00879519936929963	97.995199328854
354	2.83715990565546		4.03243275244188		1.02479386329651	2.83691565995941	4.1273317610252	0.687348588438827	0.0091269086673603	97.9203802614542
352	2.87328971996421		4.08406697342697		1.01273274421692	2.87304547426817	4.13104757063877	0.695476250307116	0.00943571917408531	97.8507775029536
350	2.91209262752401		4.14035308892471		1.00126516819	2.91184838182796	4.1406274013464	0.703238446637609	0.00980573706767452	97.7674443718141
348	2.9334964628877		4.17260136028023		0.990810453891754	2.93325221719166	4.12934494798824	0.710343227349097	0.0101234777516149	97.6959414288719
346	2.95386115030633		4.20401821562345		0.981342911720276	2.95361690461028	4.12071831378394	0.716772339116299	0.0104812293609497	97.6154971906326
344	2.97055060336464		4.23154219256425		0.972720801830292	2.9703063576686	4.11128669714367	0.722476094827496	0.0109321513849774	97.5141969526686
342	2.98206962431471		4.25186064219009		0.964752793312073	2.98182537861866	4.09721151660422	0.727769451622064	0.0113077091360304	97.4299076420845
340	2.99029934840292		4.26862053958406		0.957048177719116	2.99005510270687	4.08053079091266	0.732761313642265	0.0117072562879001	97.3403141920675
338	2.99311583276666		4.27931180907259		0.950148642063141	2.99287158707062	4.06127179202485	0.736929646754434	0.012157008564932	97.2395614333374
336	2.98778742702623		4.28008549559294		0.944044172763824	2.98754318133019	4.03590952258832	0.740240375709467	0.0126253763331301	97.1347493103565
334	2.97326709749441		4.26973449465773		0.938558220863342	2.97302285179837	4.00274135988278	0.742746678962397	0.0130635418555152	97.0367981805736
332	2.94467892133911		4.24254631849684		0.933434963226318	2.94443467564307	3.95551341517093	0.744387483139361	0.013550473347819	96.928061375756
330	2.90269805236623		4.19977677521071		0.928119659423828	2.90245380667019	3.89329409010372	0.745500786608408	0.014032861827405	96.8204592203547
328	2.83956675623178		4.1315206646436		0.923022568225861	2.83932251053573	3.80891078403324	0.74544211495791	0.014578662046431	96.6988563962934
326	2.76549140496527		4.05043507170589		0.918195605278015	2.76524715926922	3.71453958221304	0.744438738117241	0.0150710708049857	96.5892801005935
324	2.68676599268218		3.96608688112496		0.913534343242645	2.68652174698614	3.61862758304507	0.742414544003843	0.015633071281318	96.4643692022901
322	2.60328723569153		3.87635359779211		0.908978700637817	2.60304298999548	3.51901645070662	0.739707536596707	0.0162685499089057	96.3233215487046
320	2.52360967009193		3.79070982860307		0.904343068599701	2.52336542439589	3.42361873462256	0.737046271793485	0.016865294452316	96.1910588873478
318	2.44331133056904		3.70165355942767		0.899914681911469	2.443067084873	3.32671091595958	0.734379135004672	0.0175605271583029	96.0371963044085
316	2.37377985867891		3.62702062271417		0.895963847637177	2.37353561298286	3.2452374699536	0.73139042518722	0.0182745564564882	95.8794300089125
314	2.31915692676826		3.57311910193346		0.892610192298889	2.31891268107222	3.1849772723282	0.728078250736497	0.0190237513756417	95.7141724200342
312	2.26956211739612		3.52554163386185		0.88999992609024	2.26931787170008	3.13331947801767	0.72425358716877	0.0197701992711929	95.5498040438186
310	2.21906518400415		3.47776124831058		0.888025283813477	2.2188209383081	3.08393739362081	0.719476647904001	0.0206826050559167	95.3492749475907
308	2.16907547473124		3.43024681246529		0.887133359909058	2.16883122903519	3.03868827596793	0.713739295401844	0.0215086803490186	95.1680826447624
306	2.1115117811136		3.37192130732725		0.887335538864136	2.11126753541755	2.98762650381877	0.706670506744715	0.0224493291923621	94.9621788765592
304	2.05175725986799		3.3108163026886		0.888603985309601	2.05151301417194	2.93759916624709	0.698363833209023	0.0234457671426472	94.7445490101403
302	1.98473151794831		3.2407915764059		0.891015827655792	1.98448727225227	2.88317923667093	0.688298267069813	0.0245256827093979	94.5092501208429
300	1.91236459929216		3.16163024615581		0.894482612609863	1.91212035359612	2.82358874351221	0.677195061777186	0.0257351854679335	94.2464096368871
298	1.83410871581579		3.07277483635461		0.900495111942291	1.83386447011975	2.76255437314359	0.663829276248033	0.0269921409896975	93.974031598909
296	1.74817581088573		2.97132728549044		0.909423410892487	1.74793156518968	2.69768598429996	0.647937371273872	0.0283581483789734	93.6789149086234
294	1.65420867014792		2.8564319978636		0.92107892036438	1.65396442445188	2.62643290610418	0.629737931095762	0.0299256771225032	93.3414026705188
292	1.56022047960551		2.73857669315875		0.934718489646912	1.55997623390946	2.55516425550501	0.610518963917311	0.0315580282999504	92.991225613509
290	1.46325673731718		2.61478576347761		0.948803901672363	1.46301249162113	2.47621508885807	0.590826095117533	0.0333535450363799	92.6075628338363
288	1.36171539739089		2.47945246323713		0.962523102760315	1.36147115169484	2.38175841738332	0.571624368684126	0.0351162174540055	92.232457953816
286	1.24794423329471		2.32119029345936		0.97529125213623	1.24769998759867	2.25900142695393	0.552323682805761	0.0370935505825577	91.8134801437341
284	1.13774707553191		2.16352082875734		0.986907541751862	1.13750282983587	2.13030227224237	0.533963111553424	0.039006101329192	91.4100399339253
282	1.03497422560078		2.01518685474068		0.996903836727142	1.03472997990473	2.00400519860255	0.516330985880815	0.0410020602087753	90.9908956190434
280	0.937083048013413		1.87110320297266		1.00535523891449	0.936838802317368	1.87613919988325	0.499343973184754	0.0429971375453812	90.5738570642507
278	0.846132788672243		1.73471962685746		1.00982344150543	0.845888542976197	1.74675418404343	0.484263069585505	0.0449946594490869	90.1582224360146
276	0.76431678588637		1.61016747769695		1.01022160053253	0.764072540190325	1.62161763291123	0.471179225412475	0.0468956732778734	89.7644401778124
274	0.686178438420276		1.48909526748737		1.00653350353241	0.68593419272423	1.4938342274692	0.459176915424087	0.0489477522787142	89.3412959157227
272	0.624063144479023		1.392481392141		0.99854451417923	0.623818898782977	1.38550421269027	0.450246843762164	0.0509143755674477	88.9376447847928
270	0.574198607324756		1.31528105919752		0.988452672958374	0.573954361628711	1.29519266802723	0.443142071289616	0.0527480073475905	88.5629333491949
268	0.532453067940782		1.25156940570454		0.972882628440857	0.532208822244736	1.21280691343082	0.438824034024683	0.0546344906240687	88.1790690343352
266	0.499015829304859		1.20140203163742		0.953488886356354	0.498771583608814	1.14079641309205	0.437213492157579	0.0564026381546635	87.8207945141247
264	0.471281453194977		1.16084798974625		0.931065678596497	0.471037207498932	1.07620981580303	0.437681575267422	0.058089192817634	87.4804094715322
262	0.445146721548918		1.12144141000869		0.906938552856445	0.444902475852873	1.01258215803504	0.439374200229071	0.0597500615068663	87.1464977812418
260	0.418584902197046		1.07937880672217		0.883175373077393	0.418340656501001	0.948902298573337	0.440867997822295	0.0613365084515222	86.8287385341326
258	0.392620856890637		1.03587632490137		0.859192788600922	0.392376611194592	0.885757883952044	0.442984045983197	0.0627696053567776	86.5426908823001
256	0.364967662421056		0.986801406274221		0.834685504436493	0.36472341672501	0.819530744030488	0.445039334255216	0.0643775463248395	86.2228658433341
254	0.336350818358157		0.932903681575035		0.80953711271286	0.336106572662111	0.75120674441102	0.447422197900571	0.0659216234532505	85.9168560520997
252	0.306973548578082		0.874206400620613		0.784095585346222	0.306729302882036	0.681574101397684	0.450030748311938	0.0673403671545501	85.6366426951797
250	0.278479416306685		0.814956854653749		0.758817315101624	0.278235170610639	0.614641415388723	0.452678852489419	0.0690250617412184	85.3050885767397
248	0.251407767550112		0.756671820096606		0.735633492469788	0.251163521854066	0.552986114159234	0.454194988667912	0.0706951890300206	84.9776684267609
246	0.224566344317521		0.696531634790039		0.715051770210266	0.224322098621475	0.494511196098974	0.453623902534612	0.0725886717656214	84.6079803431244
244	0.198870903746367		0.636559683430554		0.697206974029541	0.198626658050321	0.440357336711161	0.451057905685818	0.0744597756560308	84.2442414820314
242	0.174585847691061		0.577601717662721		0.681808710098267	0.174341601995016	0.390433707438954	0.44653317240104	0.0767395888944522	83.803163096494
240	0.151511136174377		0.518896540895342		0.667849898338318	0.151266890478331	0.343234030473251	0.440710643608864	0.0791957763686181	83.3305452715978
