Wavelength	I1	I1 dark	R1	R1dark	XCorrect	I1c	R1c	I1c/R1c	Abs	Percent T
nm	uA	uA	uA	uA		uA	uA	uA/uA	OD	T*100
	Abs Detector Raw	Dark Offset for Abs Detector	Ref Detector Raw	Dark Offset for Ref Detector	Linear interp	Dark subtracted Abs Detector	Corrected Ref Detector	Corrected Intensity 	-Log(T)	% Transmittance
800	0.143945800206071	2.29781869923817E-4	0.21261574145237	0.00493219342168292	1.35067892074585	0.143716018336147	0.280513790510758	0.512331383332242	0.00205823880233267	99.5271942635714
798	0.153035996779245		0.226234253551579		1.34199333190918	0.152806214909322	0.296985889032085	0.514523485972134	0.00207180713102863	99.524084860511
796	0.165404306323025		0.244253588272668		1.33337259292603	0.165174524453101	0.319104588795131	0.517618769058645	0.00218067876818836	99.499138671959
794	0.166239275649522		0.245081702016002		1.32502686977386	0.166009493779599	0.318204551650463	0.52170684837329	0.00235522592740757	99.4591570393351
792	0.156415725083001		0.230756848748351		1.31713449954987	0.156185943213078	0.297441444379712	0.525098119862851	0.00224622996054892	99.4841216840684
790	0.150653726929451		0.222847609583178		1.30966234207153	0.150423945059527	0.285395614303556	0.52707167707045	0.00223335443320882	99.4870711332781
788	0.152947059020201		0.226400385142712		1.30193436145782	0.152717277150278	0.288337048771537	0.529648471470909	0.00225451634541031	99.4822235345643
786	0.156532654708999		0.231765905026363		1.29363858699799	0.156302872839075	0.293440842163787	0.532655480697651	0.00242652166221462	99.4428307170691
784	0.161687160608813		0.239356240841981		1.28498160839081	0.161457378738889	0.301230589499617	0.535992639416503	0.00233748350574173	99.4632203706061
782	0.169818655098416		0.251310425517114		1.27644824981689	0.169588873228492	0.314489063151194	0.539252053884494	0.00238686467993932	99.4519116121695
780	0.181521164168781		0.268654736208308		1.268270611763	0.181291382298857	0.334471550675687	0.54202332584825	0.00248541696742004	99.4293460447818
778	0.197168605016596		0.291450975397919		1.26044166088104	0.196938823146673	0.361140209427741	0.54532510644201	0.00233733787426496	99.4632537235008
776	0.216739498607523		0.320085466250298		1.25292003154755	0.2165097167376	0.394861848534741	0.548317639551724	0.00261104200154069	99.4005890397473
774	0.257063290331774		0.379141874705727		1.24577045440674	0.25683350846185	0.466179364696624	0.550932812371456	0.00229330372775473	99.4733390497367
772	0.346153926038407		0.510389209996718		1.23883104324341	0.345924144168483	0.626175843158352	0.552439299516387	0.00239570475521061	99.4498872865713
770	0.431487592880353		0.634181366484491		1.23221707344055	0.431257811010429	0.77537157449634	0.55619502338677	0.00264418050465757	99.3930046443714
768	0.433762164099291		0.634515709439698		1.22665858268738	0.433532382229368	0.772284023441995	0.561363914142825	0.00282178160159461	99.3523670159914
766	0.371160874981758		0.541676426058224		1.22236526012421	0.370931093111834	0.656097503546933	0.565359708132619	0.00261424510308438	99.3998559219682
764	0.326538048011625		0.478762221902878		1.2186872959137	0.326308266141701	0.577450636132458	0.565084261275021	0.00271874055259018	99.3759422330493
762	0.327518785312393		0.480853036103508		1.214359998703	0.327289003442469	0.577939233901834	0.566303487016874	0.00281183439482744	99.3546426374802
760	0.343240631257873		0.503875983704384		1.20898902416229	0.343010849387949	0.603217566125719	0.568635379090503	0.00273648508482532	99.3718819843932
758	0.367777478083656		0.539530642070216		1.2031888961792	0.367547696213733	0.643222917328541	0.571415735217032	0.0027086764463109	99.3782451442633
756	0.392648501543847		0.575537317646556		1.19780671596527	0.392418719673923	0.68347464996075	0.574152559566706	0.00286248766216443	99.3430552376655
754	0.416065145737388		0.609124434516742		1.1931779384613	0.415835363867464	0.720908852664118	0.576820998009312	0.00302557492302607	99.3057567091519
752	0.443397999326902		0.648385970004392		1.18890511989594	0.443168217456978	0.765005489395558	0.57930070254415	0.00282516272924041	99.35159352763
750	0.481854178982809		0.704006630182534		1.1848680973053	0.481624397112885	0.828310997759602	0.581453582549999	0.00288407400763809	99.3381175736918
748	0.53371482941035		0.778963783203332		1.18107759952545	0.533485047540426	0.91419137201618	0.583559486416794	0.00303722573682302	99.303092670327
746	0.587314026583873		0.85554691735777		1.17750906944275	0.587084244713949	1.00160655203628	0.58614257616466	0.00305802597300418	99.2983367307414
744	0.634150302641842		0.921777903116074		1.174187541008	0.633920520771918	1.07654880934979	0.588845127379587	0.00316409414285973	99.2740879612499
742	0.702349818665717		1.01861795857629		1.17108881473541	0.702120036795793	1.18711606122907	0.591450204177055	0.0031006318707626	99.2885956738272
740	0.804335981588278		1.16417598869535		1.16803753376007	0.804106199718354	1.35404026365812	0.593856934169708	0.00323816476895023	99.2571578202388
738	0.911216868002024		1.3141314248027		1.16498303413391	0.9109870861321	1.52519489286004	0.597292247959091	0.00313363164374946	99.2810515378205
736	0.971478879479978		1.39579353232552		1.16204738616943	0.971249097610055	1.61624678339732	0.600928711869426	0.00300918239216288	99.3095050952635
734	0.99096998657983		1.4203847691047		1.15931880474091	0.990740204709906	1.64096078820827	0.603756172499208	0.00289014612609594	99.336728680612
732	0.990889142463942		1.41933660474121		1.15665113925934	0.990659360594018	1.63597247372616	0.60554769502793	0.00240720032877982	99.4472549290049
730	0.992274303286044		1.42278882945886		1.15388596057892	0.99204452141612	1.63604486643695	0.606367552484448	0.00214437269905198	99.5074569300941
728	1.00113841610463		1.43853287694234		1.15089321136475	1.00090863423471	1.64992129447178	0.606640230408775	0.00184509480147678	99.5760524272133
726	1.01479938406762		1.46192205836743		1.1476241350174	1.0145696021977	1.67207673348748	0.606772154577854	0.00162708869493479	99.6260499238961
724	1.02921558731812		1.48609171006529		1.14410185813904	1.0289858054482	1.69459735519227	0.607215514821484	0.00160334028511933	99.6314978976795
722	1.02332696582066		1.47970886859909		1.14027833938599	1.02309718395073	1.68165589813648	0.608386760385683	0.00161207695647638	99.6294936380471
720	0.983247249489107		1.42255733531916		1.13600122928619	0.983017467619183	1.61042390386255	0.610409138402285	0.00181753108295341	99.5823725014869
718	0.893019733675322		1.29251172731829		1.13137769699097	0.892789951805398	1.45673876775264	0.612868945049587	0.00222985599812321	99.4878725490836
716	0.766372831715557		1.1096203568943		1.12621939182281	0.766143049845633	1.24412123161999	0.615810606212406	0.0024707929035615	99.4326942005798
714	0.631820276406035		0.916906267698528		1.12039887905121	0.631590494536111	1.02177473054354	0.618130861584463	0.00276612946908549	99.3650992186884
712	0.518893012452973		0.75666065981833		1.11375534534454	0.518663230583049	0.837241597696922	0.619490517444169	0.00297551272368419	99.317204589203
710	0.432847462259685		0.636125256857583		1.10628998279572	0.432617680389761	0.698282563289277	0.619545300332153	0.00331427211467639	99.2397651586537
708	0.370283918808504		0.549247860048966		1.09837675094604	0.370054136938581	0.597863673399106	0.618960732025526	0.00334572763263835	99.2325775813307
706	0.324658301009858		0.487003138312821		1.09038031101227	0.324428519139935	0.525640666820377	0.617205896762929	0.00341006444641937	99.217878258025
704	0.292360640311277		0.443596371213316		1.0826700925827	0.292130858441353	0.474928585982383	0.615104811678338	0.00302783448075427	99.3052400401274
702	0.278170021471495		0.426512754643395		1.07555782794952	0.277940239601571	0.453434272733366	0.612966986209728	0.00284391879140633	99.3473028803756
700	0.275607757992964		0.425945066657383		1.0694442987442	0.27537797612304	0.450249816979834	0.611611522621394	0.0028133921324466	99.3542862705602
698	0.28969752386684		0.449354707066772		1.0649927854538	0.289467741996916	0.473306770725261	0.611585888689817	0.00265456546919531	99.3906279609673
696	0.31553560359758		0.489402675961924		1.06259047985077	0.315305821727657	0.514793722515968	0.61248963990208	0.00264615547572503	99.3925526518402
694	0.341958238379696		0.529628631001384		1.06203079223633	0.341728456509772	0.557243773286349	0.61324768959629	0.0026824332949625	99.3842504637762
692	0.36290073860119		0.560879976701705		1.06277585029602	0.362670956731266	0.590847878095613	0.613814435451991	0.0027236100707287	99.3748279885436
690	0.378048904434215		0.583685706285871		1.06392598152161	0.377819122564291	0.615750899233109	0.613590857983072	0.00274295779344409	99.3704009606393
688	0.386473942547523		0.596629762935809		1.06461536884308	0.386244160677599	0.629930326211835	0.613153780038385	0.00273877722436284	99.3713575162545
686	0.389028279085168		0.600515387615107		1.0645604133606	0.388798497215244	0.634034291401176	0.613213673910324	0.00270242896853275	99.3796747453053
684	0.382806781002118		0.591304892656794		1.06376242637634	0.382576999132194	0.623761245299187	0.613338840807096	0.00293870869105993	99.3256215244314
682	0.380955491641839		0.588848300869735		1.06245732307434	0.380725709771916	0.620385944419246	0.613691707874393	0.00268431979810943	99.3838187560252
680	0.386704209880588		0.598272818654342		1.06094348430634	0.386474428010664	0.629500870314837	0.613937877190501	0.00269343330242222	99.3817332463183
678	0.394365992686887		0.610706625977705		1.05921316146851	0.394136210816963	0.641644251844455	0.614259708060952	0.00280251503642338	99.3567746734535
676	0.402467585672092		0.623584905040016		1.05730748176575	0.402237803802168	0.654106140608731	0.614942711633672	0.00287818440575736	99.3394647377834
674	0.408785098159056		0.633878073639023		1.05524814128876	0.408555316289132	0.66369397107057	0.615577862836561	0.00285922001870464	99.3438027003192
672	0.41436360765825		0.642832024103733		1.05312037467957	0.414133825788326	0.671785308695912	0.616467523816878	0.0027954529021856	99.3583903434987
670	0.420125735320772		0.652252995745777		1.0509113073349	0.419895953450848	0.68027675063549	0.617242839856862	0.00290479212514625	99.3333787391257
668	0.424069543288412		0.658870122184179		1.0485315322876	0.423839761418488	0.685674538466318	0.618135482129045	0.00284863937288595	99.3462230267076
666	0.427939874083494		0.665299011623823		1.04595601558685	0.42771009221357	0.690714645992478	0.619228352395799	0.00280094990805509	99.3571327401417
664	0.431442454330729		0.671293426883073		1.04322910308838	0.431212672460805	0.695167431916792	0.62030045232674	0.0029100402266895	99.3321783819253
662	0.436888584680061		0.680314903592631		1.04042720794678	0.436658802810137	0.702686547438687	0.621413351944435	0.00292020834153084	99.3298527498586
660	0.445489259084171		0.693941806309177		1.03775990009308	0.445259477214247	0.715026547033296	0.622717406873444	0.00291326695161448	99.3314403655827
658	0.456420101630825		0.711289836330189		1.03528940677643	0.456190319760901	0.731284585098744	0.623820505801176	0.00291055220479044	99.332061281957
656	0.472350017949008		0.73659113475204		1.03309750556946	0.472120236079084	0.755875027215982	0.624600918247008	0.00296531973142422	99.3195356143941
654	0.491123014394991		0.766052989187538		1.03115320205688	0.490893232525067	0.784832145706046	0.625475441100151	0.00288037926264007	99.3389626928208
652	0.504047471130457		0.786444670014261		1.02945709228516	0.503817689260533	0.804533561737566	0.626223333893528	0.00301077843225177	99.3091401317038
650	0.509557766213419		0.795105892819007		1.02793705463409	0.509327984343495	0.812248825207812	0.627059059412225	0.00294919897204632	99.3232223663984
648	0.51037654062421		0.796709065114848		1.02666783332825	0.510146758754286	0.812891845340639	0.627570274789153	0.00297298918080969	99.3177816905998
646	0.512415310147314		0.800760758824244		1.02560043334961	0.51218552827739	0.816202121548864	0.627522907322811	0.00313124868733788	99.2815962904647
644	0.521585927786451		0.815260990699897		1.02465677261353	0.521356145916527	0.830308890174895	0.627906255233169	0.00289284001573639	99.3361125057226
642	0.532249106759956		0.832481132232652		1.02378344535828	0.532019324890032	0.847230903778479	0.627950801271924	0.00304827337701946	99.3005666173137
640	0.545810549271685		0.853954708501828		1.02288675308228	0.545580767401762	0.868453883744077	0.628220769823327	0.00305197191097463	99.2997209585065
638	0.561265056656221		0.87857311965834		1.02184903621674	0.561035274786297	0.892729138474425	0.628449605380916	0.0031520313876389	99.2768453889948
636	0.575145867147631		0.90049583380414		1.02063095569611	0.574916085277708	0.914039974170231	0.628983525364543	0.00313120857861071	99.2816054594936
634	0.590326212240782		0.924393706633453		1.01923584938049	0.590096430370858	0.937148136391072	0.629672521831288	0.0030742916498555	99.2946177693487
632	0.603201634857792		0.945052980842895		1.0177036523819	0.602971852987868	0.956764359038713	0.630219810438685	0.00315683189221957	99.2757480314714
630	0.618068419466356		0.968580959264507		1.01619136333466	0.617838637596432	0.979251553137578	0.630929443631559	0.00319159641175947	99.2678014981961
628	0.634985469569657		0.995382330922551		1.01451146602631	0.634755687699733	1.00482302102196	0.631708942191781	0.0031680873946001	99.2731751598708
626	0.650274847865497		1.01948328755232		1.01275491714478	0.650045065995573	1.02749160927542	0.632652432513763	0.00317276993264261	99.2721048079952
624	0.663748979586559		1.04108124584004		1.01092803478241	0.663519197716636	1.04747212530295	0.633448071493771	0.00333108256066919	99.2359239115384
622	0.67554059788661		1.0596040271381		1.0092089176178	0.675310816016687	1.06438421974693	0.634461506933326	0.00318534724334817	99.2692298968941
620	0.684450331432552		1.07386961698588		1.00772297382355	0.684220549562628	1.0771927993054	0.635188566061555	0.00327688480782213	99.2483088252596
618	0.692199536418677		1.08631919121592		1.0068142414093	0.691969754548754	1.08875582985409	0.635560091229535	0.00325405333953991	99.2535265848064
616	0.699977382151759		1.09888278064326		1.00664889812469	0.699747600281835	1.10122415322946	0.635427036566303	0.00328989649288156	99.2453353396507
614	0.706933944929138		1.11014510207043		1.00700271129608	0.706704163059214	1.11295239556871	0.634981483370716	0.00337332352522273	99.2262723560381
612	0.716406175421074		1.12509357155415		1.00780045986176	0.71617639355115	1.12889915200128	0.634402455065656	0.00328944685891284	99.2454380904314
610	0.726349330288569		1.14098990175186		1.00835275650024	0.726119548418645	1.14554692173809	0.633862773003602	0.00328995116620618	99.245322845658
608	0.73807976694824		1.15982993768733		1.0085117816925	0.737849985078316	1.164727981742	0.633495542860375	0.00336384622740802	99.2284377236267
606	0.752776416059437		1.18292134689681		1.00798010826111	0.752546634189513	1.18738963445027	0.633782384783845	0.00338486924303184	99.2236344608786
604	0.767221420274178		1.2056007443892		1.00688087940216	0.766991638404254	1.20893020646869	0.634438311078893	0.00342771646642644	99.2138456017225
602	0.781819792103053		1.22863749356473		1.00539457798004	0.781590010233129	1.23030667380926	0.635280639267917	0.00347187659880178	99.2037578064711
600	0.801048928683932		1.25861187851576		1.00393652915955	0.800819146814008	1.25861483173118	0.636270228686652	0.00347755432336244	99.2024608801829
598	0.819382435385577		1.28734790135015		1.00287997722626	0.819152653515653	1.2861090359619	0.636923177281776	0.00355335936787407	99.1851468432534
596	0.839735601502981		1.31890834891691		1.00218975543976	0.839505819633057	1.31685344192944	0.637508923090957	0.00353594224653229	99.1891246842136
594	0.861286245337767		1.35251655038174		1.00178515911102	0.861056463467843	1.34999000945276	0.637824322727311	0.0034933080965626	99.1988624353718
592	0.87844505264225		1.37941064359703		1.00154709815979	0.878215270772327	1.37660490325629	0.637957389731036	0.00356371070880695	99.1827828089916
590	0.898333750377721		1.41018619126459		1.00122630596161	0.898103968507797	1.40697726919803	0.638321590667708	0.00360528368798543	99.1732889595658
588	0.915022422186036		1.43616246069204		1.00070452690125	0.914792640316112	1.43223860749553	0.638715250048843	0.00356424298344829	99.1826612498883
586	0.927831302750089		1.45613717985051		0.999973237514496	0.927601520880165	1.45116614857641	0.639211107418773	0.00362324238674313	99.1691880868354
584	0.944049146313215		1.48125092028971		0.999053955078125	0.943819364443291	1.4749220630334	0.639911347249211	0.00366105162747881	99.1605548928793
582	0.956861219015927		1.50093296061634		0.998229086399078	0.956631437146003	1.49335147908904	0.640593624837441	0.00365173918364542	99.1626811851461
580	0.970196514067622		1.52197236940678		0.997582137584686	0.969966732197698	1.51337218156106	0.640930726767533	0.00382418090565663	99.1233152944208
578	0.986482344691024		1.54680462791351		0.997147619724274	0.9862525628211	1.537474427972	0.641475750671192	0.00365105431561087	99.1628375615381
576	1.00451918696514		1.57497395610906		0.996688485145569	1.00428940509522	1.56484254606816	0.641783039206474	0.00380223083487212	99.1283253022895
574	1.02109457904979		1.60042908296047		0.996220171451569	1.02086479717987	1.58946618484677	0.642268962317231	0.00379853722436881	99.1291683776583
572	1.04205114634886		1.63294045825781		0.9957315325737	1.04182136447894	1.62105916458792	0.642679420490969	0.00384800984691224	99.1178767292135
570	1.06058905215858		1.66129832862789		0.995352268218994	1.06035927028866	1.64866778967863	0.643161270528217	0.00382314752941597	99.1235511523584
568	1.08159720026799		1.69368509760249		0.995181918144226	1.08136741839807	1.68061635445428	0.643435020450699	0.00382272094014343	99.1236485173172
566	1.10221224382576		1.72533452221967		0.995282471179962	1.10198246195583	1.71228628122983	0.643573725980185	0.00393855084565503	99.0972149512616
564	1.12803700415958		1.76522048244848		0.995623111724854	1.12780722228965	1.75258370385368	0.643511188543959	0.00397982393987239	99.0877977136097
562	1.15176583096906		1.80165706677554		0.996170461177826	1.15153604909914	1.78984424569859	0.643372210663887	0.00396573526609492	99.0910122105913
560	1.1813379805091		1.84670556970833		0.99668163061142	1.18110819863917	1.83566169189408	0.643423678695654	0.00396906440485892	99.0902526189334
558	1.21247024662005		1.89452460027897		0.997178435325623	1.21224046475013	1.88426079967313	0.643350678929594	0.00410130846427046	99.060083913405
556	1.23994029961087		1.93655868214226		0.997675478458405	1.23971051774095	1.92713638133723	0.643291533358276	0.00413064992177466	99.0533915210762
554	1.27214462382301		1.98561119201706		0.99818366765976	1.27191484195309	1.97708142727459	0.643329518150611	0.00415853631224938	99.0470314290466
552	1.30055868315772		2.02818991956909		0.998678505420685	1.30032890128779	2.02058400202975	0.64354112473501	0.00416549368147697	99.0454447147834
550	1.32936289294252		2.07170166103341		0.999059557914734	1.3291331110726	2.06482579062384	0.643702300265742	0.00420570002682766	99.0362756574005
548	1.35784351874425		2.11469274057354		0.999196529388428	1.35761373687432	2.10806541655477	0.644009301709946	0.00427538100872668	99.0203869191533
546	1.38505222530057		2.1552084630679		0.99907249212265	1.38482244343064	2.14828187146764	0.644618595829128	0.00433353097011747	99.0071294488264
544	1.4085389668449		2.19003684427639		0.998806416988373	1.40830918497498	2.18249654706482	0.645274416066763	0.00441819235110923	98.9878308767561
542	1.43121816139539		2.22299138516033		0.998482644557953	1.43098837952547	2.21469360755328	0.646133792342669	0.00438801764494185	98.9947087732143
540	1.45144839355333		2.25249481521822		0.99831360578537	1.4512186116834	2.24377234519413	0.646776227005261	0.00444559468313215	98.9815853176975
538	1.46977379936389		2.27893513493679		0.998360693454742	1.46954401749397	2.27027515360915	0.647297758228896	0.00453773864116914	98.9605866913242
536	1.49360063947864		2.31337897024838		0.998661279678345	1.49337085760872	2.3053564122151	0.647783071500782	0.00456249673537171	98.9549453447389
534	1.51235207525577		2.33973994426414		0.999168038368225	1.51212229338584	2.33286528037619	0.648182433038742	0.00452708753621601	98.9630137369448
532	1.53034473570633		2.36510752228778		0.999805629253387	1.53011495383641	2.35971657982529	0.648431666293458	0.00463507112808114	98.9384104925981
530	1.55408381184439		2.39897690691807		1.0004802942276	1.55385402997446	2.39519455935289	0.648738126056142	0.00473301358168059	98.916100335583
528	1.57257001935109		2.42450165046842		1.00102841854095	1.57234023748116	2.42205778713749	0.64917536065043	0.00480142614040407	98.9005197310937
526	1.59563278781362		2.45692937250681		1.0014044046402	1.5954030059437	2.45544077530119	0.649742002328686	0.00479940307827277	98.9009804377584
524	1.6187656566787		2.48898623273028		1.00163662433624	1.61853587480878	2.48811950260187	0.650505682350163	0.00483989616448823	98.891759461212
522	1.64283506118458		2.5234203756591		1.00181710720062	1.64260527931465	2.52306454524804	0.651035774097952	0.0049515155947705	98.8663462359813
520	1.67707856385537		2.57177641794634		1.0020604133606	1.67684878198544	2.57213298465944	0.651929271148265	0.00495031938509802	98.8666185513053
518	1.71060680163643		2.6194636858222		1.00242054462433	1.71037701976651	2.62086008254959	0.652601423156723	0.00503439845350963	98.8474799047753
516	1.7510211996683		2.67738847807122		1.00289297103882	1.75079141779838	2.68018762328353	0.65323464767495	0.00517162552975758	98.8162513066478
514	1.79729952284764		2.74370759401715		1.00349617004395	1.79706974097772	2.74835062510813	0.653872080425334	0.00510841794546162	98.8306341536238
512	1.84797192865103		2.81671222019029		1.00418245792389	1.8477421467811	2.82354017842179	0.654406181609177	0.00530679010873266	98.7855017131703
510	1.90478837282097		2.89801881166228		1.00497353076935	1.90455859095105	2.9074754735548	0.655055772017383	0.00525172922798414	98.7980267664904
508	1.98063320589193		3.00779432391895		1.00580215454102	1.98040342402201	3.02028520064377	0.655700800573365	0.00531756742961228	98.7830503123703
506	2.06586583036825		3.1324630367997		1.00663805007935	2.06563604849833	3.14829154974106	0.656113328725297	0.00562416502011253	98.7133373450214
504	2.14714794979444		3.24846301192213		1.00742840766907	2.14691816792452	3.26762508770745	0.657027079392021	0.00550977114130732	98.7393420246618
502	2.25196463943909		3.40003151717586		1.00814700126648	2.25173485756917	3.42275920224463	0.657871244957136	0.00558597421064574	98.7220183395543
500	2.35759743930997		3.55271460982749		1.00866842269897	2.35736765744005	3.5785360940352	0.658751957642504	0.00568469251269931	98.6995806552529
498	2.527394118319		3.8013214813927		1.00904226303101	2.52716433644908	3.83071723848094	0.659710487389357	0.00580700567277823	98.6717871688582
496	2.73730921757788		4.10768369940682		1.00876116752625	2.73707943570795	4.13869639924763	0.66133854036878	0.00577092962594172	98.679983993861
494	2.92148574272085		4.3721788765726		1.00816118717194	2.92125596085093	4.40288860075813	0.663486230459684	0.00590753771482666	98.6489489136249
492	3.00722871112824		4.48702490882855		1.00794267654419	3.00699892925831	4.51769252808641	0.665605042964713	0.0060121213159001	98.6251958598571
490	3.04734301760857		4.53577297992282		1.00791668891907	3.04711323573865	4.56671004354969	0.667244735636892	0.00609495660824098	98.6063863464944
488	3.12967119110773		4.64752009861693		1.00887954235077	3.12944140923781	4.68381196111659	0.668139847461291	0.00611102415606857	98.602738283747
486	3.31678465471553		4.91530229969536		1.00954282283783	3.31655487284561	4.95722889826602	0.6690340391596	0.00630056247215695	98.5597146669477
484	3.52549922907686		5.20734460809873		1.01009511947632	3.52526944720694	5.25493138956829	0.670849757278477	0.00640619333927082	98.5357454880549
482	3.62932121352529		5.34246800843771		1.01073944568634	3.62909143165537	5.39485799100029	0.672694524621302	0.00639895172457247	98.5373885295433
480	3.6043860085468		5.28889208091741		1.01162850856781	3.60415622667688	5.34540446031944	0.674253230682847	0.00658046716374577	98.4962129658682
478	3.68746764883982		5.39683209513454		1.0127238035202	3.6872378669699	5.46050537666285	0.675255789093889	0.00666601709636529	98.4768125017773
476	3.92592912249635		5.73359906156233		1.01399922370911	3.92569934062643	5.80886375718269	0.675811915156778	0.00683792924830197	98.4378389222791
474	4.36500379115206		6.35581341454483		1.01552999019623	4.36477400928213	6.4495103442246	0.676760525423561	0.00688930952683455	98.4261936801245
472	4.89678103512093		7.11221752529192		1.01726651191711	4.89655125325101	7.2300033587513	0.677254353875804	0.0069993117952108	98.4012665075655
470	5.37167718800849		7.78122286929839		1.01911818981171	5.37144740613857	7.92495927704913	0.677788644503753	0.0072472020272536	98.3451162372071
468	5.5797166769233		8.05113159624723		1.02110064029694	5.57948689505338	8.215979362182	0.679101863465682	0.00720667404855079	98.3542941451028
466	5.44929192158508		7.82451210252386		1.02326714992523	5.44906213971516	8.00151924719959	0.681003440893084	0.00732797935205291	98.3268260746801
464	5.24137866557992		7.49751250666251		1.02553856372833	5.24114888371	7.68393005306018	0.682092216810677	0.00736221948289147	98.3190742131762
462	5.08116835127868		7.25412556915848		1.027627825737	5.08093856940876	7.44947282705546	0.682053440205257	0.00748384014468805	98.2915446054825
460	4.93159668439588		7.03285967648792		1.02919805049896	4.93136690252595	7.23312926461985	0.681775027393365	0.00755817051875732	98.2747232494761
458	4.75147811822106		6.77675588112454		1.03004312515259	4.75124833635114	6.97527043426378	0.68115614743941	0.00767210661691693	98.2489444971506
456	4.57411815799226		6.53463792554903		1.03006207942963	4.57388837612233	6.72600226449865	0.680030751738569	0.00768059766689861	98.2470236149429
454	4.42789625916247		6.34620060940746		1.02918720245361	4.42766647729254	6.52635230105586	0.678428971199765	0.00785086740198378	98.2085123823166
452	4.24919657725933		6.11620159909602		1.02735614776611	4.24896679538941	6.27845019457449	0.676754081614144	0.00810492971663059	98.1510771943427
450	4.00389157335671		5.78442223030456		1.02460694313049	4.00366179148678	5.9217056195437	0.676099429575374	0.00824709772431654	98.1189523113695
448	3.64160367197231		5.28406827722575		1.02102768421173	3.64137389010238	5.39014409028505	0.675561511734989	0.00854655421465063	98.0513202535717
446	3.34760433232676		4.88124680666737		1.01675081253052	3.34737455045683	4.95799684517199	0.675146567250531	0.00892620784437397	97.9656427353809
444	3.18201646677748		4.65782053802889		1.0121191740036	3.18178668490755	4.70927750807483	0.675642214639476	0.00930581395774564	97.8800507915445
442	3.13194658172364		4.58980886837878		1.00782012939453	3.13171679985372	4.62073100381323	0.677753541002341	0.0094782654412909	97.8411918840247
440	3.09268465561099		4.53298692036364		1.0045450925827	3.09245487374107	4.54863515489545	0.679864347971022	0.00982451294694576	97.7632176774202
438	3.05811068113977		4.4762369205904		1.00285410881042	3.05788089926984	4.48406631738463	0.681943727597094	0.00989441484301757	97.7474834587601
436	3.02588837902243		4.41851395939527		1.00277864933014	3.0256585971525	4.42584556199113	0.683634020838112	0.0100088880326017	97.7217221559633
434	3.00886892108262		4.38042538532872		1.00421047210693	3.0086391392127	4.39391608394563	0.684728402120736	0.0101690591824749	97.6856882773713
432	3.02209082044385		4.38361262896832		1.00665414333344	3.02186103857393	4.40781680277608	0.685568655364882	0.0102370586570692	97.6703943794451
430	3.02138225111075		4.36797205285894		1.00962591171265	3.02115246924082	4.40503809592296	0.685840259142598	0.0103574425070172	97.6433244784298
428	3.03098621835753		4.37116266563916		1.01240730285645	3.0307564364876	4.42040361602732	0.685628892687266	0.0105383089598363	97.6026683670651
426	3.01654019790744		4.34842324922612		1.01423370838165	3.01631041603751	4.40531504085108	0.684698004130661	0.0108042131741023	97.542927756781
424	3.00474613057175		4.33985746556894		1.01462960243225	3.00451634870183	4.39834350545229	0.683101796159704	0.0111430229949329	97.4668604443896
422	2.98487917508473		4.32835507303678		1.01337480545044	2.98464939321481	4.38124781950992	0.681232725508931	0.0114651559005699	97.3945923340199
420	3.33801212045102		4.86361368906205		1.01114857196808	3.3377823385811	4.91284885596449	0.679398539714658	0.0119384460884568	97.288510404599
418	3.13860677456812		4.60419942007909		1.0079870223999	3.1383769926982	4.63600167701986	0.676957691420774	0.0123901675210144	97.1873706027973
416	2.95046626018318		4.36132215054177		1.00422537326813	2.95023647831325	4.37479733079044	0.674371006297611	0.0128435071076024	97.085974207616
414	2.7969797861871		4.16504732222448		1	2.79675000431718	4.1601151288028	0.672277068717094	0.0132858385216336	96.9871419267084
412	2.67717120512286		4.01378163679375		0.995681941509247	2.67694142325294	3.99153899699496	0.670653957099825	0.0137236369683117	96.8894215380307
410	2.56904847606271		3.87472513100174		0.991583049297333	2.56881869419279	3.83722108119491	0.669447665338286	0.0141605979716715	96.7919862508389
408	2.48063099594726		3.76032809776744		0.988153755664825	2.48040121407734	3.71090856688756	0.668408064863133	0.0146249808798401	96.6885437177606
406	2.42331102547318		3.68681041007292		0.985654711723328	2.42308124360325	3.62906061223377	0.667688281489404	0.0149856097349655	96.6082889432227
404	2.39936747088135		3.66050210939679		0.98426741361618	2.39913768901143	3.59805834648994	0.666786766076734	0.0154323487100844	96.5089634861703
402	2.40350949967339		3.671812814918		0.984128773212433	2.40327971780347	3.60868272754962	0.665971463619179	0.0158115671692367	96.4247303028382
400	2.45340791255995		3.7486121798455		0.985299050807953	2.45317813069002	3.68864433715212	0.665062257692223	0.0163052085389748	96.3151912773463
398	2.48526570051859		3.79388702097319		0.987817049026489	2.48503591864866	3.7427941766466	0.66395206398316	0.0167043156163469	96.2267203924604
396	2.51364104220208		3.83006851496924		0.991658091545105	2.51341126033216	3.79322738452571	0.66260495497462	0.0171311430528046	96.1321946047973
394	2.52460772916998		3.83780819999691		0.996615350246429	2.52437794730005	3.8199030637441	0.660848693062323	0.0175859641963737	96.0315714798245
392	2.51901589569623		3.81948394469903		1.0025714635849	2.5187861138263	3.82436073219848	0.658616247316804	0.0180879329642281	95.9206398328802
390	2.53616338097927		3.83444242852598		1.0093150138855	2.53593359910935	3.86518217611895	0.656096784978889	0.018653192474197	95.7958747572148
388	2.55411764116144		3.85058786303178		1.01699423789978	2.55388785929151	3.91100965694009	0.652999630097982	0.0191967339988641	95.6760563665538
386	2.57461013375533		3.87090039957171		1.02549052238464	2.57438035188541	3.96451375524721	0.64935588846882	0.0198462945849015	95.5330636621983
384	2.60875262629469		3.91290607567339		1.03449034690857	2.60852284442477	4.0427612571602	0.645232967889154	0.0204659528676901	95.3968527626783
382	2.63290222336616		3.94106669567806		1.04369103908539	2.63267244149624	4.1081083086398	0.640847865661049	0.0210360773172129	95.2717017492521
380	2.64823914957441		3.95743158819079		1.0526317358017	2.64800936770448	4.16052629867096	0.63646019219981	0.0217132969565038	95.1232550348663
378	2.65239730385467		3.95894663945427		1.06117713451386	2.65216752198474	4.19590971966725	0.632084029251962	0.0223431761030607	94.9853929885254
376	2.6422394303601		3.94100749157673		1.06922745704651	2.64200964849018	4.2085597817899	0.62777049287073	0.0230988268717859	94.8202668327206
374	2.64002175458771		3.93580581923423		1.07646524906158	2.63979197271779	4.23144885663992	0.623850615274593	0.0238219154686121	94.6625250007065
372	2.64331955730891		3.93986756238207		1.08239138126373	2.64308977543899	4.25914012919255	0.620568869599523	0.0245515848233849	94.5036135851013
370	2.64339659588282		3.94088428601082		1.08660447597504	2.6431668140129	4.27682316103066	0.618021067154884	0.0253916475499877	94.3209904240383
368	2.65613530432801		3.96118670292188		1.08728444576263	2.65590552245809	4.30157399165784	0.617426441486014	0.0261485376246737	94.156750603687
366	2.66740084383378		3.98121630489263		1.08414971828461	2.66717106196386	4.31088729927078	0.618705820125483	0.0270553463025848	93.960356025944
364	2.69081258690429		4.0190864585499		1.07767069339752	2.69058280503437	4.32593641030534	0.621965408142571	0.0278902199718423	93.7799031796238
362	2.71738696423951		4.06281603601188		1.06871128082275	2.71715718236959	4.33670623884453	0.626548590732664	0.0288184129052088	93.5796867499657
360	2.74653462037305		4.11136824529053		1.05907070636749	2.74630483850312	4.34900613010568	0.631478723263236	0.0297663412936236	93.3756544489411
358	2.78606424667994		4.17536551065981		1.04836678504944	2.78583446481001	4.372143769056	0.637178146914301	0.0307020541378742	93.1746877189766
356	2.81513408298956		4.22452306661573		1.03684234619141	2.81490430111964	4.37505050093036	0.643399270596086	0.0316307343331356	92.9756590854708
354	2.84332003258397		4.27355011720108		1.02479386329651	2.84309025071404	4.37445345304661	0.649930392729167	0.0326152504487955	92.7651282960862
352	2.87167509838863		4.32373870342632		1.01273274421692	2.87144531651871	4.37379676861889	0.656510914526425	0.0336649223589256	92.5411895287219
350	2.88705568914749		4.35557108855303		1.00126516819	2.88682590727756	4.35614318506765	0.662702253950987	0.0347474530204982	92.310806852145
348	2.90320636046967		4.38888544388866		0.990810453891754	2.90297657859975	4.34366670993542	0.668323969691245	0.0357881290708438	92.0898723403392
346	2.90802017880981		4.4073148871744		0.981342911720276	2.90779039693989	4.32024705119424	0.673061138051374	0.0369545462119709	91.842871531853
344	2.90797142392719		4.41990775821783		0.972720801830292	2.90774164205727	4.29453857144965	0.677078944263794	0.038208516428561	91.5780693679096
342	2.92032924858485		4.45164550223163		0.964752793312073	2.92009946671492	4.28997908573237	0.680679184760271	0.0393987658503946	91.3274294944186
340	2.91276638240413		4.45426461843211		0.957048177719116	2.9125366005342	4.2582254894228	0.68397895033243	0.0406445176750914	91.0658367297345
338	2.89716944643129		4.44754101006053		0.950148642063141	2.89693966456137	4.22113873434714	0.686293402533576	0.0419579350810917	90.7908464167713
336	2.87870116037228		4.43826384945307		0.944044172763824	2.87847137850235	4.18526091580583	0.687763902038144	0.0432988551057033	90.5109545089128
334	2.83887244959393		4.40049778515085		0.938558220863342	2.838642667724	4.12549422146146	0.688073359297644	0.0446169594792485	90.2366659143842
332	2.78878044539955		4.34977705781446		0.933434963226318	2.78855066352963	4.05563010621853	0.687575195591413	0.0459686133287521	89.9562591002316
330	2.72134256725105		4.27758242919669		0.928119659423828	2.72111278538113	3.96553068166464	0.686191333221225	0.0474617315345006	89.6475176633344
328	2.63853661055068		4.18663487096635		0.923022568225861	2.63830682868075	3.85980594498423	0.683533541915287	0.0490803202161486	89.3140287402182
326	2.55215739947005		4.09111371656287		0.918195605278015	2.55192761760013	3.75191391691647	0.680166889249273	0.0507674308757269	88.9677421646591
324	2.46817506337985		3.99979179309965		0.913534343242645	2.46794528150992	3.64944144073839	0.676252879128425	0.0523671175770685	88.6406398672653
322	2.37571079372978		3.89478006256223		0.908978700637817	2.37548101185986	3.53578886177015	0.67183904490004	0.0542161033135047	88.2640592463636
320	2.29330466612938		3.80244112250151		0.904343068599701	2.29307488425945	3.43425087795881	0.667707446470063	0.0560991350083806	87.8821888079752
318	2.22768163172362		3.73448898654256		0.899914681911469	2.2274518498537	3.35628291515213	0.663666295769567	0.0579834232067469	87.5017173537944
316	2.1686637242446		3.67625687007603		0.895963847637177	2.16843394237468	3.28937418322054	0.659223858883584	0.0599816653522887	87.1000360277463
314	2.11587086556883		3.62639441910339		0.892610192298889	2.11564108369891	3.23255409366891	0.654479715542109	0.0620360609688443	86.6889891911836
312	2.06145762115735		3.57339588415891		0.88999992609024	2.06122783928743	3.17593242101184	0.649015018597508	0.0640802148875109	86.2819168964005
310	2.00502837333596		3.51788531309166		0.888025283813477	2.00479859146603	3.11959119111837	0.642647856287643	0.0662212460606773	85.8576018926734
308	1.9423157759303		3.45193094323801		0.887133359909058	1.94208599406037	3.05794758252688	0.635094599121795	0.0684886316264256	85.4105204736816
306	1.87714759992116		3.38199858267761		0.887335538864136	1.87691781805124	2.99659102429037	0.626351011144645	0.0707910667639183	84.958910263022
304	1.8106164234292		3.30928421529238		0.888603985309601	1.81038664155927	2.93626037550014	0.616562024493794	0.0731088772653853	84.5066961017575
302	1.73346461709685		3.21948339778011		0.891015827655792	1.73323483522693	2.86421600189335	0.605134121896254	0.075723238152079	83.9995117751541
300	1.65537620188154		3.12561704073331		0.894482612609863	1.65514642001161	2.79139833535531	0.592945262970121	0.0783404592575032	83.4948215295499
298	1.57072850934868		3.01722651382266		0.900495111942291	1.57049872747876	2.71255631125261	0.578973686542023	0.0810601462427421	82.9735847910994
296	1.48571524064541		2.90697681943898		0.909423410892487	1.48548545877548	2.63918732235486	0.562857151590904	0.0839424844334755	82.4247266548289
294	1.39258865410346		2.78047190051088		0.92107892036438	1.39235887223354	2.55649111683418	0.544636694829496	0.0871385094618839	81.8203796926608
292	1.29793240448169		2.64493430339621		0.934718489646912	1.29770262261176	2.46765878490005	0.525884141905108	0.0902154009217157	81.2427469296702
290	1.19759257333966		2.49540190653277		0.948803901672363	1.19736279146973	2.36296738079665	0.506719983187433	0.093504706590182	80.6297463200214
288	1.09551064015381		2.33740459271097		0.962523102760315	1.09528085828388	2.24505857086672	0.487862932618742	0.0967996555671436	80.0203311749093
286	0.992735434570822		2.17509726914077		0.97529125213623	0.992505652700899	2.11654301404039	0.468927702445437	0.100309361993755	79.3762610533956
284	0.897830356825045		2.02234161789568		0.986907541751862	0.897600574955121	1.99099657581467	0.450829793410288	0.103833563876053	78.7347469683414
282	0.809004267702437		1.87550332502539		0.996903836727142	0.808774485832513	1.86477953796677	0.433710510741847	0.107319127439679	78.1053661312755
280	0.727121757653647		1.73768209754875		1.00535523891449	0.726891975783723	1.74202919384273	0.417267390439237	0.11084390684455	77.4740203165969
278	0.652155524127514		1.60822144285365		1.00982344150543	0.65192574225759	1.61903906759005	0.402662144050659	0.114363802247664	76.8486420548142
276	0.588277968535588		1.49703798992878		1.01022160053253	0.588048186665664	1.50735750591126	0.390118591216463	0.118003931616694	76.2072111045294
274	0.53171402680604		1.39909017843051		1.00653350353241	0.531484244936116	1.40326672112862	0.378747843823058	0.121840724463973	75.5369205110095
272	0.488212656740605		1.32392755818641		0.99854451417923	0.487982874870681	1.31707558571365	0.370504836748811	0.12532221755015	74.9338044170568
270	0.45372858400242		1.26481388502174		0.988452672958374	0.453498802132496	1.24533342567339	0.364158540020938	0.128727852148242	74.3484891989814
268	0.424544875928114		1.21651251039784		0.972882628440857	0.42431509405819	1.17872544334698	0.359977886668293	0.132096675853151	73.7739987697915
266	0.400090396045361		1.17721313463935		0.953488886356354	0.399860614175437	1.11775684913841	0.357734881681698	0.135272334507031	73.2365142435642
264	0.37622770235409		1.13579497379411		0.931065678596497	0.375997920484166	1.05290752200697	0.357104411000377	0.138286786473872	72.7299373597765
262	0.353139795036677		1.09398270131714		0.906938552856445	0.352910013166753	0.98770189161828	0.357304178681419	0.141025465166553	72.2727424721946
260	0.329059009000087		1.04709545022275		0.883175373077393	0.328829227130163	0.920412923132834	0.357262722921054	0.143732797566423	71.8236054645068
258	0.304844496462566		0.996391089463442		0.859192788600922	0.304614714592642	0.85185433367331	0.357590144877355	0.146133900907806	71.4276067786445
256	0.278372311814925		0.936313544537484		0.834685504436493	0.278142529945001	0.777410512878835	0.357780767480246	0.148643064054221	71.0161192184846
254	0.252405992643779		0.874001327074069		0.80953711271286	0.252176210773855	0.70354371720482	0.358437158355634	0.150993665941963	70.6327855773096
252	0.228211473697487		0.81413863047489		0.784095585346222	0.227981691827563	0.634495194927165	0.359311928049721	0.153308993171268	70.2572273739528
250	0.204693312780719		0.752949960370267		0.758817315101624	0.204463530910795	0.567608833564236	0.360219078386939	0.155831444055924	69.85034507258
248	0.18291578448639		0.694105876437916		0.735633492469788	0.182686002616466	0.506979243355498	0.360342173788691	0.158405354892639	69.4375909466598
246	0.160902765775521		0.631800432350938		0.715051770210266	0.160672983905597	0.448243243934956	0.358450430831061	0.16143587392525	68.9547401288879
244	0.14041219273728		0.571349387365438		0.697206974029541	0.140182410867357	0.394910017827829	0.354973043323689	0.164722402087929	68.43489384337
242	0.121239983646408		0.511829403167233		0.681808710098267	0.121010201776485	0.345606932729024	0.350138236003974	0.168521151869892	67.8389079445288
240	0.103080853050328		0.452232687096776		0.667849898338318	0.102851071180405	0.29872958922759	0.344294890393487	0.173136142078583	67.1218407254957
238	0.0858344986346834		0.391965611226752		0.657016694545746	0.0856047167647596	0.254287416845029	0.336645508562187	0.178689366079827	66.2690330797739
236	0.0716407420156786		0.339057043628105		0.649702370166779	0.0714109601457548	0.217081707110732	0.328958902600339	0.184475320701032	65.392008873347
234	0.0577838054255404		0.283998677454064		0.645702123641968	0.0575540235556166	0.180193821377006	0.319400649344134	0.191723161290929	64.3097525787565
232	0.045949881751513		0.234230957621188		0.644411623477936	0.0457200998815891	0.147762788899288	0.309415518089274	0.199671821949464	63.1434312563568
230	0.0353525772589456		0.187382356467138		0.644490897655487	0.0351227953890218	0.117587469358556	0.29869505297306	0.208792819036566	61.8311296308049
228	0.0268010100247444		0.148054389171282		0.646355271339417	0.0265712281548206	0.0925077856684254	0.287232344421901	0.218820124614629	60.4198823650826
226	0.0202612155104708		0.117011618337376		0.649210751056671	0.020031433640547	0.0727631676275171	0.275296338706558	0.229394835579285	58.9664747113609
224	0.0153232924802751		0.0926902862659804		0.652522802352905	0.0150935106103512	0.0572641566719075	0.263576929925448	0.239735087930891	57.5791052751764
222	0.0118759839537056		0.0754699801290399		0.655378818511963	0.0116462020837818	0.0462289713127164	0.251924318302497	0.252268270781218	55.9411936871983
220	0.00929480758767668		0.0623249055279395		0.656985223293304	0.00906502571775286	0.0377061637785373	0.240412304232147	0.266052745431831	54.1935067932641
218	0.00739260627653665		0.0524786746789164		0.657121121883392	0.00716282440661284	0.0312437971053609	0.229255886615133	0.281101398814017	52.3478200941539
216	0.00603903176755623		0.0453720819567636		0.655903518199921	0.00580924989763242	0.0265246651657721	0.219013128396764	0.29732059792133	50.4288892050328
214	0.00503958962334119		0.0400964517898557		0.654084265232086	0.00480980775341737	0.0230003880971776	0.209118547613012	0.314372738924067	48.4872173638765
212	0.00428777673915351		0.0361460249410168		0.652615189552307	0.00405799486922969	0.0203706205736439	0.199208210400819	0.333927065028555	46.3524757074128
210	0.00368137434442081		0.0329766201608955		0.652986526489258	0.003451592474497	0.0183126328038209	0.188481498617546	0.354440658869046	44.2139525810552
208	0.0031144758100039		0.0301624517666075		0.655270755290985	0.00288469394008008	0.0165326504418654	0.174484662953691	0.381107674495219	41.5807506688073
206	0.00257807954711733		0.0274517942762181		0.661797821521759	0.00234829767719351	0.0149034227870709	0.157567674939123	0.414357131898671	38.5161498862457
204	0.0020618313706981		0.0249003367859554		0.668592393398285	0.00183204950077428	0.013350548763639	0.137226531523855	0.461051748217782	34.5898159987736
202	0.00155394715641891		0.0223021316114008		0.687935590744019	0.00132416528649509	0.0119493986897307	0.110814386637972	0.530409324222579	29.4842901098672
200	0.00107694458531161		0.0196319117715303		0.715800225734711	8.47162715387793E-4	0.0105220617130575	0.0805129962635078	0.636783889766086	23.0789533991387
