Wavelength	I1	I1 dark	R1	R1dark	XCorrect	I1c	R1c	I1c/R1c	Abs	Percent T
nm	uA	uA	uA	uA		uA	uA	uA/uA	OD	T*100
	Abs Detector Raw	Dark Offset for Abs Detector	Ref Detector Raw	Dark Offset for Ref Detector	Linear interp	Dark subtracted Abs Detector	Corrected Ref Detector	Corrected Intensity 	-Log(T)	% Transmittance
800	0.144402434725731	2.46751779523977E-4	0.212814936359716	0.00496462066097138	1.35067892074585	0.144155682946207	0.280739040084665	0.51348641394062	2.55012882144669E-4	99.9412983500693
798	0.153828400187944		0.226889979791024		1.34199333190918	0.15358164840842	0.297822352134081	0.515682074592162	3.32280547357651E-4	99.9235188382575
796	0.166047978882098		0.244535953307551		1.33337259292603	0.165801227102574	0.319437849001713	0.519040644747409	2.48172230078384E-4	99.9428725561941
794	0.165974796776373		0.244053509881439		1.32502686977386	0.165728044996849	0.316799202481506	0.523132772111456	3.69813447327989E-4	99.9148835515166
792	0.155703980014434		0.229184882964838		1.31713449954987	0.15545722823491	0.295328242978542	0.526387949445815	2.62418077019711E-4	99.9395942563919
790	0.150791359108161		0.222446870677919		1.30966234207153	0.150544607328637	0.284828312916182	0.528545093664682	2.78967040893651E-4	99.935786090981
788	0.153212783582738		0.226208161594591		1.30193436145782	0.152966031803214	0.28804456819208	0.531049874550004	3.07023717500666E-4	99.9293301593915
786	0.157346688023312		0.232206250788763		1.29363858699799	0.157099936243788	0.293968541305636	0.534410707846637	1.64172151601418E-4	99.9622051091728
784	0.162596613234268		0.239939543337514		1.28498160839081	0.162349861454744	0.301938454072409	0.537691901329701	1.71613164913164E-4	99.9604924147735
782	0.170445683751916		0.251479673334431		1.27644824981689	0.170198931972392	0.314663707538557	0.540891522901594	2.69391735578234E-4	99.9379894950138
780	0.183146190483699		0.270065821331454		1.268270611763	0.182899438704175	0.336220061953459	0.543987285117724	2.03235643546723E-4	99.9532142116452
778	0.198709985701966		0.292745326589036		1.26044166088104	0.198463233922442	0.362730790949489	0.547136440782823	2.70959062518096E-4	99.9376288290898
776	0.218593742260087		0.321712187435205		1.25292003154755	0.218346990480563	0.396859371355381	0.550187311275654	3.85938628406095E-4	99.91117382057
774	0.263013084314347		0.386534613018472		1.24577045440674	0.262766332534823	0.475348622767179	0.552786565374195	1.98195709509104E-4	99.9543741631309
772	0.354710514940069		0.520855204217593		1.23883104324341	0.354463763160545	0.639101269826901	0.55462847579156	1.41157757381606E-4	99.9675025067889
770	0.436569370814149		0.638773393748857		1.23221707344055	0.436322619034625	0.780989991495301	0.558678886779626	3.12380741869509E-4	99.9280975382611
768	0.430390652271943		0.626643590330528		1.22665858268738	0.430143900492419	0.762587843821408	0.564058165859191	2.81895657515671E-4	99.9351121873749
766	0.366973811399856		0.533609150089483		1.22236526012421	0.366727059620332	0.646196707728121	0.567516137477178	1.86834748585966E-4	99.9569889617055
764	0.326600088721826		0.476891180040238		1.2186872959137	0.326353336942302	0.575130902519773	0.567441838914372	2.63692760164805E-4	99.9393009274764
762	0.329271785183318		0.481270876678011		1.214359998703	0.329025033403794	0.578407264439084	0.568846647738544	2.76582839724286E-4	99.9363347225709
760	0.346703152606342		0.506675525929526		1.20898902416229	0.346456400826818	0.60656297777221	0.571179602980857	1.6347294197735E-4	99.9623660474187
758	0.371202565045068		0.542013898591055		1.2031888961792	0.370955813265544	0.646171727906534	0.574082395197584	2.50894471161363E-4	99.9422460970695
756	0.396231426944569		0.577883991221163		1.19780671596527	0.395984675165045	0.686246669763593	0.577029649268038	1.45373782180405E-4	99.9665320513917
754	0.420017776336829		0.611742552792414		1.1931779384613	0.419771024557305	0.723994042164407	0.579799004011667	2.69342514254673E-4	99.938000821615
752	0.446998708846205		0.650462413477541		1.18890511989594	0.446751957066681	0.767435630761145	0.582136063481431	2.40570894009752E-4	99.9446218439287
750	0.489345402097407		0.710930946561116		1.1848680973053	0.489098650317883	0.836476977330916	0.5847126263756	-1.0609159450963E-4	100.0244314764
748	0.540976850255355		0.785383709630316		1.18107759952545	0.540730098475831	0.921735504223754	0.586643452485007	2.20116798505735E-4	99.9493290761552
746	0.595511949829924		0.86241836508422		1.17750906944275	0.5952651980504	1.00965956068602	0.589570208839446	1.60768825900503E-4	99.962988460767
744	0.643037238031136		0.929119287974434		1.174187541008	0.642790486251612	1.08513089632386	0.592362164259832	6.36105389464494E-5	99.9853542047278
742	0.71416678028842		1.02955662277818		1.17108881473541	0.713920028508896	1.19988823334683	0.594988773677336	5.69821044342415E-5	99.9868802462912
740	0.820218748248447		1.17993831620805		1.16803753376007	0.819971996468923	1.37241337757977	0.597467213497243	1.9362028346884E-4	99.9554272187753
738	0.924810955166942		1.32588475117175		1.16498303413391	0.924564203387418	1.53884954149101	0.600815205423914	2.71160644414634E-4	99.9375824421037
736	0.980696547595002		1.40101032307616		1.16204738616943	0.980449795815478	1.62227125946464	0.604368591316249	1.84955552701667E-4	99.9574214773751
734	0.995652918079673		1.41989861645771		1.15931880474091	0.995406166300149	1.64035958879435	0.6068219267897	2.81914491157645E-4	99.9351078535826
732	0.997005885908739		1.42195341686454		1.15665113925934	0.996759134129215	1.63896170544658	0.608164993005509	2.24455892946435E-4	99.9483304739862
730	0.999942023287144		1.42799241372762		1.15388596057892	0.99969527150762	1.64201179193321	0.608823442327804	1.90935459157792E-4	99.9560451487783
728	1.00617495783255		1.44056555210511		1.15089321136475	1.00592820605303	1.65222336622797	0.608833058903873	1.43049606159426E-4	99.9670670350217
726	1.02382066699056		1.47002813896248		1.1476241350174	1.02357391521103	1.68134225293631	0.608783793676423	2.18041761170912E-4	99.9498066301964
724	1.03648667188379		1.49187656721991		1.14410185813904	1.03623992010427	1.70117872094721	0.609130544218948	2.25880353956751E-4	99.9480026497281
722	1.03021018875458		1.48452074296951		1.14027833938599	1.02996343697505	1.68710579817436	0.610491314824235	1.69841802219379E-4	99.9609001257982
720	0.981208635605651		1.41475546920043		1.13600122928619	0.980961883826127	1.60152413697725	0.612517701842204	3.04989325268804E-4	99.9297982655675
718	0.892347997532986		1.28620922795382		1.13137769699097	0.892101245753462	1.44957157308108	0.615424075858007	3.06889913963774E-4	99.9293609470263
716	0.760577046216255		1.09621925068564		1.12621939182281	0.760330294436731	1.22899212575022	0.618661648440263	3.62319896898041E-4	99.9166075514964
714	0.628473395315893		0.907220865820725		1.12039887905121	0.628226643536369	1.01088688569394	0.621460870080545	3.46989822575603E-4	99.920134550153
712	0.516866814646128		0.749564186152838		1.11375534534454	0.516620062866604	0.829301746207792	0.622957886232593	4.19123519170292E-4	99.9035397960573
710	0.431733750716283		0.63051845756358		1.10628998279572	0.431486998936759	0.692043943464781	0.623496532281578	3.28344167563214E-4	99.9244245340918
708	0.371426338237533		0.547559673410204		1.09837675094604	0.371179586458009	0.5959737911181	0.622811928963593	3.24852263892765E-4	99.9252279701982
706	0.325083595502788		0.484594240922544		1.09038031101227	0.324836843723264	0.522978694511509	0.621128254615954	2.26529404769671E-4	99.9478532780769
704	0.293148996326193		0.442473028322297		1.0826700925827	0.292902244546669	0.473677268228398	0.618358245566973	5.95540542332027E-4	99.8629657003561
702	0.280293042398071		0.42752805615301		1.07555782794952	0.280046290618547	0.454491410848706	0.616175100197373	3.86145806509523E-4	99.9111261584343
700	0.279429246930331		0.429409564019027		1.0694442987442	0.279182495150807	0.453920224805079	0.615047490493936	3.24383158175289E-4	99.9253359050742
698	0.294794824566687		0.454599265761636		1.0649927854538	0.294548072787163	0.478857653122286	0.615105701802252	2.37847494184073E-4	99.9452485846092
696	0.321052517943212		0.494960543371356		1.06259047985077	0.320805766163688	0.520665002637748	0.61614620636772	3.1350565320769E-4	99.9278387044305
694	0.34860752271592		0.536489045097507		1.06203079223633	0.348360770936396	0.564495305577292	0.617118986632029	4.22457955450064E-4	99.9027727572791
692	0.3686566406778		0.566165256526778		1.06277585029602	0.368409888898276	0.59643048296895	0.617691247208529	3.13060504664157E-4	99.9279411297583
690	0.3825661544772		0.587026959934629		1.06392598152161	0.382319402697676	0.619271245618489	0.617369860788288	3.30314946265342E-4	99.9239710895074
688	0.391274520836446		0.600281386456374		1.06461536884308	0.391027769056922	0.633783378195742	0.616973847073905	4.00349963635935E-4	99.9078584905582
686	0.392662641863615		0.602349758030141		1.0645604133606	0.392415890084091	0.635952568773199	0.617052134628673	2.63586478571049E-4	99.9393253848664
684	0.386009719832093		0.592554206006294		1.06376242637634	0.385762968052569	0.625055723020409	0.617165724342905	3.82721024850929E-4	99.9119140458143
682	0.386350460797528		0.593495178902924		1.06245732307434	0.386103709018004	0.625288601457193	0.617480805052604	3.00493681368809E-4	99.9308327044838
680	0.392147625691356		0.603020957063103		1.06094348430634	0.391900873911832	0.63450397335396	0.617649203739831	3.46925953167258E-4	99.9201492448834
678	0.399637776113087		0.614897142623559		1.05921316146851	0.399391024333563	0.646048554870451	0.618205893849033	3.93147264066439E-4	99.9095154590131
676	0.407938464251306		0.628036276787366		1.05730748176575	0.407691712471782	0.658778323698612	0.618860241458551	3.95259789138466E-4	99.9090294734622
674	0.41422904802744		0.638326891065094		1.05524814128876	0.413982296247916	0.668354358606378	0.61940539613018	5.2132554294621E-4	99.8800323763803
672	0.420211262359005		0.647827406774202		1.05312037467957	0.419964510579481	0.677011898179115	0.620320723622455	3.87943567298674E-4	99.9107125774639
670	0.425504472176721		0.656537485169574		1.0509113073349	0.425257720397197	0.684745290864682	0.621045118631179	5.11672173652234E-4	99.8822525048729
668	0.429160365106449		0.662663087867266		1.0485315322876	0.428913613326925	0.68961758160302	0.621958640221893	5.04249582107652E-4	99.8839596218854
666	0.432643844401612		0.668591447828929		1.04595601558685	0.432397092622088	0.694124471981142	0.622938838891471	5.8506139886385E-4	99.8653753348639
664	0.437175219505575		0.676074010054889		1.04322910308838	0.436928467726051	0.700120846371607	0.624075786330951	4.77088147757353E-4	99.8902067112776
662	0.444089324702557		0.687028239747446		1.04042720794678	0.443842572923033	0.709637546848216	0.625449674829518	4.86286688903677E-4	99.8880910167796
660	0.451391662319863		0.698756042740135		1.03775990009308	0.451144910540339	0.719988916862308	0.626599798933595	6.07811006360117E-4	99.8601442331973
658	0.462945336590103		0.716936407657724		1.03528940677643	0.462698584810579	0.737096849001422	0.627731057916497	4.40911646212169E-4	99.8985278594408
656	0.480132763279238		0.743839718707451		1.03309750556946	0.479886011499714	0.763330020719207	0.62867435902438	5.59364120587899E-4	99.8712845609117
654	0.498088402855928		0.771813363615205		1.03115320205688	0.497841651076404	0.790738536790555	0.629590728051577	5.29198678916646E-4	99.8782217110816
652	0.510786274204116		0.791749526865622		1.02945709228516	0.510539522424592	0.809961301795289	0.630325820866966	5.70965098603173E-4	99.868616810916
650	0.516121753919125		0.800071397254733		1.02793705463409	0.515875002139601	0.8173197180514	0.631178950838866	5.40219467945469E-4	99.8756872030698
648	0.516369771801434		0.800900106663042		1.02666783332825	0.51612302002191	0.817161360882812	0.631604778111782	5.45455048518825E-4	99.874483171986
646	0.519305979370268		0.806029195998016		1.02560043334961	0.519059227590744	0.821572175606694	0.631787739412478	6.43791403148247E-4	99.8518713701285
644	0.528529441247476		0.820678953324733		1.02465677261353	0.528282689467952	0.835827215481845	0.632047724317522	5.70074692441316E-4	99.8688215653548
642	0.540186296974823		0.838937136540351		1.02378344535828	0.539939545195299	0.853807255641101	0.632390438975449	3.78170158343135E-4	99.9129610040065
640	0.553597820358733		0.860235549541184		1.02288675308228	0.553351068579209	0.874845303447942	0.632513047047679	5.90568289118359E-4	99.8641090416033
638	0.570004062663782		0.886037082946387		1.02184903621674	0.569757310884259	0.900323046423458	0.632836528119129	5.83677066988078E-4	99.8656936604435
636	0.584541507674053		0.908906310455104		1.02063095569611	0.584294755894529	0.922590870748138	0.633319464152857	4.96269217405216E-4	99.8857950533325
634	0.598543967334899		0.930875856876107		1.01923584938049	0.598297215555375	0.943721925294676	0.633976174039357	5.91161119076594E-4	99.8639727230507
632	0.611984697566837		0.951935128032192		1.0177036523819	0.611737945787313	0.96373534404963	0.634757197154129	5.15168988731722E-4	99.8814482847523
630	0.626163190246999		0.974423114697706		1.01619136333466	0.625916438467475	0.985155348751552	0.635347957315234	5.67297668900693E-4	99.8694601618987
628	0.645175432297494		1.00415441645879		1.01451146602631	0.64492868051797	1.01368950457337	0.636219155479371	5.33693318858873E-4	99.8771880476565
626	0.660034116014978		1.02762249192654		1.01275491714478	0.659787364235454	1.03570178768101	0.637043763063064	5.95867313868071E-4	99.8628905615648
624	0.673421744135311		1.04875426216681		1.01092803478241	0.673174992355787	1.05519621101373	0.6379619120401	6.84833758869109E-4	99.8424354630287
622	0.685405552986352		1.0675273303291		1.0092089176178	0.685158801206828	1.0723477621252	0.638933399598806	6.60162593256867E-4	99.8481074191076
620	0.693877595799179		1.08095042140095		1.00772297382355	0.693630844019655	1.0842956109136	0.639706402053235	6.01236908318084E-4	99.8616558695981
618	0.701922921999942		1.09362259084494		1.0068142414093	0.701676170220418	1.09607634840497	0.640170888863273	5.90685514288907E-4	99.8640820861938
616	0.709217595127532		1.10535102097386		1.00664889812469	0.708970843348008	1.10770275738637	0.640037084516093	6.07703898205838E-4	99.8601688612723
614	0.717664242737824		1.11872573710694		1.00700271129608	0.7174174909583	1.12156046399724	0.63966011105761	5.33579519710237E-4	99.8772142187015
612	0.726021208341638		1.13204267583547		1.00780045986176	0.725774456562114	1.13586978230495	0.638959208061108	7.08077979758037E-4	99.837091859515
610	0.736891516220566		1.14908659056229		1.00835275650024	0.736644764441042	1.15367854212248	0.6385182159025	6.31496982786123E-4	99.8546981116788
608	0.749134018002702		1.16851252890019		1.0085117816925	0.748887266223178	1.17345177402292	0.638191771320761	7.25738624603954E-4	99.8330320529883
606	0.764577352901931		1.19264486980718		1.00798010826111	0.764330601122407	1.19715806611398	0.638454204801422	6.59627898295053E-4	99.8482303502409
604	0.7806997420587		1.21770749635498		1.00688087940216	0.780452990279176	1.22108761316749	0.639145776161538	7.55983360485533E-4	99.8260798151013
602	0.796486463797378		1.2423369792888		1.00539457798004	0.796239712017854	1.24404746030679	0.640039658793641	7.45144538716496E-4	99.828571236554
600	0.815524995215444		1.27171576487697		1.00393652915955	0.81527824343592	1.27173774703309	0.641074187927446	6.87734936718048E-4	99.8417684969338
598	0.835415270709697		1.30260339445326		1.00287997722626	0.835168518930173	1.30137594390872	0.641758073705991	7.73899929987451E-4	99.8219616324407
596	0.854972962587115		1.33283501054339		1.00218975543976	0.854726210807591	1.33077810129196	0.642275530366629	7.54421447047426E-4	99.8264388341136
594	0.877148072361788		1.36722286288402		1.00178515911102	0.876901320582265	1.36469008993571	0.642564437925663	8.26157798175515E-4	99.8099509592725
592	0.893352611786784		1.39227889763497		1.00154709815979	0.893105860007261	1.38946058833896	0.642771639226509	7.91202521487743E-4	99.8179847359077
590	0.913965494700025		1.42391572459596		1.00122630596161	0.913718742920501	1.42069117213297	0.643150855613945	8.18755641160661E-4	99.8116521441957
588	0.928871413524741		1.44704423707678		1.00070452690125	0.928624661745217	1.44309560029931	0.643494901898814	8.63392031855069E-4	99.8013941207989
586	0.941967612508056		1.46712919030463		0.999973237514496	0.941720860728532	1.46212543848556	0.644076654397003	8.48781668057106E-4	99.8047516564427
584	0.957764679705676		1.49123814406572		0.999053955078125	0.957517927926152	1.48486744188541	0.644850779885335	8.52452774454224E-4	99.803908006963
582	0.971364621667935		1.51234488378851		0.998229086399078	0.971117869888411	1.50471082291781	0.645385050135615	8.85735938079188E-4	99.7962595963667
580	0.985709236783957		1.53426446988257		0.997582137584686	0.985462485004433	1.52560221259442	0.645949826808766	8.90809551448677E-4	99.7950937407078
578	1.00334711513145		1.56120421281691		0.997147619724274	1.00310036335192	1.55180060503897	0.646410602041706	8.39364893556066E-4	99.8069157388084
576	1.02014433491296		1.5871488339901		0.996688485145569	1.01989758313344	1.57694478680424	0.646755416973294	9.51524690375951E-4	99.7811431847639
574	1.04009736065111		1.61762373926383		0.996220171451569	1.03985060887158	1.60656354362748	0.647251466022744	9.65630763553621E-4	99.7779023025792
572	1.05934326053758		1.64714944562779		0.9957315325737	1.05909650875806	1.63517521253348	0.647696039323597	0.00101409925515122	99.76676742804
570	1.07857101924981		1.67652718446304		0.995352268218994	1.07832426747029	1.66379358935034	0.648111805678576	0.00102189191147633	99.7649773036228
568	1.09804436511927		1.70618341145635		0.995181918144226	1.09779761333974	1.69302217940675	0.648424826734651	0.00101313458759192	99.7669890331373
566	1.12166648111375		1.74196772680409		0.995282471179962	1.12141972933422	1.72880874392939	0.648666160020314	0.00104017178167405	99.760778188664
564	1.14789085997624		1.7820962163288		0.995623111724854	1.14764410819672	1.76935328922336	0.648623491524672	0.00108898433745138	99.7495661997841
562	1.17163588856789		1.81816019628724		0.996170461177826	1.17138913678836	1.80625187277721	0.648519264916962	0.00107212931680112	99.7534375674712
560	1.20250757881318		1.86517678545484		0.99668163061142	1.20226082703366	1.85403929368995	0.648454879637902	0.00115252335238346	99.7349735078979
558	1.23478686335217		1.91377489774844		0.997178435325623	1.23454011157264	1.90342444543955	0.648588975795967	0.00114812164257707	99.7359843580329
556	1.26263536787956		1.95599392223795		0.997675478458405	1.26238861610004	1.94649409193717	0.648544797196736	0.0011594736092235	99.7333774062571
554	1.29318442323845		2.0020201900594		0.99818366765976	1.29293767145893	1.99342825278248	0.648600053527993	0.00116166222770656	99.7328748031335
552	1.32289127431604		2.04626286413799		0.998678505420685	1.32264452253651	2.0386006789135	0.648800197222261	0.00112480582689605	99.7413389926144
550	1.35090080026613		2.08856126942552		0.999059557914734	1.35065404848661	2.08163714678733	0.648842210839253	0.00129355677911829	99.7025906846955
548	1.38380701809119		2.13738336548287		0.999196529388428	1.38356026631166	2.13070540902887	0.649343762140378	0.00126601060871753	99.7089147614866
546	1.41050318802846		2.17695304305914		0.99907249212265	1.41025643624893	2.16997388602688	0.649895579541304	0.00125854722084588	99.710628282451
544	1.43320927314281		2.21001852144264		0.998806416988373	1.43296252136328	2.20242198590597	0.650630319953799	0.00135861775312547	99.6876555149643
542	1.45734711636911		2.24504637774799		0.998482644557953	1.45710036458959	2.23668275684227	0.651455983255627	0.00138319764227021	99.6820136238408
540	1.47694462147879		2.27302237861276		0.99831360578537	1.47669786969927	2.26423291847033	0.652184613010967	0.0013205535802291	99.6963931218319
538	1.49896903087565		2.30492295221576		0.998360693454742	1.49872227909613	2.29618799480806	0.652700163264031	0.00146253541342849	99.6638051805279
536	1.52300386659504		2.33913142375876		0.998661279678345	1.52275711481552	2.33104200656435	0.653251683379083	0.00143889698633479	99.6692299782333
534	1.54044615320747		2.36350305452075		0.999168038368225	1.54019940142795	2.35657622037574	0.653575041668872	0.00149917122963696	99.6553981871152
532	1.56157862687792		2.39262944600593		0.999805629253387	1.56133187509839	2.3872007331502	0.654042977373766	0.00141220086360883	99.6753568434994
530	1.58027533395653		2.418537099711		1.0004802942276	1.580028582177	2.41473170397961	0.65432883478236	0.00147546698810116	99.6608376301561
528	1.60014529695086		2.44585102782452		1.00102841854095	1.59989854517134	2.44339666000104	0.65478461657988	0.00156844594247332	99.6395033304932
526	1.62507711600407		2.48059469223647		1.0014044046402	1.62483036422455	2.47910685793543	0.655409571807519	0.00156812978164005	99.6395758668048
524	1.65001892498644		2.51520400606302		1.00163662433624	1.64977217320692	2.51434770427	0.656143209789635	0.00154069533172444	99.6458703131058
522	1.67541395814913		2.55084090777609		1.00181710720062	1.6751672063696	2.55050241724833	0.656798909517167	0.00172330665604933	99.6039802131204
520	1.70619133076785		2.59346213563313		1.0020604133606	1.70594457898832	2.59383088983588	0.657693061514995	0.00175056297345352	99.5977292644607
518	1.74325071782679		2.64575788737729		1.00242054462433	1.74300396604727	2.64718542466203	0.658436673838139	0.00164617592009764	99.6216714591918
516	1.78116045430862		2.69946561421347		1.00289297103882	1.78091370252909	2.70229610689091	0.659037215791313	0.00182835185634066	99.5798913627501
514	1.82903017762808		2.76719670525142		1.00349617004395	1.82878342584856	2.77188931765902	0.659760623989504	0.00179865523183584	99.5867007694368
512	1.88263387156672		2.84364222496549		1.00418245792389	1.8823871197872	2.85055025394401	0.66035921211448	0.0018508805802068	99.5747258591989
510	1.94100043322315		2.9266781621337		1.00497353076935	1.94075368144363	2.93624477367046	0.660964541800642	0.00198523373282292	99.5439262295073
508	2.02015434831214		3.04088836675546		1.00580215454102	2.01990759653261	3.05353864484407	0.661497309013348	0.00203897542518346	99.5316089464194
506	2.10942124096082		3.16778677933434		1.00663805007935	2.10917448918129	3.1838171305547	0.662467221794808	0.00196672015284308	99.5481697872728
504	2.19567805519135		3.29182130032309		1.00742840766907	2.19543130341182	3.31127279102845	0.663017347697875	0.00217500493785655	99.5004385846731
502	2.29479394834999		3.43277227632238		1.00814700126648	2.29454719657046	3.45573400897333	0.663982583906148	0.00214822762927965	99.5065736754889
500	2.41646246593023		3.60817016380512		1.00866842269897	2.41621571415071	3.63443965186341	0.664811070094915	0.00233665409947874	99.463410323507
498	2.59650741149987		3.86941797770263		1.00904226303101	2.59626065972034	3.89939676076708	0.665810846908949	0.00231546089978454	99.468264171389
496	2.81229443456341		4.18105955360581		1.00876116752625	2.81204768278388	4.21268240025787	0.667519507905877	0.00238419554671581	99.452522836185
494	2.99064365260076		4.43467581235803		1.00816118717194	2.99039690082124	4.46586289385012	0.669612339630773	0.00260940266970807	99.4009642479623
492	3.05921090086193		4.52267208886189		1.00794267654419	3.05896414908241	4.5535901573421	0.671769756035291	0.00249272379899052	99.4276731997345
490	3.10084771710181		4.57245155643642		1.00791668891907	3.10060096532229	4.60364630898788	0.673509813138525	0.0026419188192365	99.393522256969
488	3.20271248720259		4.71204332833957		1.00887954235077	3.20246573542307	4.74887541241184	0.674362971715995	0.0026490814272217	99.3918830213921
486	3.41892974708082		5.01851210152905		1.00954282283783	3.41868299530129	5.06139087626705	0.675443386783574	0.00284504973896065	99.347044170105
484	3.61066961447873		5.28193854090613		1.01009511947632	3.6104228626992	5.33024560244345	0.677346436164993	0.00281651975782955	99.3535707609655
482	3.69231882069544		5.3826188383554		1.01073944568634	3.69207206891592	5.43540724308527	0.679263191109155	0.00282042204475854	99.3526780385966
480	3.67035866453319		5.3338991241946		1.01162850856781	3.67011191275367	5.39090206406527	0.680797363620818	0.00292001426331654	99.3298971385523
478	3.77896637894296		5.47804415535691		1.0127238035202	3.77871962716344	5.54271792334585	0.681744891120568	0.0030695020863028	99.2957128339293
476	4.06377921960178		5.87504178560652		1.01399922370911	4.06353246782226	5.95225368836734	0.682688050706531	0.00298480519188409	99.3150795516298
474	4.52580545066577		6.5230513533297		1.01552999019623	4.52555869888625	6.61931255572524	0.683690135612641	0.00293363689108845	99.3267814807443
472	5.06276008719208		7.27943720235812		1.01726651191711	5.06251333541256	7.40007734921974	0.684116272912519	0.00321126513371755	99.2633058698691
470	5.5157947533506		7.90764143568778		1.01911818981171	5.51554800157107	8.05376169039706	0.684841222474656	0.00323950668406468	99.2568511286273
468	5.65981257504076		8.08098812688965		1.02110064029694	5.65956582326123	8.24643277326321	0.686304730647998	0.00336456365900834	99.2282738036115
466	5.48754302006505		7.79705028622734		1.02326714992523	5.48729626828552	7.97338529097735	0.688201569099505	0.00341631652182468	99.2164499341174
464	5.29483059407728		7.49789301203209		1.02553856372833	5.29458384229775	7.68428702060598	0.68901432600057	0.00349104827294279	99.1993786116645
462	5.13250397119075		7.25672240752701		1.027627825737	5.13225721941122	7.4521080872885	0.688698709049271	0.00364550901524285	99.1641037328876
460	4.9946545698861		7.05222503285586		1.02919805049896	4.99440781810657	7.25302667758949	0.688596366746915	0.00350538049640241	99.1961049707108
458	4.80693365999166		6.79034850802336		1.03004312515259	4.80668690821214	6.98923802469877	0.687726886854637	0.00371438924230941	99.1483772969507
456	4.6193783506825		6.53859655590431		1.03006207942963	4.61913159890298	6.73004649744457	0.686344678399605	0.00390233272134444	99.1054795391424
454	4.49174446447375		6.37883493544893		1.02918720245361	4.49149771269423	6.55990575807875	0.684689365721876	0.00395646192426543	99.0931280897409
452	4.30124944570368		6.13196495352522		1.02735614776611	4.30100269392416	6.29461145933311	0.683283268826228	0.00407984651951634	99.0649793810417
450	4.025206990752		5.75901550433186		1.02460694313049	4.02496023897248	5.89564048653534	0.682701098916194	0.0043008971200211	99.0145693435297
448	3.66126314455		5.26024452243813		1.02102768421173	3.66101639277048	5.36578626799599	0.682288896709595	0.00437268177273135	98.9982045510143
446	3.37780174431547		4.87441078374547		1.01675081253052	3.37755499253595	4.95101334288978	0.682194685939698	0.00459690189927346	98.9471063635802
444	3.24675323409693		4.6986842463617		1.0121191740036	3.2465064823174	4.75060363056872	0.683388203854159	0.00464945232027716	98.9351343083537
442	3.19545479680191		4.63009856548341		1.00782012939453	3.19520804502238	4.66130309073799	0.68547528080104	0.00506844806599391	98.8397303555875
440	3.15886026569813		4.57562124636516		1.0045450925827	3.15861351391861	4.59143068323175	0.687936665461181	0.00508957490205855	98.8349222816266
438	3.1242082760905		4.51917349268446		1.00285410881042	3.12396152431097	4.52709291533723	0.690059069414586	0.00523890756116226	98.800943621606
436	3.09474905989962		4.46633362473154		1.00277864933014	3.09450230812009	4.47376558406523	0.691699699050431	0.00541978608953955	98.7598027620701
434	3.0711041381191		4.42029105899755		1.00421047210693	3.07085738633957	4.4339170471482	0.692583409586944	0.00567400212766976	98.7020102267761
432	3.09096123032491		4.43332316343766		1.00665414333344	3.09071447854539	4.45782547525216	0.693323346933082	0.00573111082807447	98.6890319984697
430	3.10002390118713		4.43194818785722		1.00962591171265	3.09977714940761	4.46959732016741	0.69352492570662	0.00598525505748315	98.6312971852661
428	3.10066750470019		4.42261370303123		1.01240730285645	3.10042075292066	4.47246019244873	0.693224896256292	0.00615854164148119	98.5919504472371
426	3.08318802478956		4.39684997022402		1.01423370838165	3.08294127301004	4.45439816487439	0.692111741900598	0.0063958993269478	98.5380810926778
424	3.06124342038506		4.37426305625178		1.01462960243225	3.06099666860554	4.43321953461135	0.690468099923205	0.00668330584178547	98.4728923353361
422	3.04261436772513		4.36397739955459		1.01337480545044	3.0423676159456	4.4173137267673	0.688737047928013	0.00680067318037486	98.4462838007557
420	3.39766732040797		4.89606696041675		1.01114857196808	3.39742056862844	4.94563114619378	0.686953892880414	0.00711098318342131	98.3759675598571
418	3.18340029245554		4.61760816025989		1.0079870223999	3.18315354067602	4.64948482687246	0.684624998081177	0.00728766257941849	98.3359544529267
416	2.99741514915573		4.37993294148303		1.00422537326813	2.99716839737621	4.39345419501376	0.682189517482114	0.0075916160002001	98.2671552995914
414	2.85062295003525		4.19425142367029		1	2.85037619825573	4.18928680300931	0.680396528642585	0.0079304296323274	98.1905223480795
412	2.73005289436468		4.04207277437602		0.995681941509247	2.72980614258516	4.01967568457381	0.679111041983128	0.00818650862935637	98.1326419930942
410	2.62504909839754		3.90882093164675		0.991583049297333	2.62480234661802	3.87099774486591	0.67806868399737	0.00854100122018612	98.052573969523
408	2.54029454551355		3.79982568061743		0.988153755664825	2.54004779373402	3.74990620862217	0.677363019878652	0.00880207452529318	97.9936480152239
406	2.48795400617191		3.7341028903527		0.985654711723328	2.48770725439238	3.67564270618943	0.676808779646434	0.00910442168440018	97.9254505329432
404	2.46437606437159		3.70747251936536		0.98426741361618	2.46412931259206	3.64425787335125	0.676167658334799	0.00943807381352579	97.8502469811879
402	2.48529419172941		3.7429311618018		0.984128773212433	2.48504743994989	3.67864042644204	0.67553420608532	0.00978280120632827	97.7726077801805
400	2.5201937399298		3.79511517038234		0.985299050807953	2.51994698815028	3.73443173905971	0.674787267308513	0.0102079027606936	97.6769515971991
398	2.57833911323262		3.87728230872589		0.987817049026489	2.5780923614531	3.82514143151737	0.673986153874162	0.0105449741098324	97.6011704630854
396	2.58631930118902		3.88167041905992		0.991658091545105	2.58607254940949	3.84436667352215	0.672691438936071	0.0108989305892397	97.521656460577
394	2.59541124451206		3.88607038242125		0.996615350246429	2.59516449273254	3.86796957810015	0.670937151994669	0.0113794500405094	97.4138145699707
392	2.60279362973647		3.88567237216893		1.0025714635849	2.60254687795694	3.8906868501746	0.668917077672327	0.0117427848734712	97.3323513411218
390	2.61170831475944		3.88714214755368		1.0093150138855	2.61146156297992	3.91834006446169	0.666471393502873	0.0122594230000226	97.2166333026895
388	2.6355759416172		3.91072257958837		1.01699423789978	2.63532918983767	3.97213333886037	0.663454361930802	0.0126912037392148	97.1200274009392
386	2.66460302890355		3.94171999157388		1.02549052238464	2.66435627712403	4.03710532181803	0.659966997324754	0.0131278276585705	97.0224355140243
384	2.6916139174675		3.97141402221695		1.03449034690857	2.69136716568797	4.10325361741093	0.655910508253246	0.0136897732825308	96.8969766900857
382	2.71705633679943		4.00005611194625		1.04369103908539	2.7168095850199	4.16964118978073	0.651569154602191	0.0141663304543722	96.7907086506207
380	2.72919120003219		4.01097918319167		1.0526317358017	2.72894444825267	4.21685806260356	0.647151127151709	0.014733504260254	96.6643857854269
378	2.7300398328413		4.0073634727569		1.06117713451386	2.72979308106178	4.2472541450487	0.642719504846225	0.0152951458796099	96.5394575295733
376	2.72580571420587		3.99682954945914		1.06922745704651	2.72555896242635	4.26821158669201	0.638571661003042	0.0158672751734062	96.4123624625815
374	2.72069050426538		3.98656974725405		1.07646524906158	2.72044375248585	4.2860595542629	0.634719074255539	0.0164447364510185	96.2842525950087
372	2.72131624889178		3.98601274042034		1.08239138126373	2.72106949711226	4.30905217322373	0.631477500787963	0.0171292211862251	96.1326200158225
370	2.73248081183545		4.00235468371441		1.08660447597504	2.73223406005593	4.343581934732	0.629027862513317	0.0178297643664715	95.9776773040577
368	2.73945322391697		4.01330171736207		1.08728444576263	2.73920647213744	4.35820257861647	0.628517473138437	0.0184905767948072	95.8317509397096
366	2.76179425165973		4.0474965048231		1.08414971828461	2.7615474998802	4.38270980337091	0.630100468380588	0.0191832238240572	95.6790327349069
364	2.78463949082626		4.08353653153456		1.07767069339752	2.78439273904673	4.39535741926279	0.633484941826128	0.0199316980844394	95.5142790445347
362	2.81188507177207		4.12668638487776		1.06871128082275	2.81163831999255	4.40493054583115	0.638293451108668	0.0206988790920807	95.3457020528373
360	2.85405748371294		4.1920606277806		1.05907070636749	2.85381073193341	4.4344307258887	0.643557405299524	0.0215103643835039	95.1677136186084
358	2.88520406561973		4.24159326918424		1.04836678504944	2.88495731384021	4.44154075570069	0.649539759403847	0.0222724703654956	95.0008584371603
356	2.91739063775674		4.29408388176747		1.03684234619141	2.91714388597722	4.44714047778041	0.655959464413677	0.0231779830628038	94.8029860992386
354	2.94623820844226		4.34279872532281		1.02479386329651	2.94599145666273	4.44538577045576	0.662707717346361	0.0240614609587718	94.6103260221195
352	2.97543634064981		4.39257912063171		1.01273274421692	2.97518958887028	4.44348087312131	0.669562821090837	0.0249886736149503	94.4085497681948
350	2.991146875255		4.42354317080096		1.00126516819	2.99090012347547	4.42416879516665	0.67603662110338	0.0259794551643344	94.1934154824869
348	3.00861688250941		4.4588172307186		0.990810453891754	3.00837013072989	4.41292372613817	0.681718134603374	0.0269835346726565	93.9758938798196
346	3.01364051530184		4.47633975262124		0.981342911720276	3.01339376352231	4.38795229139152	0.68674259960258	0.0280359720217707	93.7484353154928
344	3.01526142593989		4.48997443274254		0.972720801830292	3.01501467416037	4.36266234062471	0.691095124663861	0.0291251819673693	93.5136089676441
342	3.02071018080093		4.51051649809015		0.964752793312073	3.02046342902141	4.34674375916225	0.694879568793248	0.0302605145198381	93.2694649684029
340	3.00955168475177		4.50792824126455		0.957048177719116	3.00930493297224	4.30955312743413	0.698287001920303	0.031386165951148	93.0280320978965
338	2.99882980979461		4.50909551420911		0.950148642063141	2.99858305801509	4.2795938521794	0.700670007853209	0.0326267437444966	92.7626733651879
336	2.97690632355409		4.49489270664867		0.944044172763824	2.97665957177456	4.23869044570532	0.702259249620491	0.0338500630746178	92.501747418945
334	2.92969372608649		4.44744058281484		0.938558220863342	2.92944697430697	4.1695223352673	0.702585749338398	0.0351725657600263	92.2204918666546
332	2.87453608470533		4.39216632766461		0.933434963226318	2.8742893329258	4.09516746404338	0.701873454055981	0.0365559614175033	91.9272013525629
330	2.8081552378026		4.32421238506505		0.928119659423828	2.80790848602308	4.00877876406584	0.70043987241022	0.0379478352794786	91.6330547371839
328	2.71756822644582		4.22373155050561		0.923022568225861	2.7173214746663	3.89401708633153	0.697819607470245	0.0394768652654785	91.3110075092706
326	2.63283327805394		4.13389754207551		0.918195605278015	2.63258652627441	3.79116806293055	0.694399847903192	0.0409811747908026	90.995271517568
324	2.53278962610994		4.02021433940477		0.913534343242645	2.53254287433042	3.66806851476783	0.690429544632079	0.0426318340390668	90.6500746269071
322	2.44841527341974		3.92967454484467		0.908978700637817	2.44816852164022	3.56747772726485	0.686246336712859	0.0442694734413775	90.3088946218088
320	2.36119906283074		3.83115606379302		0.904343068599701	2.36095231105122	3.46018971073195	0.682318747937028	0.046002608294937	89.9492179324757
318	2.2896549957338		3.75532763392023		0.899914681911469	2.28940824395428	3.37500673812975	0.678341829096007	0.0478159651211827	89.5744262114318
316	2.23424670738098		3.70443089340095		0.895963847637177	2.23399995560146	3.31458803592808	0.673990230878253	0.0496484421818741	89.1972690539102
314	2.18195127301963		3.65695420902034		0.892610192298889	2.18170452124011	3.259803128739	0.669274933202505	0.0516095399792361	88.7953983769142
312	2.12252527228053		3.5971253762516		0.88999992609024	2.122278520501	3.19702280697992	0.663829646716165	0.0536146144682053	88.3863878285537
310	2.06522142729466		3.54222582813112		0.888025283813477	2.06497467551513	3.14117738768608	0.657388749712183	0.0556121156547992	87.9807954810054
308	1.99798894465315		3.470930515916		0.887133359909058	1.99774219287362	3.0747739699878	0.649720015966426	0.0578023654785432	87.5382044972614
306	1.93544167927808		3.40824323589305		0.887335538864136	1.93519492749855	3.01985006395175	0.640824837828595	0.0600479667650272	87.0867399466467
304	1.86175269031471		3.32551152235644		0.888603985309601	1.86150593853519	2.95065121025404	0.630879696002739	0.0623391205250441	86.6285169464868
302	1.78165311788087		3.23409383473345		0.891015827655792	1.78140636610134	2.87720523928429	0.619144697006207	0.0649154171024503	86.1161455071777
300	1.69653937310378		3.12983677948598		0.894482612609863	1.69629262132425	2.79514381269761	0.606871322190448	0.0673962877598711	85.625616663768
298	1.61263594326326		3.02676782237829		0.900495111942291	1.61238919148373	2.72111901239801	0.592546369393377	0.0700894329458618	85.0962783972256
296	1.52005947878942		2.90657376768278		0.909423410892487	1.5198127270099	2.63879128756141	0.575950335357672	0.0729874859306955	84.5303201975519
294	1.42316791423518		2.77661132923724		0.92107892036438	1.42292116245565	2.55290535796692	0.557373252406364	0.0760825865296578	83.9300367876799
292	1.33119737016908		2.65146379555762		0.934718489646912	1.33095061838956	2.47373171161119	0.538033535383949	0.0791920370425214	83.3312627603918
290	1.22394843260934		2.49269894023498		0.948803901672363	1.22370168082982	2.36037202873606	0.518435935493224	0.0824823673503285	82.7023085582879
288	1.12113947305921		2.33871599407292		0.962523102760315	1.12089272127969	2.24628961300762	0.498997419918126	0.0857921716507978	82.0744211321322
286	1.01263622947421		2.17023054552741		0.97529125213623	1.01238947769469	2.1117649150709	0.479404440555686	0.0894972053026053	81.3772097408627
284	0.915941060793205		2.01925590013458		0.986907541751862	0.915694309013681	1.98791925499751	0.460629528443714	0.0931574882170305	80.6942355662486
282	0.826777489982493		1.87651121076355		0.996903836727142	0.826530738202969	1.86575197628686	0.443001400351131	0.0967427879495347	80.0308099254533
280	0.739826921177098		1.73156627726069		1.00535523891449	0.739580169397574	1.73584802098096	0.42606274308486	0.10041790227486	79.3564255603673
278	0.663542468662092		1.60294862335568		1.00982344150543	0.663295716882568	1.61368170507179	0.411044950685029	0.103987250888728	78.7068894482401
276	0.600195194134941		1.49614214795238		1.01022160053253	0.599948442355418	1.50641974829846	0.39826113739751	0.107500891862011	78.0726836844864
274	0.541193749363375		1.39538088279103		1.00653350353241	0.540946997583851	1.39950055169021	0.386528606173494	0.111445546952458	77.3667677294563
272	0.498035354150086		1.32300637593911		0.99854451417923	0.497788602370562	1.31612336419215	0.378223361057122	0.114926666073396	76.7491075126473
270	0.464441729406389		1.26808352001844		0.988452672958374	0.464194977626865	1.24853325233413	0.371792242424505	0.118241149371719	76.1655970199882
268	0.435611135649521		1.22242856872381		0.972882628440857	0.435364383869997	1.18444952582336	0.367566852261903	0.121556268561807	75.5864121856625
266	0.410587089423828		1.18314388870501		0.953488886356354	0.410340337644304	1.12338083821545	0.365272687307139	0.124681410471232	75.0444518174348
264	0.385837690719011		1.14038073122207		0.931065678596497	0.385590938939487	1.05714697146897	0.36474676591438	0.127502902884887	74.5584888417747
262	0.36227530525408		1.09841026019837		0.906938552856445	0.362028553474556	0.99168800594924	0.365062954581187	0.130128329463903	74.1091224260744
260	0.33647286547681		1.04797050820265		0.883175373077393	0.336226113697286	0.921157113851542	0.365004089575401	0.132684649077058	73.6741868041767
258	0.310566395853765		0.993588165890657		0.859192788600922	0.310319644074241	0.849418220702423	0.365331984305238	0.135001085076243	73.2822702193472
256	0.283306843960735		0.932504874508758		0.834685504436493	0.283060092181211	0.774204404668092	0.365614158837757	0.137385715549478	72.8809935376759
254	0.256786073803035		0.870505138733547		0.80953711271286	0.256539322023511	0.700687171936466	0.366125329959334	0.139910975549633	72.4584474795656
252	0.230942650444386		0.80675642835595		0.784095585346222	0.230695898664862	0.6286814167804	0.366951992706101	0.142361244058588	72.050791484633
250	0.207248477870606		0.746778797980375		0.758817315101624	0.207001726091082	0.562901442337829	0.36774062122024	0.145043182601213	71.6072206457901
248	0.18464313891064		0.686831665346376		0.735633492469788	0.184396387131116	0.501604235481977	0.367613297670692	0.147844018577305	71.1468999330997
246	0.162103991051483		0.624349602302585		0.715051770210266	0.161857239271959	0.442892327564489	0.36545505351612	0.151273683123412	70.5872588217617
244	0.140835293016352		0.562757834665393		0.697206974029541	0.140588541236828	0.388897318870235	0.361505555361615	0.155211046987776	69.9501987852102
242	0.121104043476663		0.502705222600664		0.681808710098267	0.120857291697139	0.339363877772037	0.35612892123517	0.15978481014966	69.2173853222643
240	0.102294937487978		0.442495644899355		0.667849898338318	0.102048185708454	0.292205050057465	0.349234846175264	0.165760031395	68.2715823294368
238	0.0844812090359039		0.381812034607167		0.657016694545746	0.0842344572563799	0.247595042259042	0.34021059746524	0.173259321213196	67.1028056279298
236	0.0696790738182558		0.328249211334865		0.649702370166779	0.0694323220387319	0.210038764799226	0.330569083783661	0.182021472760979	65.7625321675318
234	0.0553733874969395		0.273626482060939		0.645702123641968	0.0551266357174156	0.173475534447563	0.317777581103684	0.193719306480208	64.0148443005684
232	0.0427466970643		0.222693021265924		0.644411623477936	0.0424999452847761	0.140306712111092	0.302907427914963	0.208856484652662	61.8220661298807
230	0.0320613278061544		0.177457467895956		0.644490897655487	0.0318145760266304	0.111170069953626	0.286179329021756	0.227776418697605	59.1866257368335
228	0.0234030226725994		0.139250738731912		0.646355271339417	0.0231562708930754	0.0867965402828595	0.266787948201759	0.251187729518761	56.0805508052582
226	0.0169440011777938		0.109502464238353		0.649210751056671	0.0166972493982698	0.0678670919427168	0.246028655719669	0.278463757973376	52.666716361937
224	0.0122235951888889		0.0870013103823404		0.652522802352905	0.0119768434093649	0.0535308106727435	0.223737381497628	0.311388037287325	48.8215948889814
222	0.0090344676610436		0.0712347208991369		0.655378818511963	0.00878771588151963	0.0434320199967583	0.202332654161044	0.347155023059127	44.9619332922826
220	0.00673535568407012		0.059352931357686		0.656985223293304	0.00648860390454615	0.0357323164476267	0.181589232090692	0.388686084599132	40.8614633186775
218	0.005108880308718		0.0505567684060784		0.657121121883392	0.00486212852919402	0.0299595632753381	0.16228969976997	0.43255012707008	36.9360009684308
216	0.003963673528092		0.0440690885690258		0.655903518199921	0.00371692174856802	0.0256487580782288	0.144916246518892	0.477922630719172	33.2718821657244
214	0.00316360529589157		0.0393249285080265		0.654084265232086	0.00291685351636759	0.0224745367112893	0.129784811755537	0.523467211784712	29.9593777016836
212	0.00258900150218233		0.0356067392833817		0.652615189552307	0.00234224972265835	0.0199975120530486	0.117127056428066	0.56670912822135	27.12007409763
210	0.0021505542669195		0.0325667727122768		0.652986526489258	0.00190380248739553	0.0180238333916103	0.105626946611796	0.60857627170162	24.6276928358125
208	0.00175950359595094		0.029736182713898		0.655270755290985	0.00151275181642696	0.0162320801761587	0.0931951912515103	0.655505548302523	22.105200157561
206	0.00142693719293716		0.0270698934427068		0.661797821521759	0.00118018541341318	0.0146292213710968	0.0806731529638955	0.707088200001499	19.6296158239355
204	0.00113142103696771		0.0245518139811805		0.668592393398285	8.84669257443735E-4	0.0130958484619135	0.0675534128251872	0.77091592657275	16.9466583264826
202	8.56849190149198E-4		0.0218731840690169		0.687935590744019	6.1009741062522E-4	0.0116320025567465	0.0524499034150716	0.856333700839194	13.9208674782918
200	6.11519668042938E-4		0.0191046087455306		0.715800225734711	3.64767888518961E-4	0.0101214066628136	0.0360392483644718	0.984736533803615	10.3577032964762
