Wavelength	I1	I1 dark	R1	R1dark	XCorrect	I1c	R1c	I1c/R1c	Abs	Percent T
nm	uA	uA	uA	uA		uA	uA	uA/uA	OD	T*100
	Abs Detector Raw	Dark Offset for Abs Detector	Ref Detector Raw	Dark Offset for Ref Detector	Linear interp	Dark subtracted Abs Detector	Corrected Ref Detector	Corrected Intensity 	-Log(T)	% Transmittance
800	0.144586263460348	2.52408751432831E-4	0.213506539445332	0.00496704388064248	1.35067892074585	0.144333854708915	0.281669900802199	0.512422002840384	0.00115620060147736	99.7341290376051
798	0.153873697810444		0.227367796561576		1.34199333190918	0.153621289059011	0.298460327109395	0.514712593619533	0.00114952150163628	99.735662880091
796	0.166374907973199		0.245476662227131		1.33337259292603	0.166122499221766	0.320688933438307	0.518017561256832	0.00110505693732655	99.745874683392
794	0.166035200027779		0.244586442542273		1.32502686977386	0.165782791276346	0.317502141745716	0.522147001481079	0.0011889527494156	99.7266079110038
792	0.156250543351484		0.230398978075648		1.31713449954987	0.155998134600051	0.296924177828497	0.525380370641812	0.00109451396765766	99.7482961520956
790	0.150837440269476		0.222936617914121		1.30966234207153	0.150585031518043	0.28546654282902	0.527505009959208	0.0011344241039705	99.7391300554737
788	0.153560849339099		0.227126476524698		1.30193436145782	0.153308440587666	0.289236999081272	0.530044361802373	0.00113011511415864	99.7401196536501
786	0.157403408184524		0.232764353584995		1.29363858699799	0.157150999433091	0.294687389847881	0.533280367083955	0.00108372828694811	99.7507734265671
784	0.162822427099027		0.240686254302547		1.28498160839081	0.162570018347595	0.302894850136551	0.536720971896039	9.56543093899222E-4	99.7799901902676
782	0.170784737476758		0.252417719786066		1.27644824981689	0.170532328725325	0.315857982175486	0.53990191272285	0.00106470071101229	99.7551438643097
780	0.183158014900766		0.270605366579237		1.268270611763	0.182905606149333	0.336901278036644	0.542905646470831	0.00106762593845	99.7544719573128
778	0.199231130566827		0.293903761643001		1.26044166088104	0.198978721815394	0.364187876425905	0.546362838236535	8.85447575744792E-4	99.7963258589906
776	0.218768277629263		0.322448604058239		1.25292003154755	0.21851586887783	0.397779006393478	0.549339873059256	0.00105538604044568	99.7572834177826
774	0.262927663133963		0.387213944985973		1.24577045440674	0.26267525438253	0.476191895685555	0.551616389868137	0.00111851370196877	99.7427840708684
772	0.354039167896853		0.520920061700244		1.23883104324341	0.35378675914542	0.639178615330042	0.553502183365038	0.00102398281098381	99.764496988886
770	0.436727926416542		0.640225127141494		1.23221707344055	0.43647551766511	0.78277585623514	0.557599617040303	0.00115217302797293	99.7350539593228
768	0.430120748708568		0.627462538691514		1.22665858268738	0.429868339957136	0.763589441393982	0.562957417499623	0.00113024078706278	99.7400907916009
766	0.366878265440765		0.534557207641847		1.22236526012421	0.366625856689332	0.647352618285186	0.566346449112249	0.00108286816329108	99.7509709839586
764	0.327335531834122		0.478809482950053		1.2186872959137	0.327083123082689	0.57746576075865	0.566411284113158	0.00105315019097238	99.7577969929097
762	0.329030281278033		0.481908546048021		1.214359998703	0.3287778725266	0.579178681953386	0.567662247888228	0.00118177330070984	99.7282565342629
760	0.345744264365544		0.506147156791012		1.20898902416229	0.345491855614112	0.605921255637056	0.570192665135781	9.14536865462631E-4	99.7896416685705
758	0.370641415450142		0.542245494964642		1.2031888961792	0.370389006698709	0.646447466500627	0.572960721315396	0.00110027306171644	99.7469734182484
756	0.396317433108776		0.579085210393609		1.19780671596527	0.396065024357344	0.687682595606899	0.575941614470852	9.65043211357777E-4	99.7780372910897
754	0.419436501925089		0.612102109370567		1.1931779384613	0.419184093173656	0.724420165808837	0.578647741957355	0.00113254476978158	99.7395616602268
752	0.447687443279489		0.652526208940486		1.18890511989594	0.447435034528056	0.769886406775184	0.581170196785552	9.61740695961197E-4	99.7787960383707
750	0.48889750323445		0.711836557214235		1.1848680973053	0.488645094483017	0.837547135306696	0.583423993569131	8.52094861617858E-4	99.8039902578688
748	0.541254416782567		0.787038839628586		1.18107759952545	0.541002008031134	0.92368747917854	0.585698107018037	9.20524295716812E-4	99.7882659214085
746	0.595202170473252		0.863333526213375		1.17750906944275	0.594949761721819	1.01073431785246	0.588631207245369	8.53015994476476E-4	99.8037785751485
744	0.641704227172205		0.929077814585928		1.174187541008	0.641451818420772	1.08507935347344	0.591156597319286	9.48381051975709E-4	99.7818654526759
742	0.714556692701413		1.03201773574442		1.17108881473541	0.71430428394998	1.20276757740794	0.593883886934632	8.64211288063951E-4	99.8012058549146
740	0.820693003617645		1.18258333267697		1.16803753376007	0.820440594866212	1.37550002568135	0.596467160703837	9.21160290263542E-4	99.7881197884293
738	0.923745162324521		1.32674015888318		1.16498303413391	0.923492753573089	1.53984325395229	0.599731661779715	0.00105509864168325	99.7573494331949
736	0.980866773119224		1.40389977008609		1.16204738616943	0.980614364367791	1.62562611791393	0.603222569791237	0.00100925932355046	99.7678792704444
734	0.997771713847574		1.4253164737969		1.15931880474091	0.997519305096141	1.64663780340495	0.60579157300619	0.00101995191256578	99.765422956026
732	0.997660906047723		1.42528718302554		1.15665113925934	0.997408497296291	1.64281490705492	0.607133824396776	9.61444916126094E-4	99.778863993565
730	0.998993231787029		1.42936093026268		1.15388596057892	0.998740823035596	1.64358810783067	0.607658827827494	0.00102249021003671	99.7648398641579
728	1.00650774896892		1.44381278719956		1.15089321136475	1.00625534021748	1.6559577981868	0.607657599317619	9.82342152205424E-4	99.7740629831926
726	1.02456070452422		1.47391827566569		1.1476241350174	1.02430829577279	1.68580388676005	0.607608218142982	0.00105748516629954	99.7568012505081
724	1.03923123516628		1.4985245087827		1.14410185813904	1.03897882641485	1.70878187083187	0.608023086006321	0.00101618835035786	99.7662875191693
722	1.02847032670098		1.48504617936878		1.14027833938599	1.02821791794955	1.68770217877426	0.609241328761167	0.00105997496794753	99.7562293483852
720	0.983551911047948		1.42069135327095		1.13600122928619	0.983299502296515	1.60826455579774	0.611404074504878	0.00109530509595227	99.7481144467532
718	0.892735903415225		1.28877868289961		1.13137769699097	0.892483494663792	1.45247585552348	0.614456681857983	9.90100802574709E-4	99.7722805402002
716	0.761664672859859		1.09955407275484		1.12621939182281	0.761412264108426	1.23274513795584	0.617655864675334	0.0010689449035445	99.7541690005122
714	0.62969001213232		0.910351323877064		1.12039887905121	0.629437603380888	1.01439153241858	0.620507548875278	0.00101370922368566	99.7668570266824
712	0.516605130992388		0.750219267326979		1.11375534534454	0.516352722240956	0.830028647493263	0.622090242066189	0.00102442242474369	99.7643960025156
710	0.432810992228092		0.633016776035043		1.10628998279572	0.432558583476659	0.694805127379945	0.622561012334211	9.80466902899609E-4	99.7744938006542
708	0.372370454444698		0.54957889184696		1.09837675094604	0.372118045693265	0.598188992095965	0.622074378850435	8.39459870609785E-4	99.8068939117621
706	0.32544169639247		0.485867707409154		1.09038031101227	0.325189287641037	0.524364615064225	0.620158718378066	9.04961278958373E-4	99.7918419149935
704	0.29440505711219		0.44485301793681		1.0826700925827	0.294152648360757	0.476251388257224	0.617641555727885	0.00109918864471775	99.7472224830031
702	0.2808664783699		0.428933271601497		1.07555782794952	0.280614069618468	0.456000195011395	0.615381468447519	9.45876388295233E-4	99.7824409164348
700	0.279570401409747		0.430395652577099		1.0694442987442	0.279317992658314	0.454972200093103	0.61392320805789	0.0011189827281404	99.7426763514457
698	0.294380217329574		0.454687914748098		1.0649927854538	0.294127808578141	0.478949482941839	0.614110295665271	9.41221820468158E-4	99.783510344317
696	0.321588855221342		0.496608162993679		1.06259047985077	0.321336446469909	0.522413172672691	0.615100198997542	0.00105141698632242	99.7581951122269
694	0.348234687939578		0.536634761954834		1.06203079223633	0.347982279188145	0.564647487832815	0.616282347281386	0.00101163829612966	99.7673327647693
692	0.367987748773734		0.566215250423062		1.06277585029602	0.367735340022301	0.596481039935237	0.616508011825872	0.00114578301872453	99.7365214258284
690	0.383318740838939		0.589073480922546		1.06392598152161	0.383066332087507	0.621446014342895	0.616411278287066	0.00100516263409644	99.7688203829006
688	0.391977645833637		0.602153540684734		1.06461536884308	0.391725237082204	0.635773922563193	0.616139201656652	9.88263545100088E-4	99.7727026219064
686	0.391906158407165		0.602223891331425		1.0645604133606	0.391653749655732	0.635815996404651	0.615985995744707	0.00101460680507881	99.7666508329919
684	0.38733765866956		0.595314206605617		1.06376242637634	0.387085249918127	0.627989130224708	0.616388455290014	9.30023625535626E-4	99.7860832750184
682	0.385843371566156		0.593748520576717		1.06245732307434	0.385590962814723	0.625555191606268	0.616397990119181	0.00106274143709424	99.7555939001738
680	0.391449916038382		0.60285406253252		1.06094348430634	0.39119750728695	0.63432433679005	0.616715274186979	0.00100410709526749	99.7690628681179
678	0.401001878280488		0.617915955172531		1.05921316146851	0.400749469529055	0.64924355414816	0.617255985012987	0.00106097887288695	99.7559987544914
676	0.407085740560866		0.627670471735117		1.05730748176575	0.406833331809433	0.658388993191713	0.617922437975766	0.00105387663834351	99.7576301274951
674	0.415078890858516		0.640405916325342		1.05524814128876	0.414826482107084	0.670545689049892	0.618640144707899	0.00105821130575173	99.7566344574876
672	0.421262985072087		0.65037816054819		1.05312037467957	0.421010576320654	0.679695597007284	0.619410480477399	0.00102568446599865	99.7641060918539
670	0.425134617441871		0.656724068115606		1.0509113073349	0.424882208690438	0.68493882640347	0.620321395593009	0.00101806404730529	99.7658566343097
668	0.430585461231126		0.665648199854849		1.0485315322876	0.430333052479693	0.692745024827176	0.621199773447742	0.00103446631044351	99.7620887878366
666	0.432480349529218		0.669023880383353		1.04595601558685	0.432227940777785	0.694574242831586	0.622291922337506	0.00103630678030188	99.7616660131158
664	0.437338154380413		0.677056976664731		1.04322910308838	0.43708574562898	0.701143777773073	0.623389609214279	9.54861665961429E-4	99.7803765023091
662	0.444161155451782		0.687907260434852		1.04042720794678	0.443908746700349	0.710549582704064	0.624740000565495	9.79344112084044E-4	99.7747517501211
660	0.452563920310784		0.701418666325687		1.03775990009308	0.452311511559352	0.722749566128232	0.625820523120316	0.0011482609228995	99.7359523722297
658	0.464437351659825		0.720049887259541		1.03528940677643	0.464184942908392	0.740317692717742	0.627007766360881	9.41607982576495E-4	99.7834216197414
656	0.479631420507804		0.74396338814055		1.03309750556946	0.479379011756371	0.763455279879859	0.627907127489915	0.00108969894844016	99.7494020667351
654	0.497957763208013		0.772655468714379		1.03115320205688	0.49770535445658	0.791604377449313	0.628729916906565	0.00112339633442807	99.741662701296
652	0.511538276154236		0.793783428835034		1.02945709228516	0.511285867402803	0.812052622002036	0.629621595386612	0.00105644769579256	99.7570395562364
650	0.515904192579662		0.800680654759622		1.02793705463409	0.515651783828229	0.817943505499198	0.630424693589959	0.00105951061237183	99.7563360096208
648	0.515948856580948		0.801278506319733		1.02666783332825	0.515696447829515	0.817547363796789	0.630784796901012	0.00110964437997959	99.7448210755698
646	0.521458284964695		0.81016092968512		1.02560043334961	0.521205876213263	0.825807198211528	0.631147170116768	0.00108434575343268	99.7506316040983
644	0.528783674034546		0.821945377880219		1.02465677261353	0.528531265283113	0.837122383011181	0.631366782216422	0.00103821784594992	99.7612270237171
642	0.539262740459958		0.838919981083876		1.02378344535828	0.539010331708526	0.853787211316581	0.631316942399905	0.00111602095848054	99.7433565715549
640	0.555978983374121		0.864924755455064		1.02288675308228	0.555726574622688	0.879639351380424	0.631766386702212	0.00110354112872346	99.7462228248609
638	0.569625620282482		0.886605378232202		1.02184903621674	0.569373211531049	0.900901282248869	0.632003997274546	0.00115539120291639	99.7343149131783
636	0.584419181014386		0.909819475734658		1.02063095569611	0.584166772262953	0.923520402287109	0.63254344009754	0.00102874869229376	99.7634021945412
634	0.600155803571134		0.934533718189616		1.01923584938049	0.599903394819701	0.947447678845107	0.633178388859377	0.0011380142928449	99.7383055438809
632	0.612645409234119		0.954175325777147		1.0177036523819	0.612393000482686	0.966012735357218	0.633938847872675	0.00107543656091927	99.7526779268881
630	0.627414191218563		0.977533447937231		1.01619136333466	0.62716178246713	0.988313580071748	0.634577724229591	0.00109411278060828	99.7483882963543
628	0.642549287898808		1.0014106847803		1.01451146602631	0.642296879147375	1.0109034989417	0.63536913248375	0.00111432205690396	99.743746754908
626	0.660065720018758		1.02884379013943		1.01275491714478	0.659813311267325	1.03693620932378	0.63631041652756	0.00109610266709363	99.747931261961
624	0.673517250421551		1.04995868721082		1.01092803478241	0.673264841670118	1.05641134835582	0.637313147684352	0.00112670675232932	99.7409024214835
622	0.684261145337116		1.06693109314886		1.0092089176178	0.684008736585684	1.07174358871099	0.638220507022909	0.00114499898212355	99.7367014814291
620	0.693507022375367		1.08174908472784		1.00772297382355	0.693254613623934	1.08509800036232	0.638886638250601	0.00115812863775536	99.7336862721542
618	0.702808558898258		1.09620509052945		1.0068142414093	0.702556150146826	1.09867400613369	0.639458243504979	0.00107441626225295	99.7529122785735
616	0.709862141633746		1.10751376357996		1.00664889812469	0.709609732882313	1.10987744051632	0.639358641754354	0.00106830255314623	99.7543165436661
614	0.71691814288729		1.11883352061481		1.00700271129608	0.716665734135857	1.12166656209312	0.638929391635336	0.00102998191750103	99.7631189061901
612	0.726729794459412		1.13436479191506		1.00780045986176	0.726477385707979	1.13820756983591	0.638264412362598	0.00118058093515698	99.7285303408755
610	0.735982780567459		1.14896946562379		1.00835275650024	0.735730371816026	1.15355799540766	0.637792269435076	0.00112553755140956	99.7411709427673
608	0.750694886831914		1.17204498890805		1.0085117816925	0.750442478080481	1.17701185771362	0.637582767890071	0.00114036807733231	99.7377649847672
606	0.762692732242958		1.19082879773192		1.00798010826111	0.762440323491525	1.19532505902972	0.637851869440788	0.0010695467227507	99.7540307672725
604	0.780388120966196		1.21836041535872		1.00688087940216	0.780135712214763	1.2217425849346	0.63854343937477	0.00116545940354623	99.7320028104584
602	0.796143626274334		1.24288871878854		1.00539457798004	0.795891217522901	1.24459973991638	0.639475641844804	0.00112802306204951	99.7406001157304
600	0.814173663128558		1.2707547556645		1.00393652915955	0.813921254377126	1.27077052202109	0.640494283013921	0.00108076820317526	99.7514533146714
598	0.83331063357211		1.30046093077774		1.00287997722626	0.833058224820678	1.29922487978811	0.641196330042986	0.00115421303848844	99.7345854751733
596	0.856085393918119		1.33568826828346		1.00218975543976	0.855832985166686	1.33363517844275	0.641729461700326	0.00112381973487177	99.7415654616455
594	0.875855141763927		1.36619144351558		1.00178515911102	0.875602733012495	1.36365440177409	0.642100177195447	0.00114005432759095	99.7378370388931
592	0.893473226410326		1.3936634709937		1.00154709815979	0.893220817658893	1.39084487679995	0.64221455070821	0.00116776763398804	99.7314727465438
590	0.911663360004634		1.4215087925377		1.00122630596161	0.911410951253201	1.41827886224831	0.64261759482786	0.00117899504509307	99.7288945149112
588	0.929568596749494		1.44907201569417		1.00070452690125	0.929316187998061	1.44512238261439	0.643070925465027	0.0011496278829864	99.7356384496328
586	0.94328755116245		1.47016039909379		0.999973237514496	0.943035142411017	1.46515414299722	0.643642272670287	0.00114177975970968	99.7374407858142
584	0.956951038351505		1.49119740157321		0.999053955078125	0.956698629600072	1.48482431700993	0.644317727451168	0.00121160170277495	99.7214071900888
582	0.971881008079446		1.51408007512679		0.998229086399078	0.971628599328013	1.50644052245379	0.644983047684724	0.00115633694267101	99.7340977273568
580	0.987140592063882		1.53752177577775		0.997582137584686	0.986888183312449	1.52884922541145	0.645510470822822	0.00118630433049473	99.7272160666485
578	1.00288548488427		1.56155603471492		0.997147619724274	1.00263307613284	1.55214900709941	0.645964447708867	0.0011392196030132	99.7380287376307
576	1.01977442219471		1.58757448096105		0.996688485145569	1.01952201344328	1.57736660904379	0.646344361290445	0.00122763520223308	99.7177256935905
574	1.03946511272883		1.61754536859764		0.996220171451569	1.03921270397739	1.60648305512865	0.646886813190924	0.00121037542400452	99.7216887649702
572	1.06025168948903		1.64923529461848		0.9957315325737	1.0599992807376	1.63724974526946	0.647426749523262	0.00119470155326662	99.725287827657
570	1.07729453304886		1.67538241670638		0.995352268218994	1.07704212429743	1.66265173020998	0.647785765790775	0.00124042357672069	99.7147894167158
568	1.09991577471872		1.70974546588548		0.995181918144226	1.09966336596729	1.69656466002166	0.648170619063378	0.00118342824497543	99.7278765055067
566	1.12309180612026		1.74493935307395		0.995282471179962	1.12283939736882	1.73176393967862	0.648379014969672	0.00123246348506541	99.7166170847392
564	1.14636277618108		1.78056835378608		0.995623111724854	1.14611036742965	1.76782970135078	0.648314917751364	0.00129564317117586	99.7021117051037
562	1.17519252460104		1.82421820102377		0.996170461177826	1.1749401158496	1.81228426420957	0.648319989889698	0.00120559851135564	99.7227856345739
560	1.20149535500131		1.86418904894755		0.99668163061142	1.20124294624987	1.85305241967872	0.648250925604222	0.00128914048135986	99.7036045556629
558	1.23372607997018		1.91259323576586		0.997178435325623	1.23347367121874	1.90224370121027	0.648430939965244	0.00125395515944375	99.7116825895336
556	1.26428124647406		1.95875912455844		0.997675478458405	1.26402883772263	1.94925044889846	0.648469178723001	0.00121011405954981	99.7217487788864
554	1.29108097933817		1.99924558069549		0.99818366765976	1.29082857058673	1.99065626421298	0.648443728730368	0.00126634797270674	99.7088373067051
552	1.32564427723473		2.0511493417796		0.998678505420685	1.32539186848329	2.04347827908399	0.64859601496592	0.00126150304726827	99.7099496500506
550	1.35090570138916		2.08837274250977		0.999059557914734	1.35065329263772	2.08144637622945	0.648901315961086	0.00125399730106779	99.7116729140433
548	1.3828908392008		2.13627123169826		0.999196529388428	1.38263843044937	2.12959174753838	0.64925046410777	0.00132841473771323	99.6945885353439
546	1.41027954148394		2.17664436386115		0.99907249212265	1.41002713273251	2.16966307215917	0.649882993735661	0.00126695780100745	99.7086972974933
544	1.4349412891271		2.2124209262182		0.998806416988373	1.43468888037566	2.20481910288464	0.650705937053343	0.00130814641809583	99.6992413435667
542	1.45905246304198		2.24756487139027		0.998482644557953	1.45880005429055	2.23919500949173	0.651484148592168	0.00136442156815336	99.6863233201717
540	1.47664789449023		2.27241817939643		0.99831360578537	1.4763954857388	2.26362731903889	0.652225511382172	0.00129331991099136	99.7026450634024
538	1.49990516368441		2.30567857965415		0.998360693454742	1.49965275493298	2.29693996429417	0.652891576725999	0.00133519114746249	99.693032986887
536	1.52295945741553		2.33827788372311		0.998661279678345	1.5227070486641	2.33018718920443	0.65346983955567	0.00129388671000244	99.7025149412707
534	1.54334117425303		2.36702992218244		0.999168038368225	1.5430887655016	2.36009773261521	0.65382409557748	0.00133370876843181	99.6933732700819
532	1.55930316912334		2.38896452902839		0.999805629253387	1.5590507603719	2.38353410577663	0.654092071346263	0.00137960294280355	99.6828387053905
530	1.58571677222824		2.42589049323631		1.0004802942276	1.58546436347681	2.42208620491385	0.65458626545177	0.00130463738942233	99.7000469004516
528	1.60528165862467		2.45255754635241		1.00102841854095	1.60502924987324	2.45010764992517	0.655085195918743	0.00136912849994874	99.6852429145906
526	1.62342155265619		2.47731814195659		1.0014044046402	1.62316914390476	2.47582327943029	0.655607836548927	0.00143677335073834	99.6697173471753
524	1.65412803294121		2.52009118866068		1.00163662433624	1.65387562418978	2.51924045816406	0.656497722887108	0.0013061101044844	99.6997088130065
522	1.67766954590867		2.5523460713443		1.00181710720062	1.67741713715724	2.55200788823717	0.657293084746665	0.00139666653295525	99.6789222068838
520	1.7093474602108		2.59659337341359		1.0020604133606	1.70909505145937	2.59696615104799	0.65811217861645	0.00147389550772593	99.6611982502892
518	1.74799280612572		2.65112144936758		1.00242054462433	1.74774039737428	2.65255954030828	0.658888281607116	0.00134840463910255	99.6899998536708
516	1.78661392718721		2.70515902239384		1.00289297103882	1.78636151843578	2.70800355570629	0.659659960442656	0.00141816733377996	99.6739874824252
514	1.83432536193309		2.77294663198626		1.00349617004395	1.83407295318166	2.7776569154238	0.660294992875974	0.00144704357486296	99.6673603790928
512	1.88115197765174		2.83875564051236		1.00418245792389	1.88089956890031	2.84564079820233	0.660975752838703	0.00144559310816825	99.6676932509901
510	1.94681982254316		2.93213407031502		1.00497353076935	1.94656741379172	2.94172538170737	0.661709426004252	0.00149607443679221	99.6561087953251
508	2.02648977766915		3.04632009280797		1.00580215454102	2.02623736891772	3.058999449331	0.662385659912705	0.00145613546040462	99.6652738806788
506	2.10740287243861		3.16119255328647		1.00663805007935	2.10715046368718	3.17717669239897	0.663214755643994	0.00147693472063249	99.6605008190466
504	2.19833270605965		3.2914168813794		1.00742840766907	2.19808029730821	3.31086292667564	0.663899516829365	0.0015975441298746	99.6328276025381
502	2.29973260799822		3.4349136337357		1.00814700126648	2.29948019924679	3.45789036906656	0.664995113731012	0.0014864615190321	99.6583146639705
500	2.42094690194747		3.60819314964487		1.00866842269897	2.42069449319603	3.63446039272897	0.66603958541929	0.00153485477564723	99.6472103973829
498	2.59786205016633		3.86488182049419		1.00904226303101	2.5976096414149	3.89481714130096	0.666940076305415	0.00157951211220013	99.6369644688371
496	2.81962273043256		4.18380907752061		1.00876116752625	2.81937032168113	4.2154535687624	0.668817785723793	0.00154034411432919	99.6459508975448
494	2.99542343773791		4.43223812926231		1.00816118717194	2.99517102898648	4.46340287337036	0.671051015102473	0.00167731325854045	99.6145292028819
492	3.07230383293852		4.53219933491757		1.00794267654419	3.07205142418709	4.56319063276504	0.67322443251195	0.00155330232270573	99.6429777680529
490	3.11542031225843		4.58309585571029		1.00791668891907	3.11516790350699	4.61437243346432	0.675101099537435	0.00161703133478035	99.6283570834584
488	3.21857802668998		4.72431397038039		1.00887954235077	3.21832561793855	4.76125256740157	0.675940957212218	0.00163403482798059	99.6244565113791
486	3.42258386083575		5.01076393261469		1.00954282283783	3.42233145208432	5.0535663216054	0.677211148383054	0.00170990469623946	99.6070539549991
484	3.63057834242652		5.29679161701866		1.01009511947632	3.63032593367509	5.34524617445156	0.679169081309444	0.00164946314130099	99.6209174150005
482	3.70359847152928		5.38541491988719		1.01073944568634	3.70334606277784	5.43823090373911	0.680983600794069	0.00172184958625659	99.6043143877423
480	3.69388774158761		5.35264145810409		1.01162850856781	3.69363533283618	5.4098598919671	0.682759887796857	0.00166988118985705	99.6162339179739
478	3.79781011666064		5.48803230228966		1.0127238035202	3.7975577079092	5.55283070344546	0.683895820117993	0.00170144479376989	99.6089942839794
476	4.06714377036959		5.86234699805959		1.01399922370911	4.06689136161816	5.93937872650674	0.684733462688295	0.00168555431609949	99.6126389617799
474	4.54741470350911		6.53519301587884		1.01552999019623	4.54716229475768	6.63164031732249	0.685676857787364	0.00167345888606044	99.6154132878053
472	5.07608517258806		7.27481356956409		1.01726651191711	5.07583276383663	7.39537141735476	0.686352649161764	0.00179387184450484	99.5877976389712
470	5.52263377920218		7.89125691426887		1.01911818981171	5.52238137045074	8.03706145704045	0.687114488295115	0.00180029447409664	99.5863248806626
468	5.68625732591165		8.09099126405672		1.02110064029694	5.68600491716022	8.25664450867832	0.688658075466834	0.00187791156586154	99.5685284071567
466	5.51850473869133		7.81354255911065		1.02326714992523	5.5182523299399	7.99025881244536	0.690622476626771	0.00189126644173799	99.5654666484914
464	5.32263806466929		7.50926708425226		1.02553856372833	5.32238565591785	7.69594908518918	0.691582753082497	0.00187514597586686	99.5691624621912
462	5.16459740367969		7.27240536644871		1.027627825737	5.16434499492826	7.46822184209837	0.691509318298078	0.00187674119097897	99.5687967335265
460	5.01509230173802		7.05375906605285		1.02919805049896	5.01483989298659	7.25460300759228	0.691263172876356	0.00182668698438141	99.5802731039269
458	4.83903304951183		6.80599225796085		1.03004312515259	4.8387806407604	7.00534926575272	0.690726537278577	0.00182425112044796	99.5808316297339
456	4.64886873142404		6.54888583808976		1.03006207942963	4.6486163226726	6.74064260078165	0.689639934645629	0.00182220140814839	99.581301616219
454	4.50836018706361		6.37267005510247		1.02918720245361	4.50810777831217	6.55355844817484	0.687887018016552	0.0019329311751507	99.5559151349123
452	4.33225431618526		6.14488900132514		1.02735614776611	4.33200190743383	6.30788656978475	0.686759639620731	0.00187586898857145	99.5689966997592
450	4.05672010097765		5.77234151746221		1.02460694313049	4.05646769222621	5.90929192926524	0.686455795513659	0.00191892306303379	99.5591263498152
448	3.68491681877189		5.26440159029261		1.02102768421173	3.68466441002046	5.37002827518619	0.686153632942036	0.00191961846050053	99.5589669346909
446	3.40790182964441		4.88780422851617		1.01675081253052	3.40764942089298	4.9646286749324	0.686385557513902	0.00193709719030498	99.5549601389841
444	3.27341352451774		4.70723275706973		1.0121191740036	3.27316111576631	4.7592532895784	0.687746778036322	0.00188836589605549	99.5661316238959
442	3.21596118099731		4.62881820660181		1.00782012939453	3.21570877224588	4.6600102771147	0.690064738277126	0.00217041031316594	99.5014912565564
440	3.18842899116592		4.5862600158539		1.0045450925827	3.18817658241448	4.60211537267936	0.692763289104228	0.00205316638145373	99.52835671621
438	3.14594177209741		4.51875280176817		1.00285410881042	3.14568936334597	4.52666859358749	0.694923716704638	0.00218804197079542	99.4974517380071
436	3.11972232640139		4.46891190841264		1.00277864933014	3.11946991764996	4.47634860193961	0.696878236046739	0.00218047137526137	99.4991861867753
434	3.11070943581241		4.44202260187946		1.00421047210693	3.11045702706097	4.45573765666269	0.698079031293481	0.00224149322259048	99.485206737655
432	3.11101505104556		4.42661602235118		1.00665414333344	3.11076264229413	4.45107126454341	0.69887954099365	0.00226460856299688	99.4799117746357
430	3.13463400847071		4.44332191828052		1.00962591171265	3.13438159971928	4.48107808657024	0.699470426349632	0.00227797233445476	99.4768507033876
428	3.13260051238509		4.42953772644107		1.01240730285645	3.13234810363366	4.4794676710287	0.699267933976253	0.00238907963121229	99.4514043973978
426	3.11340606666101		4.39914724804687		1.01423370838165	3.11315365790957	4.45672568376877	0.698529341675115	0.00238746323516239	99.4517745452193
424	3.10406694316317		4.39214192580924		1.01462960243225	3.10381453441173	4.45135750625197	0.697273703595453	0.00242363764108212	99.4434910896722
422	3.07226912834882		4.36158955776726		1.01337480545044	3.07201671959739	4.41489149243086	0.695830627969958	0.00235057705622405	99.460221697771
420	3.42687195896315		4.88546564209974		1.01114857196808	3.42661955021171	4.93490918808145	0.694363243499499	0.00245184899096861	99.4370315463882
418	3.22047178888944		4.62020823349168		1.0079870223999	3.22021938013801	4.65210322437342	0.692207207111518	0.00250429853731514	99.4250233066056
416	3.03536513679706		4.38346826861734		1.00422537326813	3.03511272804563	4.39700202676616	0.690268667053094	0.00247849758808193	99.4309302114521
414	2.88885660466764		4.19828842316587		1	2.8886041959162	4.19332137928523	0.688858290276949	0.00256262939957039	99.4116702521125
412	2.76288057978039		4.03919308688752		0.995681941509247	2.76262817102895	4.01680601898826	0.68776738482502	0.00268572360658089	99.3834975094356
410	2.66063256993504		3.90877046777976		0.991583049297333	2.66038016118361	3.87094530292726	0.687268858893924	0.00268802268469638	99.3829713921836
408	2.57700771675357		3.80116565863942		0.988153755664825	2.57675530800213	3.75122791842349	0.686909823673165	0.00272383012522453	99.3747776359072
406	2.5222609884567		3.73080113255339		0.985654711723328	2.52200857970527	3.67238592459969	0.686749331765882	0.00277215996596297	99.3637194711088
404	2.50429466772771		3.7104358738457		0.98426741361618	2.50404225897627	3.64717222150509	0.686570884756006	0.00280708561128405	99.3557290345935
402	2.52461384489261		3.74199651825084		0.984128773212433	2.52436143614118	3.67771823207065	0.686393376775876	0.00285706166860515	99.3442964188631
400	2.56885631297754		3.80445133977863		0.985299050807953	2.56860390422611	3.74362827030801	0.686126858427313	0.00297036185726305	99.3183825288481
398	2.61585577568037		3.86630574626976		0.987817049026489	2.61560336692894	3.81429620228579	0.685736824885673	0.00303847652582476	99.3028066730545
396	2.64095014813869		3.89276009186717		0.991658091545105	2.64069773938726	3.85536143428865	0.684941680409399	0.0030612363057966	99.2976027137513
394	2.64475221111178		3.8853317105492		0.996615350246429	2.64449980236035	3.86723099135575	0.683822561484297	0.00311786543953213	99.2846558059181
392	2.65326928871447		3.88366668370038		1.0025714635849	2.65301687996303	3.8886735747003	0.682242113923769	0.00317654431236865	99.2712420547087
390	2.66005715489828		3.87811475501163		1.0093150138855	2.65980474614685	3.90922613584076	0.680391630906458	0.00328197324928304	99.2471459823683
388	2.69339288474555		3.91106131249717		1.01699423789978	2.69314047599411	3.97247536387637	0.677950202154591	0.0033044629062404	99.242006666607
386	2.71805587292825		3.93155290177076		1.02549052238464	2.71780346417681	4.02667658259589	0.674949529327414	0.00337874734805511	99.2250331453565
384	2.75368690305931		3.96851750123243		1.03449034690857	2.75343449430788	4.10025468761547	0.671527674274584	0.00347044696372317	99.2040843715356
382	2.79152316999797		4.00982467880175		1.04369103908539	2.79127076124653	4.17983402637986	0.667794640559937	0.00348391773395566	99.2010073471724
380	2.79964926859831		4.01003794784387		1.0526317358017	2.79939685984688	4.21586473764768	0.66401486623806	0.0035614135463952	99.1833074289733
378	2.80034555765803		4.00186161731013		1.06117713451386	2.8000931489066	4.24141313038588	0.660179299405301	0.00365472322333065	99.1619998401793
376	2.81012364599786		4.00652980576804		1.06922745704651	2.80987123724643	4.27858077610487	0.656729739202091	0.00369023314182031	99.1538922295002
374	2.80378202004664		3.99009789665401		1.07646524906158	2.80352961129521	4.28985487597369	0.653525513647796	0.00376373904656721	99.1371114963749
372	2.81119520361077		3.99406978384517		1.08239138126373	2.81094279485934	4.31777042471315	0.651017195997881	0.00389464247476379	99.1072344597199
370	2.82577628265407		4.00903976669551		1.08660447597504	2.82552387390263	4.35084334274019	0.649419813889025	0.00397411224413013	99.089100891747
368	2.83875549402799		4.02305570902232		1.08728444576263	2.83850308527655	4.36880530730369	0.649720664029407	0.00408125311869095	99.0646585284903
366	2.85861267168302		4.04695785736431		1.08414971828461	2.85836026293158	4.38212320174729	0.652277476313734	0.00416064403886981	99.0465507331894
364	2.89044173649724		4.08840744215962		1.07767069339752	2.89018932774581	4.40060404546076	0.656771047312708	0.00425399471948866	99.0252631744718
362	2.91910720269129		4.12576458312363		1.06871128082275	2.91885479393986	4.40394281617563	0.662782174014372	0.00434844842952064	99.0037287390993
360	2.9679163577697		4.19115384067485		1.05907070636749	2.96766394901827	4.43346780786711	0.669377579273768	0.00442649478449748	98.9859385386058
358	3.00938610858055		4.24708603039276		1.04836678504944	3.00913369982912	4.44729664368689	0.67662086452018	0.00453282475569136	98.9617064010169
356	3.04268179936548		4.29192696038937		1.03684234619141	3.04242939061405	4.44490157786142	0.684476211074589	0.00469662680563375	98.924388234516
354	3.08158116444442		4.34507261447388		1.02479386329651	3.08132875569299	4.44771355480295	0.692789388913222	0.00478226181139054	98.9048840599031
352	3.11850323460939		4.39562302931096		1.01273274421692	3.11825082585796	4.44656108503728	0.701272458923571	0.00489322095417036	98.8796177952186
350	3.13628787809301		4.41962741153926		1.00126516819	3.13603546934158	4.42024565552544	0.709470856087249	0.00501511755695719	98.8518684255162
348	3.16505458940385		4.45989332934711		0.990810453891754	3.16480218065241	4.41398753495734	0.71699390983509	0.00507291485713259	98.8387137777131
346	3.17742788037003		4.47842372478088		0.981342911720276	3.1771754716186	4.38999500468916	0.723730999289272	0.00525278515323281	98.7977865534356
344	3.18957817329023		4.49668200107511		0.972720801830292	3.1893257645388	4.36918457475532	0.729959036971425	0.00536452166320105	98.7723708497366
342	3.19564466496521		4.50730350982174		0.964752793312073	3.19539225621378	4.34364168194748	0.735648216447983	0.00549987065943175	98.7415929816728
340	3.19619597111535		4.51236557034838		0.957048177719116	3.19594356236392	4.31379754600978	0.740865450517059	0.00568078161987503	98.7004694651177
338	3.19212033636601		4.5120587710332		0.950148642063141	3.19186792761458	4.28240708420802	0.745344350700577	0.00578330758017034	98.6771715268146
336	3.17356024122533		4.49352717931038		0.944044172763824	3.1733078324739	4.23739903995244	0.748881047679076	0.00593469136992838	98.6427812188741
334	3.13498918425055		4.45079098563348		0.938558220863342	3.13473677549911	4.1726646090432	0.751255389351294	0.00608430187834395	98.6088055282806
332	3.09080638413412		4.40415905222607		0.933434963226318	3.09055397538269	4.10635963053543	0.752626231857757	0.00623542740316368	98.5744976667695
330	3.02031203627127		4.32461055400877		0.928119659423828	3.02005962751984	4.00914606345247	0.753292491648239	0.00635505685118268	98.5473483723763
328	2.93456538134046		4.2285155348615		0.923022568225861	2.93431297258903	3.89843057517161	0.752690836994029	0.00660340432833838	98.4910110480831
326	2.84807202231107		4.13310551327008		0.918195605278015	2.84781961355964	3.7904386005725	0.751316645289945	0.0067677811689697	98.4537400753548
324	2.75846313595038		4.03356156835534		0.913534343242645	2.75821072719895	3.68025945310691	0.749460944898991	0.00700219504129908	98.4006132316507
322	2.66686230623828		3.93028371232271		0.908978700637817	2.66660989748684	3.56802924487243	0.747362119107906	0.00721843121009486	98.3516315469796
320	2.58807484317419		3.8428119841566		0.904343068599701	2.58782243442276	3.470728470099	0.74561362455097	0.00747607750796131	98.2933014971882
318	2.51616429658653		3.76313154013905		0.899914681911469	2.5159118878351	3.38202740722136	0.743906416152359	0.00774625874429831	98.232170748856
316	2.45937074212596		3.7039960545355		0.895963847637177	2.45911833337453	3.31419626490786	0.741995384948301	0.00790083983139217	98.1972125942408
314	2.41306745861958		3.65958952395122		0.892610192298889	2.41281504986814	3.26215327471564	0.739638774354791	0.00819442910550905	98.1308523084551
312	2.35952961703663		3.6050604958488		0.88999992609024	2.3592772082852	3.20408290616962	0.736334632210139	0.00859603138291858	98.0401503549419
310	2.30062501522122		3.54256199756337		0.888025283813477	2.30037260646979	3.14147376276123	0.732259054249701	0.00876963276322285	98.000968406082
308	2.24111551838869		3.48038198072199		0.887133359909058	2.24086310963726	3.08315652999819	0.726808090291342	0.00910885887950798	97.9244500318353
306	2.17460668076383		3.4084240464392		0.887335538864136	2.17435427201239	3.02000835336622	0.719982866798621	0.00946514126642137	97.8441486434763
304	2.10802030407677		3.33611266977502		0.888603985309601	2.10776789532533	2.96006927881639	0.712067082486713	0.00976476136196909	97.7766691701673
302	2.02617191573194		3.24193293382322		0.891015827655792	2.02591950698051	2.88418784152075	0.702422871983365	0.010108930199073	97.6992140024461
300	1.94048400103527		3.14050194057617		0.894482612609863	1.94023159228384	2.80468144632562	0.691783230792829	0.0105228728060862	97.6061375259726
298	1.85449113028513		3.03705181891923		0.900495111942291	1.8542387215337	2.73037751891689	0.679114411354096	0.0108688277931609	97.5284163352805
296	1.7572433523534		2.91551677301814		0.909423410892487	1.75699094360197	2.64692206224442	0.663786429023962	0.0113441523171775	97.4217322980462
294	1.65598550363691		2.78653112900229		0.92107892036438	1.65573309488548	2.56204004444818	0.646255743923042	0.0118242940683754	97.3140855387969
292	1.55386663197465		2.65309694984797		0.934718489646912	1.55361422322322	2.4752559860946	0.627658000607232	0.0122783138842195	97.2124046783419
290	1.44221389804579		2.50236185523543		0.948803901672363	1.44196148929436	2.36953794102974	0.608541211485189	0.01288746971627	97.0761469202596
288	1.32615930866577		2.34152901896402		0.962523102760315	1.32590689991434	2.24899488204903	0.589555321133646	0.013365908226003	96.96926231673
286	1.20977906010737		2.17925519148744		0.97529125213623	1.20952665135593	2.1205642099844	0.570379640315081	0.0140352427453965	96.8199284262714
284	1.09928838672074		2.02227389328658		0.986907541751862	1.09903597796931	1.99089534370641	0.552031015313571	0.0145457841670943	96.7061771747269
282	0.998390592018929		1.87787367413701		0.996903836727142	0.998138183267496	1.86710780553428	0.534590547106559	0.015126611923458	96.5769282659557
280	0.900817827821408		1.73517780068376		1.00535523891449	0.900565419069975	1.73947644877822	0.517722110984899	0.0157947480807432	96.4284646525559
278	0.815256237587124		1.60963551908091		1.00982344150543	0.815003828835691	1.62043184210201	0.502954710997579	0.0163476881630261	96.3057708651713
276	0.739647987461993		1.49701485607877		1.01022160053253	0.73939557871056	1.50729892890986	0.490543424750738	0.016991362776949	96.1631403062137
274	0.672489126951538		1.39741089682101		1.00653350353241	0.672236718200105	1.40154138977223	0.479641003188177	0.0177108849694303	96.0039528627462
272	0.623927976022532		1.32718629993364		0.99854451417923	0.623675567271099	1.32029478467386	0.472375998535174	0.018387192751935	95.854566456816
270	0.585157555340048		1.27126174113611		0.988452672958374	0.584905146588616	1.25167237825518	0.467298916833147	0.0189466988348541	95.7311555380763
268	0.550671566097965		1.22221502044586		0.972882628440857	0.550419157346532	1.18423941090508	0.464787062715521	0.0196385766816255	95.5787669230476
266	0.521856051076387		1.18207985062332		0.953488886356354	0.521603642324954	1.12236397921688	0.464736620190626	0.0200917149613055	95.4790930545749
264	0.494763570715893		1.14350985566025		0.931065678596497	0.494511161964461	1.06005813566075	0.466494379250461	0.0206479373876439	95.3568865316836
262	0.465426380586537		1.09798787250475		0.906938552856445	0.465173971835104	0.991302728554298	0.469255211789346	0.0210869890195054	95.2605338426258
260	0.434946340730302		1.04889857368967		0.883175373077393	0.434693931978869	0.921974618306339	0.47148145225234	0.0215177669080517	95.1660915042098
258	0.402927534400723		0.993614566647388		0.859192788600922	0.40267512564929	0.849438822029353	0.474048413147964	0.0218660836914506	95.0897961354975
256	0.369540002490676		0.93367325981903		0.834685504436493	0.369287593739243	0.77517761632384	0.476390940556995	0.0224452275136424	94.9630757477004
254	0.336638041867751		0.872076395746312		0.80953711271286	0.336385633116319	0.701957201115653	0.479211029649222	0.023013946299939	94.8388007661843
252	0.304342132878147		0.808693577396061		0.784095585346222	0.304089724126714	0.630198426755062	0.482530122603597	0.0234460645514667	94.7444841282319
250	0.274243097353886		0.748224131836904		0.758817315101624	0.273990688602453	0.563996347913222	0.48580223899714	0.0241252759079975	94.596425063559
248	0.245549919673128		0.688064471737935		0.735633492469788	0.245297510921695	0.502509346551789	0.488145171039947	0.0246862338793666	94.474318140461
246	0.217071399584286		0.626148868347642		0.715051770210266	0.216818990832853	0.444177163207571	0.48813628613214	0.0255665622127215	94.2830097381128
244	0.189974619297051		0.564839461549165		0.697206974029541	0.189722210545618	0.390346954165274	0.486034817285367	0.0266586413761338	94.0462230286784
242	0.164369451247509		0.504073865783672		0.681808710098267	0.164117042496076	0.34029537844295	0.482278199742258	0.0280944232181173	93.7358186701269
240	0.139987339223353		0.443296191160805		0.667849898338318	0.13973493047192	0.292738076449778	0.47733773537961	0.0300518335312795	93.3142922500961
238	0.116889949331515		0.382614497372515		0.657016694545746	0.116637540580082	0.248120681596848	0.470083911705502	0.0328317708360489	92.7188911545125
236	0.097620167151433		0.329250161953424		0.649702370166779	0.0973677584000001	0.21068751041696	0.462143001297539	0.0365073263836687	91.9374965165187
234	0.0788659228034586		0.274778859375671		0.645702123641968	0.0786135140520258	0.174218062248834	0.451236301433216	0.0414385305186667	90.8994947934568
232	0.0623693683039459		0.225054144913716		0.644411623477936	0.0621169595525131	0.141826686083276	0.437977938200151	0.0487141731145873	89.3893597962212
230	0.0475752710348742		0.179065385865911		0.644490897655487	0.0473228622834414	0.112204796706418	0.421754360531137	0.0593550983233226	87.2257880223637
228	0.0354866573823112		0.14059040604681		0.646355271339417	0.0352342486308784	0.0876608750528772	0.401938134996086	0.0731947234773791	84.4899934654172
226	0.0262098980810004		0.110455734383775		0.649210751056671	0.0259574893295676	0.0684843919895234	0.379027813133517	0.0907783718967987	81.1375011142342
224	0.0193620558918713		0.0877501331637721		0.652522802352905	0.0191096471404385	0.0540178534064585	0.35376539302011	0.112411242371388	77.1949264274029
222	0.0146720676312689		0.0716365941046234		0.655378818511963	0.0144196588798361	0.0436938110565166	0.3300160487531	0.134685941388316	73.3354664423536
220	0.0112488216427503		0.0597291953561215		0.656985223293304	0.0109964128913175	0.0359779243151394	0.30564333825924	0.162561242245604	68.7762920250722
218	0.00874715567908312		0.0507692779419724		0.657121121883392	0.00849474692765029	0.0300976154311468	0.282239865383469	0.192222727583986	64.2358199929495
216	0.00699949972216871		0.0443339742796373		0.655903518199921	0.00674709097073588	0.0258209081494321	0.26130339536041	0.221894654589719	59.993658328722
214	0.00573604528996136		0.0394347538325998		0.654084265232086	0.00548363653852853	0.0225447867381587	0.243233018888889	0.250668553228788	56.1476322525241
212	0.00482465136507528		0.0356878885750496		0.652615189552307	0.00457224261364245	0.0200488898834475	0.228054652413315	0.277327420735249	52.8046999589444
210	0.00412848966856196		0.0326515434867794		0.652986526489258	0.00387608091712913	0.0180776052354046	0.214413406347535	0.301099060964151	49.9920491956892
208	0.00352582725069726		0.0298423162221561		0.655270755290985	0.00327341849926443	0.0163000384952926	0.20082274653583	0.322086149839391	47.6336487832866
206	0.00300091003172539		0.0271693875180844		0.661797821521759	0.00274850128029256	0.0146934626519366	0.187056063325571	0.341845440695011	45.5150012825457
204	0.00252668579999297		0.024623862740353		0.668592393398285	0.00227427704856014	0.0131423995680104	0.173048843690303	0.362394519523549	43.4115687892982
202	0.00206514600882267		0.0220315593315982		0.687935590744019	0.00181273725738984	0.0117392875175137	0.154416292699659	0.387385272135624	40.9840363317691
200	0.00160443844154125		0.0192302963918943		0.715800225734711	0.00135202969010842	0.0102096393672652	0.132426782325278	0.419536431753607	38.0595429172285
