Wavelength	I1	I1 dark	R1	R1dark	XCorrect	I1c	R1c	I1c/R1c	Abs	Percent T
nm	uA	uA	uA	uA		uA	uA	uA/uA	OD	T*100
	Abs Detector Raw	Dark Offset for Abs Detector	Ref Detector Raw	Dark Offset for Ref Detector	Linear interp	Dark subtracted Abs Detector	Corrected Ref Detector	Corrected Intensity 	-Log(T)	% Transmittance
800	0.144883842843009	2.39585122104799E-4	0.213571216302068	0.00495474643634805	1.35067892074585	0.144644257720904	0.28177386836804	0.513334535095981	3.83487363868804E-4	99.911737745323
798	0.153764945560207		0.226785704278746		1.34199333190918	0.153525360438102	0.297695666235524	0.5157124468068	3.06702584802311E-4	99.9294040506995
796	0.166780889989094		0.245604950495662		1.33337259292603	0.166541304866989	0.320876386574744	0.519020133094759	2.6533518961156E-4	99.9389229743889
794	0.166575495245042		0.244866265462908		1.32502686977386	0.166335910122937	0.317889209078456	0.523251200017566	2.71508068582218E-4	99.9375024946972
792	0.15645111116837		0.230248214183123		1.31713449954987	0.156211526046265	0.296741798892502	0.526422386833527	2.34006563673781E-4	99.9461325112263
790	0.151344757619743		0.223268131699112		1.30966234207153	0.151105172497639	0.285916819448797	0.528493471594103	3.21385891353613E-4	99.9260255383529
788	0.153869341044714		0.227142497490211		1.30193436145782	0.15362975592261	0.289273867792061	0.531087571425718	2.76196172202764E-4	99.9364236994142
786	0.157838573588058		0.233015024589243		1.29363858699799	0.157598988465953	0.295027575980078	0.53418392481588	3.4850888194872E-4	99.9197850537678
784	0.16262283202994		0.240070603365066		1.28498160839081	0.162383246907835	0.302119551994447	0.537480099635589	3.42719384416293E-4	99.9211170743874
782	0.171026260836999		0.252400803320375		1.27644824981689	0.170786675714894	0.315852086233707	0.5407172634235	4.09331298508781E-4	99.9057923886556
780	0.183012188752362		0.270002818936076		1.268270611763	0.182772603630257	0.336152681055834	0.543719012016148	4.17465404516602E-4	99.9039212235136
778	0.199017555204521		0.293265220996139		1.26044166088104	0.198777970082416	0.363398533403544	0.54699717200476	3.81518982136197E-4	99.9121905829558
776	0.218953836138348		0.322341604852123		1.25292003154755	0.218714251016244	0.39766035265907	0.550002658182411	5.3172039781124E-4	99.877641772634
774	0.262295263768204		0.385867541487935		1.24577045440674	0.262055678646099	0.474529905780756	0.552242704735189	6.25687903435015E-4	99.8560337670199
772	0.353623701589919		0.519742460081415		1.23883104324341	0.353384116467814	0.637735000343807	0.554123760303736	5.36548466500805E-4	99.8765314351678
770	0.435048844697177		0.637162784319258		1.23221707344055	0.434809259575073	0.779017538245672	0.558150796648625	7.23090898193821E-4	99.8336406984405
768	0.431851409712395		0.629434523546915		1.22665858268738	0.43161182459029	0.766023478307378	0.563444642119833	7.54533062819443E-4	99.8264131782417
766	0.368598150687799		0.536442473747595		1.22236526012421	0.368358565565694	0.649672134047636	0.566991481181006	5.88516230171291E-4	99.864580904662
764	0.326864354162664		0.477808909223582		1.2186872959137	0.32662476904056	0.576261361008709	0.566799704336976	7.55431993409653E-4	99.826206551339
762	0.329179336758395		0.481576507169954		1.214359998703	0.32893975163629	0.578790400746284	0.5683227489816	6.76745482107061E-4	99.8442949404207
760	0.346571060321713		0.507033413196162		1.20898902416229	0.346331475199609	0.607007597378653	0.570555420879792	6.38327200692002E-4	99.8531276934205
758	0.370636050459929		0.541778191499712		1.2031888961792	0.370396465337825	0.645900008308904	0.573457904587425	7.23580010512699E-4	99.833528263588
756	0.396031478825251		0.578143517282138		1.19780671596527	0.395791893703146	0.686569359234966	0.576477654266674	5.61025075752808E-4	99.8709026048527
754	0.420693620145163		0.613296886282297		1.1931779384613	0.420454035023058	0.725860420300527	0.579249154884321	6.81398662167135E-4	99.8432251801249
752	0.446941293074951		0.650947784874527		1.18890511989594	0.446701707952846	0.768024430816282	0.581624346868857	6.22497815539591E-4	99.8567672571005
750	0.489133249998645		0.711688293665023		1.1848680973053	0.48889366487654	0.837386033406664	0.583833077425016	5.47683994576426E-4	99.8739705836996
748	0.540951171239345		0.785899536044271		1.18107759952545	0.54071158611724	0.922356397472034	0.586228476973983	5.27433526882234E-4	99.8786276582255
746	0.594468640813097		0.861753278722131		1.17750906944275	0.594229055690992	1.00888804245175	0.588994051556929	5.85390472504548E-4	99.8652996648944
744	0.641800504027289		0.928198282729091		1.174187541008	0.641560918905184	1.0840610576311	0.591812531581134	4.66764663776898E-4	99.8925811996679
742	0.711942395226508		1.02747838792321		1.17108881473541	0.711702810104403	1.19746599934778	0.594340724907464	5.30263954330818E-4	99.8779767213616
740	0.819037595909416		1.17912678361852		1.16803753376007	0.818798010787311	1.3714770105203	0.597019129381309	5.19451498311454E-4	99.8804633743562
738	0.923812224702183		1.32533501820276		1.16498303413391	0.923572639580078	1.53822061521299	0.600416240977368	5.5964470716642E-4	99.871220036645
736	0.981656824385598		1.40360838062193		1.16204738616943	0.981417239263494	1.62530179976173	0.603836923953059	5.67175653549107E-4	99.8694882203003
734	0.999926373873144		1.42679430734813		1.15931880474091	0.999686788751039	1.64836534028958	0.6064716142208	5.327009903846E-4	99.8774162593768
732	1.00004512082091		1.42679818765817		1.15665113925934	0.999805535698807	1.64457683613764	0.607940908402245	3.84505618329588E-4	99.9115034907847
730	1.00145186825181		1.43048696022644		1.15388596057892	1.00121228312971	1.64490160784537	0.608676092451013	2.96057862713469E-4	99.9318533882231
728	1.01040376335765		1.44681596101568		1.15089321136475	1.01016417823554	1.65942828358948	0.608742292888048	2.07799898339872E-4	99.9521637503597
726	1.0226733830596		1.46817606224869		1.1476241350174	1.02243379793749	1.67922809689816	0.608871302133471	1.55619421360877E-4	99.9641737231632
724	1.04215475810382		1.49948360759479		1.14410185813904	1.04191517298172	1.70989324709379	0.609345159268044	7.28922685109998E-5	99.9832173433586
722	1.03100147598286		1.4854921067962		1.14027833938599	1.03076189086076	1.68822468267004	0.610559661543708	1.21223679424128E-4	99.9720911115391
720	0.9855042364796		1.42035716748127		1.13600122928619	0.985264651357495	1.60789889024169	0.612765303426136	1.29467421164428E-4	99.9701934676296
718	0.897800377882293		1.29369451997714		1.13137769699097	0.897560792760189	1.45805143700924	0.615589251502176	1.90343862603111E-4	99.9561813091365
716	0.766202217092216		1.10374416368048		1.12621939182281	0.765962631970111	1.23747794923003	0.618970731920275	1.45400471166464E-4	99.9665259080825
714	0.632708617161763		0.91305590913237		1.12039887905121	0.632469032039658	1.01743552474972	0.621630576733831	2.28410189981262E-4	99.9474204380451
712	0.519067833924442		0.752483126876038		1.11375534534454	0.518828248802338	0.832563729511454	0.623169410835113	2.71684379108262E-4	99.9374619230787
710	0.435012809541071		0.635034906520143		1.10628998279572	0.434773224418967	0.697051369459023	0.623731970796344	1.64381190847274E-4	99.962156994311
708	0.37263808750027		0.54906819238611		1.09837675094604	0.372398502378165	0.597641558908356	0.623113464629841	1.14638587891305E-4	99.9736069732162
706	0.32688984549557		0.48710484577091		1.09038031101227	0.326650260373466	0.525726975267016	0.621330606457012	8.50675157608141E-5	99.9804143988604
704	0.294534761396339		0.444359687555481		1.0826700925827	0.294295176274235	0.475730588282749	0.618617308877606	4.13629481095194E-4	99.9048036327997
702	0.280219359231861		0.427587936218689		1.07555782794952	0.279979774109756	0.454566435621674	0.61592707285317	5.60996416725691E-4	99.8709091953187
700	0.279789229228697		0.430152418325141		1.0694442987442	0.279549644106592	0.454725226040777	0.614766078716565	5.23137810502629E-4	99.8796155878369
698	0.293820749253196		0.453323656941049		1.0649927854538	0.293581164131091	0.477509654909286	0.614817231678518	4.41569177581406E-4	99.8983766109934
696	0.321046768431516		0.495290938877849		1.06259047985077	0.320807183309411	0.521026570014613	0.61572135044939	6.13071279771354E-4	99.8589347117729
694	0.347931334058954		0.535731398921335		1.06203079223633	0.347691748936849	0.563701148739177	0.616801561810769	6.45901598571288E-4	99.8513862005976
692	0.367236991940797		0.564515230593429		1.06277585029602	0.366997406818692	0.594687369342095	0.617126621042418	7.10226842590944E-4	99.8365978728441
690	0.383208615106958		0.588434166655081		1.06392598152161	0.382969029984853	0.620778914853873	0.616916942282102	6.49041544213003E-4	99.8506642784812
688	0.391417327842712		0.600855570108865		1.06461536884308	0.391177742720607	0.634405175188011	0.616605535420921	6.59685885643898E-4	99.8482170184257
686	0.392189895588648		0.602079892613739		1.0645604133606	0.391950310466543	0.635675792442609	0.616588385347284	5.90105849684389E-4	99.8642153775771
684	0.387538415504696		0.595149719911938		1.06376242637634	0.387298830382591	0.627827237019515	0.616887588727776	5.78486902446287E-4	99.8668871420578
682	0.385798103316825		0.593021185984896		1.06245732307434	0.38555851819472	0.624795495152609	0.6170955475608	5.71542463211034E-4	99.8684840425552
680	0.391183621178607		0.60204338901281		1.06094348430634	0.390944036056502	0.633477304894812	0.617139766548412	7.05279937509825E-4	99.8377350850509
678	0.40051555168331		0.616734026161141		1.05921316146851	0.400275966561205	0.648004664998223	0.617705378035053	7.44905958958355E-4	99.8286260774141
676	0.407499087422007		0.627877272576575		1.05730748176575	0.407259502299902	0.658620647448482	0.618352163536991	7.51957554572272E-4	99.8270051832601
674	0.415306973132996		0.640257884709722		1.05524814128876	0.415067388010891	0.670402455817892	0.619131663986087	7.13294544864355E-4	99.835892664997
672	0.420339604033296		0.648421414645364		1.05312037467957	0.420100018911192	0.67764785871809	0.619938532242833	6.55603109720684E-4	99.8491556898332
670	0.425118722361368		0.656344748353938		1.0509113073349	0.424879137239263	0.684553118500098	0.62066642566789	7.7657148967448E-4	99.8213475801802
668	0.43058209819403		0.665195492947479		1.0485315322876	0.430342513071925	0.692283241618023	0.6216278066563	7.35321890294888E-4	99.8308291331836
666	0.433319140419421		0.669801639169308		1.04595601558685	0.433079555297316	0.695400606898267	0.622777074108412	6.97853653197979E-4	99.8394422901289
664	0.437481951682084		0.6768247760431		1.04322910308838	0.437242366559979	0.700914368378615	0.623817097046287	6.57147401180286E-4	99.8488006405967
662	0.444147872675956		0.687473507995179		1.04042720794678	0.443908287553851	0.710111089459947	0.625125130620693	7.11699453620512E-4	99.8362593462635
660	0.452163088708382		0.700277893319992		1.03775990009308	0.451923503586277	0.721578479442375	0.62629847821337	8.16705744243641E-4	99.8121232625023
658	0.464722060826168		0.719832844718905		1.03528940677643	0.464482475704063	0.740105722288409	0.627589358811984	5.38956955795394E-4	99.875977546275
656	0.480256632602474		0.744311082536134		1.03309750556946	0.480017047480369	0.763827186551662	0.628436714392729	7.23562425084429E-4	99.8335323060418
654	0.497783307947479		0.771728784147769		1.03115320205688	0.497543722825375	0.790661504240219	0.62927525895356	7.46865202219814E-4	99.8281757191206
652	0.512019428496063		0.793649061464965		1.02945709228516	0.511779843373959	0.811926956251193	0.630327444400829	5.69846485234392E-4	99.86887404309
650	0.516580771861626		0.800939100498336		1.02793705463409	0.516341186739522	0.818221812449302	0.631052825631577	6.27010947542612E-4	99.8557295639012
648	0.517147674020006		0.802282726896775		1.02666783332825	0.516908088897901	0.818590990151294	0.631460760156137	6.44493778985098E-4	99.8517098818114
646	0.520911084954675		0.808373931706421		1.02560043334961	0.52067149983257	0.823987064574376	0.631892807809451	5.71572794998502E-4	99.8684770675885
644	0.529642485981798		0.822449741891876		1.02465677261353	0.529402900859693	0.83765178367117	0.632008325153303	5.97147605267695E-4	99.8625961682055
642	0.540118052041014		0.839041291508196		1.02378344535828	0.539878466918909	0.853923996840638	0.632232457357282	4.86677675592218E-4	99.8880010895575
640	0.554806992412007		0.862293084323001		1.02288675308228	0.554567407289902	0.876960028733834	0.632374782338249	6.85513626074863E-4	99.8422791646015
638	0.569580197919382		0.885514484681874		1.02184903621674	0.569340612797278	0.899799119857451	0.632741908980167	6.48615863044653E-4	99.8507621488665
636	0.585119864605336		0.909896344936011		1.02063095569611	0.584880279483231	0.923611408525873	0.633253632517086	5.41415156871669E-4	99.8754122281536
634	0.597968131155559		0.930208402349965		1.01923584938049	0.597728546033454	0.943051695877522	0.633823732724705	6.95600978605458E-4	99.8399601561568
632	0.611422151792717		0.95129235612314		1.0177036523819	0.611182566670613	0.963091241764602	0.634605051075729	6.19278280938388E-4	99.8575075232619
630	0.628887970509549		0.978502826595467		1.01619136333466	0.628648385387444	0.989311150848732	0.635440513177402	5.04035369608866E-4	99.8840088889121
628	0.642472377498725		1.00009459134073		1.01451146602631	0.64223279237662	1.00958078295514	0.636138091393483	5.89032627556757E-4	99.8644621608603
626	0.660393489487663		1.02806535844088		1.01275491714478	0.660153904365558	1.03616030309059	0.637115610776145	5.46889036892284E-4	99.8741533989467
624	0.674067343497966		1.04949182167314		1.01092803478241	0.673827758375861	1.05595181272649	0.638123586942876	5.74787028349126E-4	99.8677379391511
622	0.684579422313384		1.06613040040304		1.0092089176178	0.684339837191279	1.07094793314208	0.6390038357733	6.12288501958001E-4	99.8591146989297
620	0.693312074561205		1.07980173671316		1.00772297382355	0.6930724894391	1.08314800544704	0.639868684569156	4.9107783709459E-4	99.8869890548007
618	0.702994014219783		1.09506643239191		1.0068142414093	0.702754429097678	1.09753997014676	0.640299622986583	5.03360552007903E-4	99.8841640912977
616	0.710216844391117		1.10659906021448		1.00664889812469	0.709977259269013	1.10896903459009	0.640213781561035	4.87823405862056E-4	99.88773757123
614	0.716537816045548		1.11686362316174		1.00700271129608	0.716298230923443	1.11969525357666	0.639726058171063	4.88807318502236E-4	99.8875112715639
612	0.728928109880316		1.13605138553625		1.00780045986176	0.728688524758211	1.13991971303296	0.639245480560559	5.13544866216124E-4	99.8818218101345
610	0.73731676341125		1.14927672880615		1.00835275650024	0.737077178289145	1.15388022524642	0.638781358898613	4.52554540410033E-4	99.8958497402192
608	0.750435601859806		1.16991235341852		1.0085117816925	0.750196016737701	1.17487347181383	0.638533454653215	4.93282671879569E-4	99.8864819478533
606	0.76396017455967		1.19097807446472		1.00798010826111	0.763720589437566	1.19548792258624	0.638835888685002	4.00073376970402E-4	99.9079221183301
604	0.779362763914629		1.2147740841963		1.00688087940216	0.779123178792524	1.21814395872148	0.639598606728113	4.48397533086482E-4	99.8968059341929
602	0.79667858110618		1.24134103355303		1.00539457798004	0.796438995984076	1.24305606935599	0.640710435850815	2.90231746014399E-4	99.9331939959658
600	0.816284380893562		1.27147857615722		1.00393652915955	0.816044795771457	1.27150953770782	0.64179211525425	2.0164857181072E-4	99.9535794781123
598	0.833856623560163		1.29876407256918		1.00287997722626	0.833617038438058	1.29753546752722	0.642461851179087	2.97896252224018E-4	99.9314303727581
596	0.857386852653153		1.33485799790103		1.00218975543976	0.857147267531048	1.33281541434393	0.6431102599102	1.90359686979167E-4	99.9561776670359
594	0.877328695224836		1.36567399966999		1.00178515911102	0.877089110102732	1.3631483536061	0.643428947247352	2.42248597940876E-4	99.9442357529971
592	0.895050164270236		1.39302372642838		1.00154709815979	0.894810579148131	1.39021645895664	0.643648385388624	1.99224673032266E-4	99.9541373439047
590	0.914852044073924		1.42330935100219		1.00122630596161	0.914612458951819	1.4200939412731	0.644050673247631	2.11568828650354E-4	99.9512963409851
588	0.93163039331108		1.44898054077998		1.00070452690125	0.931390808188975	1.44504314936184	0.644541866172159	1.57370405650817E-4	99.9637706893873
586	0.943109629105055		1.46674111810159		0.999973237514496	0.94287004398295	1.46174725062866	0.645029462909845	2.06787111929176E-4	99.9523968417652
584	0.960224460579636		1.49272020277562		0.999053955078125	0.959984875457532	1.48635796338436	0.645863849157639	1.70705662899726E-4	99.9607012924975
582	0.974125206678877		1.51393768163371		0.998229086399078	0.973885621556772	1.50631065679386	0.646537032161519	1.11231691185961E-4	99.9743912362045
580	0.988048020038771		1.53543674770991		0.997582137584686	0.987808434916666	1.52678150636537	0.646987424722104	1.937561648262E-4	99.9553959448872
578	1.00479049891474		1.56111562181385		0.997147619724274	1.00455091379264	1.55172211279072	0.647378100442218	1.8983179111276E-4	99.9562991663579
576	1.02208295795209		1.58763940100474		0.996688485145569	1.02184337282999	1.57744357082491	0.647784422675496	2.61099291717626E-4	99.9398977349614
574	1.04148951152445		1.61742116663281		0.996220171451569	1.04124992640234	1.60637157358801	0.648199920567938	3.29700070706447E-4	99.9241125622951
572	1.0598463107675		1.64543414869861		0.9957315325737	1.0596067256454	1.63347706937019	0.648681726553987	3.53676624029983E-4	99.9185960987445
570	1.08242787500833		1.67971213775842		0.995352268218994	1.08218828988622	1.66697356816895	0.649193430868212	2.97707738070709E-4	99.9314737499915
568	1.10008548144412		1.70651628041254		0.995181918144226	1.09984589632201	1.69336327122286	0.649503809969707	2.91066270821726E-4	99.9330019680842
566	1.123143054289		1.74158171301169		0.995282471179962	1.12290346916689	1.72843437881086	0.64966508589087	3.71886118238715E-4	99.9144067087586
564	1.14871954954813		1.78055956014598		0.995623111724854	1.14847996442602	1.76783318981921	0.649654034690611	3.99518032608815E-4	99.9080498734341
562	1.17602902667289		1.82164649540661		0.996170461177826	1.17578944155079	1.80973465738965	0.649702671466067	2.80358569328246E-4	99.9354658859796
560	1.20418442359408		1.86428820055848		0.99668163061142	1.20394483847197	1.85316349890481	0.649670058353449	3.39434335454886E-4	99.9218728910441
558	1.23701569024756		1.91403708494222		0.997178435325623	1.23677610512545	1.90369573921906	0.649671100084936	4.24136171561914E-4	99.9023867101938
556	1.26499748029688		1.95569957409459		0.997675478458405	1.26475789517478	1.94621027928419	0.64985675424546	2.81816154125863E-4	99.93513048183
554	1.29759556671448		2.00481220054629		0.99818366765976	1.29735598159237	1.99622504834018	0.649904670152847	2.88984629411705E-4	99.9334809637481
552	1.3232138619002		2.04295580848714		0.998678505420685	1.32297427677809	2.03530785469466	0.650011875956019	3.14487611597286E-4	99.9276127635708
550	1.35663130561433		2.09288635790921		0.999059557914734	1.35639172049222	2.08596803271428	0.650245688917521	3.55170666651247E-4	99.9182523633514
548	1.38574633235346		2.13575032105581		0.999196529388428	1.38550674723135	2.12908354299598	0.650752645094286	3.2474144030449E-4	99.9252534691953
546	1.4127339711006		2.1754461460925		0.99907249212265	1.41249438597849	2.16847825178525	0.651375859921871	2.70470700053114E-4	99.93774120863
544	1.43876672703906		2.21340964691737		0.998806416988373	1.43852714191695	2.20581892622986	0.652151055923548	3.44713882075462E-4	99.9206581876532
542	1.46006837795492		2.24401108722478		0.998482644557953	1.45982879283281	2.23565889646469	0.652974742766565	3.71891852196635E-4	99.9144053895961
540	1.48045437183098		2.27288067939458		0.99831360578537	1.48021478670887	2.26410131578568	0.653775860818849	2.62220654929941E-4	99.939639687059
538	1.50121670695309		2.30215901179712		0.998360693454742	1.50097712183099	2.29343844337277	0.65446584196244	2.89272065324197E-4	99.9334148232306
536	1.52655790253055		2.3383712675118		0.998661279678345	1.52631831740844	2.3302927289598	0.654989949734668	2.84798368067923E-4	99.9344442494955
534	1.54665188896149		2.36664553497694		0.999168038368225	1.54641230383938	2.35972595241841	0.655335549560112	3.30903009185655E-4	99.9238357860557
532	1.56687771895879		2.39430260273753		0.999805629253387	1.56663813383669	2.38888343697443	0.655803506185662	2.44753505078457E-4	99.943659300111
530	1.59079883702727		2.42769472906894		1.0004802942276	1.59055925190517	2.42390361066123	0.656197401954969	2.3701950143633E-4	99.9454391327818
528	1.60730895659021		2.44990477536691		1.00102841854095	1.6070693714681	2.44746446087203	0.656626233867971	3.48683651382939E-4	99.9197448439068
526	1.63090580097834		2.48237965316684		1.0014044046402	1.63066621585623	2.48090421376524	0.657287051555041	3.25832611518663E-4	99.9250024058553
524	1.6527782938719		2.51218851535242		1.00163662433624	1.65253870874979	2.51133716871892	0.658031398305939	2.92717456256644E-4	99.9326220240359
522	1.68278400206499		2.55369524126078		1.00181710720062	1.68254441694288	2.5533718295301	0.658950019532614	3.03254514795258E-4	99.9301974408141
520	1.71190953142859		2.59441170838324		1.0020604133606	1.71166994630649	2.59479231366798	0.65965585657485	4.56400610408807E-4	99.8949650761366
518	1.74682407444093		2.64307485516145		1.00242054462433	1.74658448931883	2.64450579617261	0.660457803437852	3.15112465666966E-4	99.9274689898569
516	1.79213843735801		2.7072732435768		1.00289297103882	1.79189885223591	2.71013622629034	0.661184052245474	4.15921879691219E-4	99.9042762923966
514	1.83369757873248		2.76538593865709		1.00349617004395	1.83345799361037	2.77008212906336	0.661878568282852	4.06728732784804E-4	99.9063910888022
512	1.88932512977973		2.84445044029429		1.00418245792389	1.88908554465763	2.85137176512257	0.662518149251724	4.33341290039244E-4	99.900269244745
510	1.95117492353894		2.93274472705086		1.00497353076935	1.95093533841683	2.94235143416929	0.663053133545089	6.15063773869004E-4	99.8584765712948
508	2.02748272963051		3.04140369878465		1.00580215454102	2.02724314450841	3.05406689842573	0.663784786624479	5.39762700876356E-4	99.8757922468841
506	2.11469776529276		3.16605504106001		1.00663805007935	2.11445818017066	3.1820838366852	0.664488520319219	6.43632356426863E-4	99.8519079377487
504	2.19779980811256		3.2837346182265		1.00742840766907	2.19756022299045	3.30313598533494	0.665295111296369	6.85564520731207E-4	99.8422674641576
502	2.30339983210466		3.43440482026117		1.00814700126648	2.30316024698256	3.4573898079196	0.666155792357248	7.29107190417018E-4	99.8322577101205
500	2.41235798596616		3.58942521759096		1.00866842269897	2.41211840084406	3.61554217635057	0.667152610366942	8.09706958525245E-4	99.8137317777396
498	2.60552227962791		3.86863172282296		1.00904226303101	2.6052826945058	3.89861335987394	0.668258802301453	7.21638998880508E-4	99.8339744550105
496	2.80989084570582		4.16297113815074		1.00876116752625	2.80965126058372	4.19444546989908	0.669850467897803	8.70292729329803E-4	99.7998083448206
494	2.99677556175594		4.42674088807333		1.00816118717194	2.99653597663384	4.45787316597316	0.672189599180687	9.410625890467E-4	99.7835469293389
492	3.07224742424734		4.52428687157028		1.00794267654419	3.07200783912524	4.55522771839963	0.674391716294814	8.00944119007096E-4	99.8157457580543
490	3.11346492896546		4.57369564822832		1.00791668891907	3.11322534384335	4.60491020226328	0.676066461038312	9.9645509177008E-4	99.7708207535515
488	3.21544023373377		4.71306950021047		1.00887954235077	3.21520064861166	4.74992065812254	0.676895653638666	0.00102107173191668	99.7651657132753
486	3.42466157078838		5.0066699262834		1.00954282283783	3.42442198566628	5.04944566169361	0.678177807050152	0.00109042997719064	99.7492341631065
484	3.63033697279858		5.28957283042641		1.01009511947632	3.63009738767647	5.33796693493465	0.680052430433594	0.00108497280487125	99.7504875803206
482	3.70870394025888		5.3853786527975		1.01073944568634	3.70846435513677	5.438206676673	0.681927807386229	0.00112010280228473	99.7424191088293
480	3.69456770984661		5.34705163879049		1.01162850856781	3.69432812472451	5.40421751183695	0.683600931426753	0.00113523375486779	99.7389441129756
478	3.79276872263781		5.47434394785216		1.0127238035202	3.79252913751571	5.53898063499015	0.684698031539959	0.00119231488154908	99.72583587095
476	4.06414471032298		5.84947520856024		1.01399922370911	4.06390512520087	5.92633921154562	0.685736165301444	0.00105005203178761	99.7585086451417
474	4.53774729632118		6.51208537436962		1.01552999019623	4.53750771119908	6.60818630279065	0.686649483426773	0.00105785309872792	99.7567167370084
472	5.07554015305899		7.26488285671315		1.01726651191711	5.07530056793688	7.38528174551029	0.687218273158271	0.00124648725919503	99.7133971940991
470	5.5161118920212		7.87153264676956		1.01911818981171	5.5158723068991	8.01697262980036	0.688024340559144	0.00122559777150246	99.718193506201
468	5.70688695229406		8.11066523858747		1.02110064029694	5.70664736717196	8.27674617359711	0.689479566907127	0.0013601559647718	99.6873024355504
466	5.53459732895906		7.82572240525339		1.02326714992523	5.53435774383695	8.00273463246515	0.691558323249332	0.00130316235834975	99.7003855207265
464	5.33569286198041		7.51840009202827		1.02553856372833	5.3354532768583	7.70532794836966	0.692436884271383	0.00133910660296228	99.6921341915052
462	5.17678441534975		7.27918396749585		1.027627825737	5.17654483022764	7.47520035834992	0.69249579704514	0.00125763603859685	99.7108374830133
460	5.03444125185602		7.06921006696767		1.02919805049896	5.03420166673392	7.27051780411776	0.692413085610316	0.00110484057423007	99.7459243762447
458	4.84099045917198		6.79862173797077		1.03004312515259	4.84075087404988	6.99776997920609	0.691756214970511	0.00117732308940084	99.7292784539681
456	4.66303446623072		6.55949208804738		1.03006207942963	4.66279488110861	6.75158036379899	0.690622732732302	0.00120373382500262	99.7232138051457
454	4.52009441553234		6.37712578018233		1.02918720245361	4.51985483041024	6.55815687977697	0.68919589959	0.00110735965912611	99.7453458109318
452	4.34377208957674		6.14982379134449		1.02735614776611	4.34353250445463	6.31296899050406	0.688033239350321	0.00107121324528921	99.7536479808717
450	4.06278284509405		5.77196312390903		1.02460694313049	4.06254325997194	5.90891682465023	0.687527575785841	0.00124137723219718	99.714570455954
448	3.70253824204132		5.27980353114904		1.02102768421173	3.70229865691922	5.38576663922226	0.687422776537874	0.00111706796026914	99.7431161094924
446	3.41252551126656		4.88639270508431		1.01675081253052	3.41228592614446	4.96320601077263	0.687516480020797	0.00122212115603679	99.7189917737725
444	3.27786717440229		4.70567078197832		1.0121191740036	3.27762758928018	4.75768483111822	0.688912297813941	0.00115299293729131	99.7348656685977
442	3.22789091727777		4.6381721372285		1.00782012939453	3.22765133215566	4.66944975030114	0.691227340426462	0.00143933855054619	99.6691286406746
440	3.19240709173596		4.58504712523374		1.0045450925827	3.19216750661385	4.60090932269636	0.693812305942836	0.00139603335101672	99.6790675344019
438	3.16237435259815		4.53361559467753		1.00285410881042	3.16213476747605	4.54158613906758	0.696262202377881	0.0013523562247196	99.6890927922324
436	3.12316055880953		4.4669178410378		1.00277864933014	3.12292097368742	4.47436132536537	0.697959048587211	0.00150743084012009	99.653502913335
434	3.11676329321009		4.44244809015901		1.00421047210693	3.11652370808799	4.45617728567111	0.699371570810076	0.00143811178080126	99.6694101806188
432	3.12163908664764		4.43329917662135		1.00665414333344	3.12139950152553	4.45781126875327	0.70020898448635	0.00143925671979334	99.66914742056
430	3.1398724117701		4.44276596125149		1.00962591171265	3.13963282664799	4.48052919376635	0.700728126270461	0.00149777972336844	99.6557174896603
428	3.14003527798038		4.43162067321009		1.01240730285645	3.13979569285828	4.48158891157153	0.700598773071595	0.00156332065483921	99.6406792241528
426	3.12173397190117		4.40224672313215		1.01423370838165	3.12149438677906	4.45988174836107	0.699905190967487	0.00153290203196955	99.64765844797
424	3.10341706523608		4.38316074908732		1.01462960243225	3.10317748011397	4.44225741583625	0.698558680785004	0.00162403065863301	99.6267514321183
422	3.0751933348801		4.3578096871769		1.01337480545044	3.074953749758	4.41107352872694	0.697098728854209	0.0015598271650295	99.6414807427354
420	3.43743693694827		4.8925118212708		1.01114857196808	3.43719735182617	4.94204635663134	0.695500831798971	0.00174091841834064	99.5999410965126
418	3.23997800219041		4.63871609474586		1.0079870223999	3.2397384170683	4.67077130399426	0.693619577198696	0.00161907283006179	99.6278887598869
416	3.03878041998654		4.38038682331715		1.00422537326813	3.03854083486443	4.39391991061496	0.691533049458602	0.00168371719604917	99.6130603366096
414	2.89937088685219		4.20609533231437		1	2.89913130173008	4.20114058587802	0.690081953333199	0.00179184871491739	99.5882615626397
412	2.77946350207741		4.05524619961635		0.995681941509247	2.7792239169553	4.03280205778057	0.689154557336452	0.00181066808958925	99.5839461769311
410	2.66711169588572		3.91103717919649		0.991583049297333	2.66687211076361	3.87320512948304	0.688543989179205	0.00188299719602462	99.5673624569371
408	2.58911582217394		3.81190660097931		0.988153755664825	2.58887623705183	3.7618537727018	0.688191618674342	0.00191417835695479	99.5602140481215
406	2.5259891134418		3.72912630345852		0.985654711723328	2.5257495283197	3.67074724244491	0.688075032547711	0.00193460612622474	99.5555311766251
404	2.51029780491075		3.71227959942428		0.98426741361618	2.51005821978865	3.64899904448541	0.687875822708695	0.00198242282983669	99.5445705140577
402	2.52815112515191		3.73938061249958		0.984128773212433	2.52791154002981	3.67515594622158	0.687837897771045	0.00194404543928517	99.5533673784365
400	2.57237574655723		3.80177577826589		0.985299050807953	2.57213616143513	3.74100415874932	0.687552339502087	0.00206901780549066	99.5247240718632
398	2.62070638601255		3.86519705486793		0.987817049026489	2.62046680089044	3.81321316564209	0.687207005499047	0.00210837063554141	99.5157062227451
396	2.64503161784894		3.89019748201413		0.991658091545105	2.64479203272684	3.85283239635255	0.68645395403928	0.00210342027911513	99.516840570622
394	2.65236740883526		3.88776646395744		0.996615350246429	2.65212782371315	3.86966975979822	0.685362831543393	0.00214074273154087	99.5082886476507
392	2.65770166174363		3.88087657140685		1.0025714635849	2.65746207662152	3.88588861680133	0.683874999692867	0.00213834105768719	99.5088389358211
390	2.67119485016628		3.88502815830432		1.0093150138855	2.67095526504417	3.91621634957627	0.682024440588724	0.00224099819129473	99.4853201360999
388	2.69454377585423		3.90293070950231		1.01699423789978	2.69430419073212	3.96421909390993	0.67965572207431	0.00221327986652082	99.4916698700471
386	2.73094675422439		3.93988279675701		1.02549052238464	2.73070716910229	4.03523142186932	0.676716372276188	0.00224336236990434	99.4847785671059
384	2.76196411249889		3.96991861206668		1.03449034690857	2.76172452737679	4.10171684483586	0.673309404781038	0.00231968128067661	99.4672975647678
382	2.79534565533426		4.00521720811703		1.04369103908539	2.79510607021215	4.17503808524579	0.66948037673951	0.00238899515027317	99.4514237431395
380	2.81228776952437		4.01701978375347		1.0526317358017	2.81204818440227	4.22322698438042	0.665852959076699	0.00236088207975643	99.4578617143774
378	2.81300988866211		4.00863097763464		1.06117713451386	2.81277030354001	4.24860967054424	0.662044885657782	0.00242919072775299	99.4422195681184
376	2.80969560644879		3.99541304555855		1.06922745704651	2.80945602132669	4.26670757962057	0.65845994104347	0.00254755759157247	99.4151203065533
374	2.8108018686514		3.98933012321958		1.07646524906158	2.8105622835293	4.28904163232381	0.655289112222148	0.00259333404412471	99.4046420898241
372	2.81799514254844		3.99285295035394		1.08239138126373	2.81775555742634	4.31646664527752	0.652792153626192	0.00271217698620079	99.3774441299198
370	2.82541993499924		3.99779129261936		1.08660447597504	2.82518034987714	4.33863406291917	0.65116815774416	0.00280649180986133	99.3558648816191
368	2.84162060632123		4.01637851178337		1.08728444576263	2.84138102119912	4.3615586654244	0.651460002985571	0.00292017567587922	99.3298602209977
366	2.86297926102104		4.04261082369027		1.08414971828461	2.86273967589893	4.37742369868498	0.653978201095528	0.00302975394116332	99.30480113965
364	2.896688892234		4.08681585281051		1.07767069339752	2.89644930711189	4.39890208885862	0.658448232900639	0.00314635761021793	99.2781423854493
362	2.92975100147689		4.13030811337892		1.06871128082275	2.92951141635478	4.40881168063165	0.664467350516334	0.00324562151478897	99.2554536101338
360	2.96805742222226		4.18176919715766		1.05907070636749	2.96781783710015	4.42354183069137	0.670914382793641	0.00343055419866164	99.2131973286733
358	3.01574821793013		4.24590093518265		1.04836678504944	3.01550863280803	4.44606712146363	0.678241814715413	0.00349364924086333	99.1987845133288
356	3.05340079346328		4.29687372550632		1.03684234619141	3.05316120834117	4.45004334392234	0.686096959597267	0.00366949088452618	99.1586280130413
354	3.08320540760199		4.33754978735551		1.02479386329651	3.08296582247989	4.44001681008284	0.694359042848391	0.00379939318984984	99.1289730008663
352	3.12497797823586		4.39422528761732		1.01273274421692	3.12473839311376	4.44515800028069	0.702953279257215	0.00385354289565669	99.1166139442308
350	3.14846436730217		4.42713488221239		1.00126516819	3.14822478218007	4.42777493741428	0.711017345434128	0.00406948202924436	99.0673436069525
348	3.16660081742501		4.45285968679709		0.990810453891754	3.16636123230291	4.40703071282621	0.718479502102752	0.00417399921135416	99.0435049578328
346	3.18625902047146		4.48110247232877		0.981342911720276	3.18601943534936	4.39263584261736	0.72530925610509	0.00430674035616658	99.0132371561719
344	3.20347673280501		4.50672385894515		0.972720801830292	3.2032371476829	4.3789644607744	0.731505627957626	0.00444533942373865	98.9816434947822
342	3.20791414733806		4.5160251162322		0.964752793312073	3.20767456221595	4.35206774008787	0.737046101711456	0.00467540351631559	98.9292226321428
340	3.20778157897921		4.5191984682703		0.957048177719116	3.20754199385711	4.32034872776114	0.742426640989996	0.00476657643824414	98.9084562628498
338	3.20039796084465		4.5147884585223		0.950148642063141	3.20015837572255	4.28501237746904	0.746825935100971	0.00492088035301419	98.8733205388407
336	3.18190606638729		4.49666707187596		0.944044172763824	3.18166648126519	4.24037484656271	0.750326703745137	0.00509712813531976	98.833203363331
334	3.14863312950853		4.46162988939877		0.938558220863342	3.14839354438642	4.18284909314469	0.75269116199921	0.00525508580396853	98.7972631790716
332	3.09244433578773		4.39852156445563		0.933434963226318	3.09220475066563	4.1011088812102	0.753992356758192	0.00544783501191715	98.7534245631628
330	3.03011906748209		4.33085040994087		0.928119659423828	3.02987948235998	4.01494880991483	0.754649592263233	0.00557335379522385	98.724887201669
328	2.93625972947822		4.22351052999868		0.923022568225861	2.93602014435612	3.89382219354777	0.754020085771054	0.00583711857307444	98.6649457494891
326	2.85336258625478		4.13388186824745		0.918195605278015	2.85312300113267	3.79116273776016	0.752572020376607	0.0060427240394921	98.6182464432813
324	2.76327274286476		4.03412499608746		0.913534343242645	2.76303315774265	3.68078539782784	0.750664018438352	0.00630560199171321	98.5585709942822
322	2.67325485992367		3.93329483291614		0.908978700637817	2.67301527480156	3.57077746747186	0.748580750033153	0.00651085765992783	98.5120013820132
320	2.58305974309657		3.83031160578858		0.904343068599701	2.58282015797447	3.45943496067551	0.7466017391089	0.00690091553982948	98.4235633901557
318	2.52724729214771		3.77476172808086		0.899914681911469	2.52700770702561	3.39250465075425	0.744879658886769	0.00717844847739368	98.3606865734151
316	2.46318220451308		3.70599750716422		0.895963847637177	2.46294261939097	3.31600051217146	0.742744945409592	0.00746233891215228	98.2964109847736
314	2.41872933603836		3.66488989014098		0.892610192298889	2.41848975091626	3.26689541242365	0.740302166307191	0.00780507913126684	98.2188671880975
312	2.3657482571485		3.61137071310874		0.88999992609024	2.36550867202639	3.20970994378909	0.736985183537766	0.00821250179602889	98.1267687851829
310	2.30459402155302		3.54639318651291		0.888025283813477	2.30435443643091	3.14488687585694	0.732730469296452	0.00849013184220429	98.0640596452203
308	2.24035193196596		3.47787276442342		0.887133359909058	2.24011234684386	3.08094142998557	0.727086962784082	0.0089422543010261	97.9620231351695
306	2.17826507918671		3.41275237894144		0.887335538864136	2.1780254940646	3.02385994857883	0.720279884353851	0.00928601688513737	97.8845127009613
304	2.10606338269787		3.33291516002217		0.888603985309601	2.10582379757576	2.95723888646495	0.712091203458047	0.00975005006919605	97.7799813134924
302	2.02509923507217		3.24092492601475		0.891015827655792	2.02485964995006	2.88330064782651	0.702271423369062	0.0102025780453785	97.6781491835608
300	1.94443707719135		3.14840584679459		0.894482612609863	1.94419749206925	2.81176235285979	0.691451569543862	0.0107311362954264	97.5593422698322
298	1.84953206048073		3.03189066171329		0.900495111942291	1.84929247535862	2.72574099586945	0.678454951575009	0.0112907580067359	97.4337105437144
296	1.75638422149746		2.91756333062715		0.909423410892487	1.75614463637536	2.64879443322953	0.662997707313278	0.0118604948293847	97.3059742288899
294	1.65309475657815		2.78650896103363		0.92107892036438	1.65285517145605	2.56203095291625	0.645134739521656	0.0125782815791031	97.1452831424831
292	1.55077481069794		2.65382404945444		0.934718489646912	1.55053522557584	2.47594711418914	0.626239234549899	0.0132611097872399	96.9926645332694
290	1.43945469395525		2.50451969214087		0.948803901672363	1.43921510883315	2.37159697296792	0.606854843060477	0.0140926422500391	96.8071328487893
288	1.31949643027443		2.33810355511052		0.962523102760315	1.31925684515232	2.2457096305266	0.587456555923024	0.0149147169229893	96.6240602517928
286	1.20704297613393		2.18316809430383		0.97529125213623	1.20680339101182	2.12439242346153	0.568069899743584	0.0157974797631552	96.427858126055
284	1.09605757618678		2.02566533614412		0.986907541751862	1.09581799106467	1.99425452068045	0.549487530152756	0.0165514218168802	96.2606030678747
282	0.99245065521405		1.87636029523681		0.996903836727142	0.992211070091946	1.86561137167164	0.531842314620378	0.0173649991463663	96.080443894669
280	0.896626474993918		1.7370032035085		1.00535523891449	0.896386889871813	1.74132399037124	0.514773181113014	0.0182755486482824	95.8792109624383
278	0.810476612667257		1.61047677121378		1.00982344150543	0.810237027545152	1.62129377647351	0.499747201464934	0.0191261977575801	95.6915969219824
276	0.734857997246758		1.49741010754204		1.01022160053253	0.734618412124653	1.50771064361954	0.487240980378743	0.0199250132088118	95.5157492589094
274	0.668356570815707		1.39901611226869		1.00653350353241	0.668116985693602	1.40316947069041	0.476148462213097	0.0208848015675545	95.3048930723737
272	0.619059000211909		1.32702082141868		0.99854451417923	0.618819415089804	1.32014182655607	0.468752222406401	0.0217316759352015	95.1192295835684
270	0.579704231997581		1.2697703470991		0.988452672958374	0.579464646875476	1.25021036127455	0.463493716597206	0.0224976222352802	94.9516197794466
268	0.546191658889303		1.22268583343226		0.972882628440857	0.545952073767198	1.18470942065072	0.460832052358733	0.0233499296538648	94.7654589732499
266	0.516746410593875		1.1811791288862		0.953488886356354	0.51650682547177	1.1215168765273	0.460543070088342	0.0240283584609545	94.617537620702
264	0.488632484009435		1.13988046266938		0.931065678596497	0.48839289888733	1.05669038214113	0.462191108333664	0.0246727664914052	94.4772478162346
262	0.461372788683789		1.09916767901859		0.906938552856445	0.461133203561684	0.992383893592943	0.464672196454281	0.0253494064836333	94.3301648739733
260	0.430506173511716		1.04886511269127		0.883175373077393	0.430266588389611	0.921955927176545	0.466688890115698	0.0259549171814968	94.1987376355551
258	0.398893043450047		0.994312164911202		0.859192788600922	0.398653458327943	0.850048759302419	0.468977166268782	0.026537082686484	94.0725501780817
256	0.365719226138756		0.934233197866109		0.834685504436493	0.365479641016651	0.775655252993613	0.471188249684503	0.0272142698593773	93.925978932134
254	0.33317370624927		0.872870075552711		0.80953711271286	0.332934121127165	0.702609669612092	0.473853599696367	0.02789656748092	93.7785325326056
252	0.301120813310941		0.809928303343276		0.784095585346222	0.300881228188836	0.631176212291168	0.476699251856527	0.0287260241700409	93.599596348027
250	0.270717381730767		0.747682232730183		0.758817315101624	0.270477796608662	0.563594477001665	0.479915626653422	0.0294198966520338	93.450171632121
248	0.242761310370306		0.688901898492401		0.735633492469788	0.242521725248201	0.503134432131759	0.48202172175068	0.0301686216460378	93.2892020508379
246	0.214435410214936		0.626657771849026		0.715051770210266	0.214195825092831	0.444549848866414	0.481826336549259	0.0312171200364202	93.0642496195326
244	0.187354224410061		0.564545357546434		0.697206974029541	0.187114639287956	0.390150476667405	0.479596080174644	0.0324503977258457	92.8003474559772
242	0.162438892478368		0.504919051632345		0.681808710098267	0.162199307356263	0.340880018020859	0.475825213510572	0.0339446031687551	92.4816132185485
240	0.138735877436361		0.445231998953363		0.667849898338318	0.138496292314257	0.294039118334162	0.47101315328004	0.0358445667090698	92.0779058120333
238	0.115656067767536		0.383429786675898		0.657016694545746	0.115416482645432	0.248664419906257	0.464145544782571	0.03835297272763	91.5476134684388
236	0.0967816476769393		0.329991147057885		0.649702370166779	0.0965420625548345	0.211176919874291	0.457161997685655	0.0412135850344022	90.9465889382786
234	0.0784813585960109		0.2755824299291		0.645702123641968	0.0782417734739061	0.174744869947576	0.447748614865653	0.0448083103731556	90.1969162420805
232	0.0625681905153707		0.226273956920561		0.644411623477936	0.0623286053932659	0.142620671734987	0.437023642050172	0.0496614758982933	89.1945921733287
230	0.0481886415463393		0.180141487546181		0.644490897655487	0.0479490564242345	0.112906260035216	0.424680229504361	0.056352636406262	87.8309061923768
228	0.0363652725673991		0.141283674629245		0.646355271339417	0.0361256874452943	0.0881169213735317	0.40997446213714	0.0645971317460062	86.1792813645119
226	0.0275055548522514		0.11167794583519		0.649210751056671	0.0272659697301466	0.0692858484368931	0.393528698071454	0.074473042881183	84.2416679511804
224	0.0206933966763465		0.0884767782490643		0.652522802352905	0.0204538115542417	0.0545000302566421	0.375299086219294	0.0867490813209348	81.8937802300041
222	0.0160654395892023		0.0722716046306505		0.655378818511963	0.0158258544670975	0.0441180429893193	0.358716148649858	0.0984700734717983	79.7131417730632
220	0.0126399787874601		0.0602696116900217		0.656985223293304	0.0124003936653553	0.0363410491001238	0.341222776238262	0.114738164545916	76.7824269877053
218	0.0100720202043526		0.0510954248294021		0.657121121883392	0.00983243508224778	0.0303200143501045	0.324288602528775	0.131909398700387	73.805818570319
216	0.00823618871258847		0.0444319488657326		0.655903518199921	0.00799660359048367	0.0258932359621238	0.308829827302427	0.149320468971291	70.9054358644862
214	0.00690265953166821		0.0395935205784864		0.654084265232086	0.00666307440956341	0.0226566771333008	0.294088774375922	0.168212635893433	67.8871167602365
212	0.00589098904163106		0.0358317661760982		0.652615189552307	0.00565140391952626	0.0201508120902674	0.280455392775749	0.187502561879391	64.9377800920789
210	0.00506595576169409		0.0327773367525731		0.652986526489258	0.00482637063958929	0.0181677766085255	0.265655547378563	0.208032108187263	61.939528035531
208	0.00428047126013302		0.0299253160234602		0.655270755290985	0.00404088613802822	0.0163624839933931	0.246960433370622	0.232271673631812	58.5771619473674
206	0.00354822090638475		0.0272433390005618		0.661797821521759	0.00330863578427995	0.0147505420037827	0.224306048105315	0.262976246991846	54.5787711218263
204	0.00285007399373862		0.0247209149326532		0.668592393398285	0.00261048887163382	0.0132155099032584	0.197532209558571	0.304925299515119	49.5535417659338
202	0.00215578049751996		0.0221169205735514		0.687935590744019	0.00191619537541516	0.0118064704035287	0.162300442886169	0.365758688696649	43.0765894687463
200	0.00150920595519693		0.019367260950902		0.715800225734711	0.00126962083309213	0.0103164811429225	0.123067237316973	0.45136980712938	35.3696036264412
