Wavelength	I1	I1 dark	R1	R1dark	XCorrect	I1c	R1c	I1c/R1c	Abs	Percent T
nm	uA	uA	uA	uA		uA	uA	uA/uA	OD	T*100
	Abs Detector Raw	Dark Offset for Abs Detector	Ref Detector Raw	Dark Offset for Ref Detector	Linear interp	Dark subtracted Abs Detector	Corrected Ref Detector	Corrected Intensity 	-Log(T)	% Transmittance
800	0.142817539788826	2.17555488670791E-4	0.209831278534725	0.00492964520868803	1.35067892074585	0.142599984300156	0.276756316959873	0.515254668318307	6.49776134184315E-4	99.8504953856271
798	0.146939177498187		0.21607557115046		1.34199333190918	0.146721622009516	0.283356424673647	0.517798818849799	5.6855022530839E-4	99.8691721270351
796	0.15941297677238		0.234347481554133		1.33337259292603	0.159195421283709	0.305899455311405	0.520417472210432	5.55973718833428E-4	99.8720642279675
794	0.167022176075166		0.245036217473337		1.32502686977386	0.166804620586495	0.31814765985996	0.524299379287963	5.46324647054361E-4	99.8742831910491
792	0.16017371857537		0.234920076385219		1.31713449954987	0.1599561630867	0.302928331468958	0.52803302454756	6.14726798338174E-4	99.8585540529981
790	0.151134641615639		0.222087018269994		1.30966234207153	0.150917086126968	0.284402833801571	0.530645507675439	6.26133844340886E-4	99.8559312332113
788	0.150036969157562		0.220876816629932		1.30193436145782	0.149819413668891	0.281149042732941	0.53288253167272	4.73119079637059E-4	99.8911196237442
786	0.153817144923707		0.226406852008226		1.29363858699799	0.153599589435036	0.286511460856415	0.536102775700177	4.92080844692515E-4	99.8867583650327
784	0.157885972345803		0.232398626543305		1.28498160839081	0.157668416857133	0.292293457494375	0.539418221019083	5.00291580647428E-4	99.8848699319999
782	0.164019934380314		0.241353420819047		1.27644824981689	0.163802378891643	0.301782714592944	0.542782508642306	4.40836269549546E-4	99.8985451979486
780	0.174494434422384		0.25663413040612		1.268270611763	0.174276878933713	0.319229401424838	0.54592991170566	4.60888900662244E-4	99.8939326999494
778	0.187863130200264		0.276044612544441		1.26044166088104	0.187645574711593	0.341724599718386	0.549113452371386	3.62382900877361E-4	99.916593056393
776	0.204816141073075		0.300635554828993		1.25292003154755	0.204598585584404	0.370495857610268	0.552229077280602	4.62178320147182E-4	99.8936361154949
774	0.230755766900211		0.338275993521363		1.24577045440674	0.23053821141154	0.415273031812308	0.55514852579143	2.98307536382804E-4	99.9313357360622
772	0.297431026223939		0.435317214752257		1.23883104324341	0.297213470735268	0.533177481776655	0.557438153135974	1.90926432038677E-4	99.9560472264357
770	0.396130046024564		0.578763141608275		1.23221707344055	0.395912490535894	0.707087431575658	0.559920135553323	7.84253823906358E-5	99.9819435187383
768	0.445316267141502		0.647874947057215		1.22665858268738	0.445098711652832	0.788674372711023	0.564363097183988	4.62636783810314E-4	99.8935306626741
766	0.401658828656281		0.582745769461014		1.22236526012421	0.40144127316761	0.706302357025655	0.568370286711401	6.85465819537202E-4	99.8422901551025
764	0.340762382671584		0.49480053513225		1.2186872959137	0.340544827182913	0.596999430187781	0.570427390652278	4.14544448003655E-4	99.9045931546637
762	0.321992695856935		0.469081904253571		1.214359998703	0.321775140368265	0.56364793669174	0.570879656291981	3.3782008438405E-4	99.9222442963849
760	0.332489465529348		0.484425678606323		1.20898902416229	0.332271910040677	0.579705441507096	0.573173695207775	3.68623039438451E-4	99.9151574201325
758	0.352828633233721		0.513724207541986		1.2031888961792	0.35261107774505	0.61217596783578	0.575996276024414	1.89345486718106E-4	99.9564110932112
756	0.378694335950191		0.550749939815913		1.19780671596527	0.37847678046152	0.653787214590677	0.578899024047873	3.01118718430937E-4	99.9306888840308
754	0.402967809974293		0.585248561809411		1.1931779384613	0.402750254485622	0.692423728559748	0.581652877961517	2.18358984524265E-4	99.9497336235095
752	0.426805615054823		0.619221024137043		1.18890511989594	0.426588059566152	0.730334165515855	0.584099826775653	1.90375008111086E-4	99.956174140761
750	0.458495234373998		0.664326596466576		1.1848680973053	0.458277678885327	0.781298411005848	0.586559082201816	1.9826502086959E-4	99.9543582108833
748	0.50637833507378		0.732848750428614		1.18107759952545	0.506160779585109	0.859728949441865	0.58874460364945	1.55069723886623E-4	99.964300250418
746	0.562432651561224		0.812543774219056		1.17750906944275	0.562215096072553	0.950972961519814	0.591199875098487	3.06155912020735E-4	99.929529837975
744	0.61168156951629		0.881664167314446		1.174187541008	0.61146401402762	1.02945075262818	0.593971117575616	2.54692949990158E-4	99.9413719739536
742	0.664701214995352		0.955691223903414		1.17108881473541	0.664483659506681	1.11342625028958	0.596791803079786	1.64365311294659E-4	99.9621606493295
740	0.749255526791279		1.07474298581784		1.16803753376007	0.749037971302608	1.24958213594874	0.599430761495245	1.44335389373622E-4	99.9667710704358
738	0.863966061000887		1.23627076837554		1.16498303413391	0.863748505512216	1.43449151772077	0.602128694971027	2.02101051061236E-4	99.953475339333
736	0.947531273679672		1.35139614633349		1.16204738616943	0.947313718191002	1.56465787819677	0.60544463514462	3.05643927216998E-4	99.9296476438257
734	0.985867378873168		1.4022881047483		1.15931880474091	0.985649823384498	1.61998393910805	0.608431848976964	3.36053945804788E-4	99.9226506494398
732	0.989492790845987		1.40620965777218		1.15665113925934	0.989275235357316	1.6207921229529	0.61036527840163	2.94954994881227E-4	99.9321071601936
730	0.985813196439303		1.40183490955968		1.15388596057892	0.985595640950632	1.61186937279339	0.611461237235734	1.68926093457295E-4	99.9611108933129
728	0.988843131119579		1.40863878984255		1.15089321136475	0.988625575630908	1.61551932528972	0.611955276643694	5.35212397635393E-5	99.9876770384555
726	0.997838912028458		1.42533983652874		1.1476241350174	0.997621356539787	1.63009701718357	0.612001215892931	-9.04597324928892E-5	100.020831292568
724	1.01349450278621		1.45153241607496		1.14410185813904	1.01327694729754	1.65506091813719	0.612229396630314	-1.96894004173396E-4	100.045346798444
722	1.01787589620132		1.46096044032928		1.14027833938599	1.01765834071265	1.66028037715497	0.61294366585028	-1.25814057100125E-4	100.028973953876
720	0.995737290027578		1.4308428134965		1.13600122928619	0.995519734538907	1.61983911203033	0.614579390721779	-1.34217236474445E-4	100.030909436775
718	0.929745566658455		1.33672916335987		1.13137769699097	0.929528011169784	1.50676827169956	0.616901768260174	1.36884675873728E-4	99.9684861052587
716	0.821339710768381		1.18087583146309		1.12621939182281	0.821122155279711	1.3243733986998	0.620008040093412	2.69751539079069E-4	99.9379066986047
714	0.689912080678306		0.992290183107758		1.12039887905121	0.689694525189635	1.10623763988152	0.623459644044931	2.67866196973725E-4	99.9383405460521
712	0.565425469237253		0.81502068308367		1.11375534534454	0.565207913748583	0.90224322364897	0.626447391272937	7.07551524817944E-5	99.9837093511346
710	0.465560140656803		0.674680514882235		1.10628998279572	0.465342585168132	0.740938678088563	0.628044666757848	1.54939075547284E-4	99.9643303225749
708	0.393995782422253		0.575496242512442		1.09837675094604	0.393778226933582	0.626697085344838	0.628339011209708	-1.3067241982999E-4	100.030092963621
706	0.341284051675847		0.503736002625842		1.09038031101227	0.341066496187176	0.543888631135413	0.627088849927184	6.68956626094936E-5	99.9845978906956
704	0.302319723828611		0.451585709865474		1.0826700925827	0.30210216833994	0.483581162874589	0.624718644010307	1.31669329000832E-6	99.9996968206254
702	0.280916083167066		0.424598359509443		1.07555782794952	0.280698527678395	0.45137797081169	0.621870241415701	1.88105718451963E-5	99.9956687995671
700	0.271220967544184		0.414163499321647		1.0694442987442	0.271003412055513	0.43765281213422	0.619220086200204	4.67515764350545E-5	99.9892356311024
698	0.276229359858156		0.424323963758587		1.0649927854538	0.276011804369485	0.446651923515953	0.61795727240303	4.89885766219886E-5	99.9887205995465
696	0.297259210543168		0.45722130707196		1.06259047985077	0.297041655054497	0.480600814011796	0.618063154273407	-3.03971823528481E-5	100.006999454846
694	0.324403811875133		0.498482769309431		1.06203079223633	0.324186256386462	0.524168615399427	0.618477045100127	-4.1076970441198E-5	100.009458769294
692	0.349399546943712		0.535675185542653		1.06277585029602	0.349181991455041	0.564063542919251	0.61904726132075	-3.17116467355723E-5	100.007302143098
690	0.366152598634583		0.56051164174224		1.06392598152161	0.365935043145912	0.591098120977693	0.619076647614181	-3.49353199548233E-5	100.008044478245
688	0.377537811296609		0.577562137584754		1.06461536884308	0.377320255807938	0.609633352082477	0.618929811695885	-3.41117565871259E-6	100.000785455307
686	0.384491511525171		0.588237102446884		1.0645604133606	0.3842739560365	0.620966027793812	0.618832494591953	7.38023357586111E-6	99.9983006528576
684	0.381457113649112		0.583604306750064		1.06376242637634	0.381239558160442	0.615572362043763	0.619325333084623	1.66722041214461E-5	99.9961611568177
682	0.376597686788647		0.576554282364172		1.06245732307434	0.376380131299976	0.607326781795556	0.619732477772858	4.02964253814301E-5	99.9907218356099
680	0.378333120741673		0.579799895449347		1.06094348430634	0.378115565253003	0.60990484631438	0.619958289457664	-4.80096722889297E-8	100.000011054636
678	0.385846453841534		0.591670079728088		1.05921316146851	0.385628898352864	0.621483190608699	0.620497712858762	-4.93055377428859E-5	100.011353664101
676	0.393338330032302		0.603574085112651		1.05730748176575	0.393120774543631	0.632951245227925	0.621091715211127	3.41235877653565E-6	99.9992142784417
674	0.400576597520469		0.615183528730813		1.05524814128876	0.400359042031798	0.643969276300968	0.621705191172326	1.80198128525529E-4	99.9585164543503
672	0.406787208457566		0.624990202885963		1.05312037467957	0.406569652968896	0.652998406825112	0.622619670613965	-3.90350250810233E-5	100.008988550632
670	0.412938253660039		0.634931033839894		1.0509113073349	0.412720698171368	0.662075582949223	0.623373990523709	3.19266084084322E-5	99.9926488969477
668	0.416789234784788		0.641315834534596		1.0485315322876	0.416571679296117	0.66727098622056	0.624291611501932	9.55128484885452E-5	99.9780097720932
666	0.419787516633159		0.646291504375554		1.04595601558685	0.419569961144488	0.670836294763552	0.6254431437589	3.22678590525425E-5	99.9925703268902
664	0.424085941908952		0.653376341688553		1.04322910308838	0.423868386420281	0.676478465569312	0.626580753111721	6.50000303010018E-5	99.9850343098896
662	0.428439845089797		0.660513425095094		1.04042720794678	0.428222289601126	0.682087201682408	0.627811647168999	-1.94830414248974E-5	100.004486236704
660	0.433705265600984		0.669083722302059		1.03775990009308	0.433487710112313	0.689232468690828	0.62894267145555	1.15802444116856E-4	99.9733390565058
658	0.443836723080032		0.685001402597342		1.03528940677643	0.443619167591361	0.704071086272303	0.630077241120777	8.415871871734E-5	99.9806236163473
656	0.456613023077808		0.70506560387215		1.03309750556946	0.456395467589137	0.723308712454704	0.630982953378594	4.30327172732026E-5	99.99009184156
654	0.474008802427243		0.732254765445637		1.03115320205688	0.473791246938573	0.749983626668738	0.631735454069909	9.3862514467698E-5	99.9783896927029
652	0.490461855645192		0.757798661827943		1.02945709228516	0.490244300156521	0.775046348720443	0.632535461867391	1.16623088896526E-4	99.9731501466193
650	0.500303583816315		0.773250787315516		1.02793705463409	0.500086028327644	0.789785771830396	0.633191994797086	1.75928039595258E-4	99.9594992756173
648	0.503583578004869		0.778390266359921		1.02666783332825	0.503366022516198	0.794087140082056	0.633892676393404	9.2745005007591E-5	99.9786469534895
646	0.504331975829027		0.780074699336589		1.02560043334961	0.504114420340356	0.794989103422381	0.634114880531285	1.14381845673007E-4	99.9736660747114
644	0.508735779827544		0.787405589199874		1.02465677261353	0.508518224338873	0.80176927541773	0.634245087620662	1.53980747268495E-4	99.9645509073493
642	0.518698014284807		0.803217710718723		1.02378344535828	0.518480458796136	0.817274106096257	0.634402160705518	1.39078402405721E-4	99.9679811415173
640	0.530725292373955		0.822250118784763		1.02288675308228	0.530507736885285	0.836026285443899	0.634558680895547	2.39808691431864E-4	99.9447972505213
638	0.545087654987464		0.844659281598053		1.02184903621674	0.544870099498794	0.858076919627102	0.634989809230133	1.14079152879099E-4	99.973735753973
636	0.559785669760277		0.867741241039513		1.02063095569611	0.559568114271606	0.880612223638497	0.635430782415889	1.49385839663568E-4	99.9656085544625
634	0.573246096037058		0.889043854784958		1.01923584938049	0.573028540548388	0.901120897346833	0.635906394175913	3.00322488767282E-4	99.9308720957801
632	0.587409954012689		0.911109884054697		1.0177036523819	0.587192398524018	0.922222938789883	0.636714154274363	2.14689295998663E-4	99.9505781793479
630	0.600130159650338		0.931032668398918		1.01619136333466	0.599912604161667	0.941097893724026	0.637460362160358	2.6104958449566E-4	99.9399091735939
628	0.615667653484738		0.955497826382214		1.01451146602631	0.615450097996067	0.964362319040314	0.638193846695019	2.50840373447716E-4	99.9422585463351
626	0.630626743085609		0.979049109552268		1.01275491714478	0.630409187596938	0.986544277400395	0.6390074951913	2.60876125709667E-4	99.9399490899629
624	0.647050914467735		1.00478550166134		1.01092803478241	0.646833358979064	1.01078231602937	0.639933394877746	3.04569113854953E-4	99.9298949549428
622	0.658531467095201		1.02286221362525		1.0092089176178	0.65831391160653	1.02730662557958	0.640815405269217	3.86976297124294E-4	99.9109351010372
620	0.667168010334616		1.03667691236155		1.00772297382355	0.666950454845946	1.0397154242896	0.641474041131639	4.88933727106423E-4	99.8874821976531
618	0.677761703834767		1.05313914831872		1.0068142414093	0.677544148346096	1.05535225571175	0.642007580577111	3.3973558452734E-4	99.9218035800988
616	0.683898015150579		1.06311923250736		1.00664889812469	0.683680459661908	1.06522538206123	0.641817657723265	5.19645871986523E-4	99.8804186716736
614	0.690873430161769		1.07408449735612		1.00700271129608	0.690655874673099	1.07664183490782	0.641490839646063	3.74326361444887E-4	99.9138453045103
612	0.697606170918558		1.08498974328422		1.00780045986176	0.697388615429887	1.08848506351886	0.640696541278543	4.77369776985231E-4	99.8901419349706
610	0.708575024634494		1.10216993425561		1.00835275650024	0.708357469145824	1.10640527000359	0.640233274687424	4.19614314536537E-4	99.9034268953212
608	0.718224029722892		1.11757926341767		1.0085117816925	0.718006474234221	1.12212024885943	0.639865892237514	5.31536622409747E-4	99.877684036716
606	0.730905496347024		1.13759793551786		1.00798010826111	0.730687940858353	1.14170710588976	0.639995964892334	6.18534663234828E-4	99.8576785037304
604	0.745794223094172		1.16058094781616		1.00688087940216	0.745576667605501	1.16360319985166	0.640748210129146	5.24448410199216E-4	99.8793141748514
602	0.760456080640567		1.1834872648633		1.00539457798004	0.760238525151896	1.18491544063781	0.641597281188838	6.14178864593008E-4	99.8586800410277
600	0.778007913150999		1.2107258908531		1.00393652915955	0.777790357662329	1.21054289772586	0.642513668143026	6.53159798410804E-4	99.8497174359935
598	0.79482235552766		1.23693266870248		1.00287997722626	0.794604800038989	1.23555116414414	0.643117681483802	7.4398634535388E-4	99.8288374636133
596	0.815202367958432		1.26823934277172		1.00218975543976	0.814984812469762	1.26607603684537	0.643709215522652	6.57626280784466E-4	99.8486905412752
594	0.83495764742051		1.29883067718318		1.00178515911102	0.834740091931839	1.29621085119048	0.643984804760112	7.87539365392646E-4	99.8188266770709
592	0.853898264715432		1.32818870471479		1.00154709815979	0.853680709226762	1.32530627116199	0.644138436376882	7.48283046979935E-4	99.8278498097879
590	0.87218889879762		1.35663706122954		1.00122630596161	0.871971343308949	1.35336502288347	0.644298713625047	8.71694255096408E-4	99.7994862781515
588	0.888237835195894		1.38129111996891		1.00070452690125	0.888020279707223	1.37733115844503	0.64473984652302	8.32441948730707E-4	99.8085067405522
586	0.903866564381491		1.40523150378439		0.999973237514496	0.903649008892821	1.40026438301751	0.645341708217628	8.80150538015658E-4	99.7975430702358
584	0.915295237126352		1.42301201213619		0.999053955078125	0.915077681637681	1.41674079730547	0.645903388522507	9.75645103534971E-4	99.7756015634317
582	0.929344252878321		1.44457786898361		0.998229086399078	0.92912669738965	1.4370987311549	0.646529481410769	9.80227906627973E-4	99.7745487074964
580	0.944546868174019		1.46788894371957		0.997582137584686	0.944329312685348	1.45942206420788	0.647057034318512	9.92722533900707E-4	99.7716782407589
578	0.959094429761398		1.49037527785823		0.997147619724274	0.958876874272727	1.48120857682631	0.647361140945626	0.00106581579511626	99.7548877357218
576	0.973948839492082		1.51335900579374		0.996688485145569	0.973731284003411	1.50343417435061	0.647671378378772	0.00116744465241152	99.731546916126
574	0.992671768799593		1.54191586603119		0.996220171451569	0.992454213310922	1.53117667642649	0.648164401006383	0.00116395537904435	99.7323481973833
572	1.01096938988126		1.5698753614639		0.9957315325737	1.01075183439259	1.55826579644145	0.648638914298707	0.0012126101371636	99.7211756366527
570	1.02835618790749		1.59672874270426		0.995352268218994	1.02813863241882	1.58440084224116	0.648913207445977	0.001343444326162	99.6911384737566
568	1.05011521949779		1.63005302388214		0.995181918144226	1.04989766400912	1.61729340120927	0.649169571349332	0.00134031092050795	99.691857741251
566	1.06714957306742		1.65591131387891		0.995282471179962	1.06693201757875	1.64319311506692	0.649304094446199	0.00139430417585576	99.6794644146709
564	1.09086372549952		1.69235226374551		0.995623111724854	1.09064617001085	1.68003695826253	0.649179867530285	0.00147607136214407	99.6606989399725
562	1.11215031904239		1.7248212424976		0.996170461177826	1.11193276355372	1.71330520564717	0.648998648862282	0.00155654363462019	99.642234095777
560	1.14297545319657		1.77160738580431		0.99668163061142	1.1427578977079	1.76081525126174	0.648993639104974	0.00154841122133308	99.6440999712354
558	1.17075997456992		1.81379775581395		0.997178435325623	1.17054241908125	1.80376427224377	0.648944231290917	0.00161553784595157	99.6286996945216
556	1.19672708567222		1.85336384299716		0.997675478458405	1.19650953018355	1.84413747267749	0.648817969327603	0.00166968997002562	99.6162777790047
554	1.22399924285084		1.89463589483419		0.99818366765976	1.22378168736217	1.88627391505076	0.64878259599388	0.00183016717298371	99.5794751275368
552	1.25487916368692		1.94106042467799		0.998678505420685	1.25466160819825	1.93357219313939	0.648882732514455	0.00176803401816453	99.5937226711152
550	1.28187749884516		1.98154293031457		0.999059557914734	1.28165994335648	1.97475439478627	0.64902245400254	0.00187378187182963	99.5694752059986
548	1.30955368739423		2.02335585281595		0.999196529388428	1.30933613190556	2.01680446146782	0.649213226627154	0.00201287925950143	99.5375898453356
546	1.34069759443532		2.06983593685874		0.99907249212265	1.34048003894665	2.06299107479856	0.649775006456361	0.00201037313924396	99.5381642341442
544	1.36803958651356		2.11027289195839		0.998806416988373	1.36782203102489	2.10283034481674	0.650467135590103	0.0020972900001089	99.5182453094102
542	1.38733506678314		2.13853230346657		0.998482644557953	1.38711751129447	2.1303652246532	0.651117233440701	0.00221094171748779	99.4922055134587
540	1.40973995560963		2.17125068712489		0.99831360578537	1.40952240012096	2.16266777064408	0.651751701881227	0.00227735839686197	99.4769913282953
538	1.42896243935851		2.19894272802987		0.998360693454742	1.42874488386984	2.19041642281413	0.652270896523987	0.00236078559228871	99.4578838109931
536	1.45158112518121		2.23160690026263		0.998661279678345	1.45136356969254	2.22369635696283	0.652680643716503	0.00239180994079381	99.4507791712434
534	1.46958897575623		2.25737075514015		0.999168038368225	1.46937142026756	2.25056716535016	0.652889388457305	0.00258063573531919	99.4075486183398
532	1.48572896134848		2.27966336979716		0.999805629253387	1.48551140585981	2.27429158289608	0.653175440225723	0.00257697182075483	99.4083872711819
530	1.50543080910911		2.30745620415877		1.0004802942276	1.50521325362044	2.30363244916524	0.653408600042024	0.0026799346460658	99.3848222579676
528	1.52466204835111		2.33472070600295		1.00102841854095	1.52444449286244	2.33218706111773	0.653654468064766	0.00289550157868337	99.3355037286894
526	1.54607159568988		2.36462829865688		1.0014044046402	1.54585404020121	2.36301262518656	0.654187804044915	0.00290084532463849	99.3342814694791
524	1.56374127793129		2.38870265158803		1.00163662433624	1.56352372244261	2.38767434729366	0.654831226969797	0.00298922274802362	99.3140693437492
522	1.59085610784003		2.42729132330883		1.00181710720062	1.59063855235136	2.42676336894793	0.655456800075626	0.0030900024135768	99.2910258147483
520	1.61519470027207		2.46104596184583		1.0020604133606	1.6149771447834	2.46117693151112	0.656180839380708	0.00320841155476327	99.2639580923194
518	1.6457205897375		2.50447588110589		1.00242054462433	1.64550303424883	2.50559649910176	0.656731055793992	0.00327636132994634	99.2484284545143
516	1.67753702790383		2.54937132770384		1.00289297103882	1.67731947241516	2.55180267859257	0.657307669784354	0.00340160570192529	99.2198107413734
514	1.72161201857244		2.61271900811478		1.00349617004395	1.72139446308377	2.6169066379576	0.657797430796863	0.00345212980783566	99.2082685716001
512	1.76488478909045		2.67403172759635		1.00418245792389	1.76466723360178	2.68026548954181	0.658392700457239	0.00359859698923115	99.1748159119921
510	1.81585706061529		2.74714643677685		1.00497353076935	1.81563950512662	2.75585529115725	0.658829769092914	0.00373904404590789	99.1427488248284
508	1.87627497114047		2.83404909756242		1.00580215454102	1.8760574156518	2.84553444063128	0.659298790717008	0.00380478728526922	99.1277417906142
506	1.9526435194193		2.94431845747337		1.00663805007935	1.95242596393063	2.95890062240316	0.659848441393381	0.00390857410411269	99.1040552733197
504	2.0293491038296		3.05481477050841		1.00742840766907	2.02913154834093	3.07254091535427	0.660408308381132	0.00404924156984396	99.0719607857478
502	2.121705133734		3.18705334419876		1.00814700126648	2.12148757824533	3.20804846479584	0.661301598627919	0.00417698383997851	99.0428242974134
500	2.21267239106094		3.31758548479046		1.00866842269897	2.21245483557227	3.34137134065549	0.66213976538694	0.0043033858968234	99.0140019302481
498	2.32892269577221		3.48480016918089		1.00904226303101	2.32870514028354	3.51133642856381	0.663196246688335	0.00438303968127225	98.9958434753773
496	2.50528661108312		3.74200467254769		1.00876116752625	2.50506905559445	3.76981616771166	0.664506953163996	0.00445491797815851	98.9794604354918
494	2.71569358045722		4.04649236664351		1.00816118717194	2.71547602496855	4.07454667127158	0.666448624607632	0.00459765112108591	98.946935665426
492	2.88709128485047		4.29117500726737		1.00794267654419	2.8868737293618	4.32028962255855	0.668213009213059	0.00475651748106717	98.9107471679602
490	2.94240926558646		4.36154520962291		1.00791668891907	2.94219171009779	4.39110553457765	0.670034388135192	0.00492369697909621	98.8726792959008
488	2.98692370632656		4.41637503118116		1.00887954235077	2.98670615083789	4.45061700210532	0.671076875279328	0.00494954178545122	98.8667955710918
486	3.0822683226448		4.54739005751312		1.00954282283783	3.08205076715613	4.58580830726691	0.672084518289209	0.00505901556544576	98.841877092362
484	3.29568135890142		4.84983245132415		1.01009511947632	3.29546380341275	4.89381267879435	0.673393940412249	0.00516072724852167	98.8187310545026
482	3.46746863848843		5.08794138591959		1.01073944568634	3.46725108299976	5.1376004692233	0.674877523811021	0.00536735339234057	98.7717268266129
480	3.54054015919254		5.17730825567968		1.01162850856781	3.54032260370387	5.23252565945882	0.676599186342077	0.00539054434859395	98.7664526411601
478	3.51806946836436		5.12842908107031		1.0127238035202	3.51785191287569	5.18868983601939	0.677984621176448	0.00547274759843896	98.7477598983446
476	3.61667181172037		5.25894571873238		1.01399922370911	3.6164542562317	5.3275682199082	0.678818948336999	0.00561976659081379	98.71433709485
474	3.89562692535181		5.65043737976572		1.01552999019623	3.89540936986314	5.73318241432743	0.679449752048421	0.00579801749816676	98.6738293049359
472	4.37043676232175		6.32301530676573		1.01726651191711	4.37021920683308	6.42717696292566	0.679959371282621	0.00591110903663301	98.648137699786
470	4.88508192628096		7.05107965932528		1.01911818981171	4.88486437079229	7.18085964752823	0.680261780701108	0.00604459108914071	98.6178224803385
468	5.30961294265102		7.64395397336252		1.02110064029694	5.30939538716235	7.80021263272175	0.680673160740457	0.00623788688421911	98.5739394247628
466	5.41535150424023		7.76365448557953		1.02326714992523	5.41513394875156	7.93924825446037	0.682071371897115	0.00634707112165865	98.5491604601131
464	5.2507759799955		7.49032567807795		1.02553856372833	5.25055842450683	7.6765622964865	0.683972619737609	0.00631892518461008	98.5555474819738
462	5.05206290705905		7.18422157773858		1.027627825737	5.05184535157037	7.37764015895687	0.684750847523669	0.00644075488716404	98.5279042362682
460	4.89237452879088		6.9474407559308		1.02919805049896	4.89215697330221	7.14521890072259	0.684675590947601	0.00657011423499004	98.4985609957707
458	4.74140060361289		6.72798719235457		1.03004312515259	4.74118304812422	6.92503920644284	0.684643495406232	0.00676072518220412	98.455339667243
456	4.54671647353144		6.45548638777937		1.03006207942963	4.54649891804277	6.64447389173115	0.684252657490422	0.00677023699635544	98.4531833454916
454	4.36994173058545		6.21760023150335		1.02918720245361	4.36972417509678	6.39400106047446	0.683409985980286	0.00683908969496507	98.4375758940486
452	4.23180374285617		6.04291232936934		1.02735614776611	4.2315861873675	6.20315863067778	0.682166367056962	0.00703010404739782	98.3942899298595
450	4.07190098470605		5.83675937609152		1.02460694313049	4.07168342921738	5.97533323341739	0.68141529018771	0.00706248311428446	98.386954362251
448	3.80669051213297		5.47730936532078		1.02102768421173	3.80647295664429	5.58745119275329	0.681253907252227	0.00718402181209511	98.3594243112104
446	3.45720888511146		4.9951988569933		1.01675081253052	3.45699132962279	5.07386027582803	0.681333568859191	0.00735114603112757	98.3215811421178
444	3.20179343203048		4.64461155370667		1.0121191740036	3.20157587654181	4.69591102086843	0.68177950185047	0.00744527776131011	98.3002726107132
442	3.07683608389698		4.47487164959976		1.00782012939453	3.07661852840831	4.50489752925146	0.682949724922937	0.00753427779589486	98.2801299848021
440	3.03120823984102		4.41229627143183		1.0045450925827	3.03099068435234	4.42739851558524	0.684598568139441	0.00769111521118237	98.2446443424617
438	3.00223616964428		4.36883883752345		1.00285410881042	3.00201861415561	4.37636426398844	0.68596177856084	0.00793176087766448	98.1902213645761
436	2.97381273225786		4.32100290021459		1.00277864933014	2.97359517676919	4.32806610906476	0.6870493892275	0.00808912329803121	98.1546495290361
434	2.94290521285011		4.26693736087985		1.00421047210693	2.94268765736144	4.27995278027753	0.68755143068906	0.00831262783500276	98.1041483914262
432	2.91627048395263		4.2160449782707		1.00665414333344	2.91605292846396	4.23913669808184	0.687888392413351	0.00856851317862808	98.0463626704871
430	2.93086939746851		4.22296591330164		1.00962591171265	2.93065184197984	4.25863871281036	0.688166346011974	0.00883727396606178	97.9857059805602
428	2.93994173629945		4.22261678000226		1.01240730285645	2.93972418081078	4.27001725642868	0.688457213231376	0.00891085668940173	97.9691056215232
426	2.94028155563403		4.2141211135323		1.01423370838165	2.94006400014536	4.26910387220627	0.688684109863538	0.00914643081455232	97.9159787017017
424	2.91944807183055		4.1827692093607		1.01462960243225	2.91923051634188	4.23895969600128	0.688666730918831	0.0092664396654301	97.8889252594519
422	2.90128837952031		4.1644224076762		1.01337480545044	2.90107082403163	4.21512516893802	0.688252592214846	0.00935361108252879	97.8692790047467
420	3.36083198119968		4.84184180194202		1.01114857196808	3.36061442571101	4.89083682001595	0.687124627008116	0.00959338484589258	97.8152603386183
418	3.2146413811979		4.65577382172848		1.0079870223999	3.21442382570923	4.68799057313611	0.685671990069486	0.00980142740097173	97.7684145595732
416	3.01320672624107		4.39272588576785		1.00422537326813	3.0129891707524	4.40633631750001	0.68378556552439	0.010021202554261	97.7189512729494
414	2.84529415366983		4.17689866495056		1	2.84507659818116	4.17196901974187	0.681950557331125	0.0102606029319123	97.665099547544
412	2.70356594378693		3.99699882436081		0.995681941509247	2.70334838829826	3.97483119093741	0.680116527831892	0.0104655390499555	97.6190239339836
410	2.58770503116395		3.85038522631384		0.991583049297333	2.58748747567528	3.81308857104969	0.67858048074739	0.010751640968956	97.5547362356241
408	2.48869489972363		3.72380773658524		0.988153755664825	2.48847734423496	3.67482335285338	0.677169241972609	0.0110876445682583	97.4792895811964
406	2.40214059098746		3.61080263449773		0.985654711723328	2.40192303549879	3.55414570176862	0.675808826380848	0.0114878643947405	97.3894998753245
404	2.34942977576839		3.54414971728359		0.98426741361618	2.34921222027972	3.48353898655963	0.674375176894408	0.0117771333775448	97.3246535954652
402	2.31856799610655		3.5062588605014		0.984128773212433	2.31835044061788	3.44575882525887	0.672812741165573	0.0121981608182036	97.2303477830549
400	2.33078370650696		3.52902985650416		0.985299050807953	2.33056615101829	3.47229259314154	0.67118944861433	0.0126213370585276	97.1356527428588
398	2.37694173854908		3.59889551784609		0.987817049026489	2.37672418306041	3.55018076261059	0.669465681322862	0.0130758910751867	97.0340389659169
396	2.42121876473935		3.66206358399993		0.991658091545105	2.42100120925068	3.62662646226655	0.667562880941869	0.0134666730245438	96.946766164614
394	2.44177525879784		3.68731244864513		0.996615350246429	2.44155770330916	3.66991922738824	0.665289220832999	0.0139742737837985	96.8335215643705
392	2.44776655516061		3.68777771963937		1.0025714635849	2.44754899967194	3.6923183841428	0.662875934584434	0.0145069224919842	96.7148310543977
390	2.44704227537835		3.67705711421345		1.0093150138855	2.44682471988968	3.70633338736786	0.660173941240442	0.0150381497337739	96.5966021901548
388	2.45713636713489		3.68206586663485		1.01699423789978	2.45691881164622	3.73962634916297	0.656995801785423	0.0155478642010565	96.4832970357254
386	2.47464087145948		3.69772176256838		1.02549052238464	2.47442331597081	3.78692331748909	0.653412574937343	0.0161504447576362	96.3495199646417
384	2.49840479958718		3.72346247291475		1.03449034690857	2.49818724409851	3.84678631492454	0.649421891308645	0.0168556143105231	96.1932029474392
382	2.52640235806906		3.75635314661145		1.04369103908539	2.52618480258039	3.91532709222839	0.645204025889602	0.0174411418209567	96.0636000686637
380	2.55075904742486		3.78578321241182		1.0526317358017	2.55054149193619	3.97984645325707	0.64086429511592	0.018166458521921	95.9032978192586
378	2.55972734572887		3.79379900827823		1.06117713451386	2.55950979024019	4.02066153374947	0.636589220145901	0.0189028948301138	95.7408117037693
376	2.56463062940068		3.79701517037475		1.06922745704651	2.56441307391201	4.05460196297618	0.632469746063473	0.0195947809180385	95.5884059037951
374	2.55790658157598		3.78492268995432		1.07646524906158	2.55768902608731	4.06903115436316	0.628574451523857	0.0204167540667419	95.4076603525072
372	2.55275874224109		3.77599936235326		1.08239138126373	2.55254118675242	4.08177335998195	0.62535103290588	0.021170523837007	95.2422126196155
370	2.5519651265216		3.77499570024789		1.08660447597504	2.55174757103293	4.09657065012715	0.62289846531848	0.0219867765024875	95.0633738328669
368	2.56603564648491		3.79678726510222		1.08728444576263	2.56581809099624	4.12282781065676	0.62234422799906	0.0228569416656136	94.8730927585844
366	2.5744698627598		3.81148936465285		1.08414971828461	2.57425230727113	4.12688064746892	0.623776776498239	0.0237576135370168	94.6765418351461
364	2.58544537541126		3.83055170588528		1.07767069339752	2.58522781992259	4.1227607788062	0.627062291174502	0.0246033484922624	94.4923503468008
362	2.6083930071555		3.86776137370534		1.06871128082275	2.60817545166683	4.12825184416443	0.631786904026619	0.025472954900718	94.3033335752157
360	2.63491046310423		3.91061955224503		1.05907070636749	2.63469290761556	4.13640176869736	0.636952852973292	0.0263449109116572	94.1141857271788
358	2.66726158602184		3.96296784305148		1.04836678504944	2.66704403053317	4.14947578057532	0.64274240206877	0.0272543048782178	93.9173208552368
356	2.69830764302669		4.01272099226674		1.03684234619141	2.69809008753802	4.15544778332929	0.649289854720866	0.028016643548438	93.7526077250682
354	2.73354155401871		4.06955758871932		1.02479386329651	2.73332399853004	4.1654057730932	0.656196334144967	0.0288729777730711	93.5679301131709
352	2.76481580926484		4.12089715150246		1.01273274421692	2.76459825377617	4.16837506775656	0.663231645146581	0.0296965084127061	93.3906701019336
350	2.78893387557472		4.16235189987197		1.00126516819	2.78871632008605	4.16268209305229	0.669932571776391	0.0305078177933478	93.2163690186687
348	2.81451584568734		4.20661072537871		0.990810453891754	2.81429829019867	4.16306953815166	0.676015200901059	0.0313601604345764	93.0336027753161
346	2.82749907317453		4.23329226824085		0.981342911720276	2.82728151768586	4.14947368829556	0.681359066249963	0.0322999770326057	92.8324950214402
344	2.844062220081		4.26591743900892		0.972720801830292	2.84384466459233	4.14475146337445	0.686131530375771	0.03313272587215	92.6546615771788
342	2.8407752938246		4.26920221682783		0.964752793312073	2.84055773833593	4.11396887491362	0.690466511707767	0.0339786530931987	92.4743626808789
340	2.85071617513254		4.29287785149885		0.957048177719116	2.85049861964387	4.10377301698395	0.694604357464884	0.0347921081242357	92.3013157420551
338	2.84872683187877		4.30060536611641		0.950148642063141	2.8485092763901	4.08153045296408	0.69790224750656	0.0357053192072716	92.1074334127788
336	2.84115349206528		4.30061388662419		0.944044172763824	2.84093593657661	4.05531567614169	0.700546187634776	0.0365269913622817	91.9333336545748
334	2.82614892669555		4.29263978997636		0.938558220863342	2.82593137120688	4.02426560505085	0.702222877053655	0.0373601339177408	91.7571394940974
332	2.79135249128771		4.25768999763555		0.933434963226318	2.79113493579904	3.96967520317791	0.703114182632526	0.0383066927521639	91.5573696298346
330	2.74356887331458		4.20631844022363		0.928119659423828	2.74335131782591	3.89939153753636	0.703533177270823	0.0391652995068376	91.3765381384687
328	2.6799508315766		4.13642721735837		0.923022568225861	2.67973327608793	3.81346549966451	0.702702902733401	0.0401042756158255	91.1791888667356
326	2.60776622493144		4.05652116299016		0.918195605278015	2.60754866944277	3.72015352600863	0.700925015920088	0.0410686196704674	90.9769515299144
324	2.52880110073525		3.96844751832255		0.913534343242645	2.52858354524658	3.62080969714556	0.698347540120645	0.0420588729117045	90.7697474468897
322	2.44699248289808		3.87789344153595		0.908978700637817	2.44677492740941	3.52044159920287	0.695019320293066	0.0431226370780616	90.547687414417
320	2.36231661653721		3.78178886428325		0.904343068599701	2.36209906104854	3.41557645584696	0.691566735976581	0.0444240436323094	90.2767584103932
318	2.28894863587334		3.70127503403856		0.899914681911469	2.28873108038467	3.32639548482376	0.688051403035721	0.0458268599420587	89.9856255467248
316	2.21970486173597		3.6262142189088		0.895963847637177	2.21948730624729	3.24454006004151	0.684068393416262	0.0473586754025357	89.6687931412337
314	2.16506968129021		3.5736471292751		0.892610192298889	2.16485212580154	3.18547359971293	0.679601339655315	0.049055232537769	89.3191882493546
312	2.11685401986178		3.53110229301932		0.88999992609024	2.11663646437311	3.13829339593289	0.674454615083533	0.0508828664969974	88.9440976509761
310	2.06245900054788		3.47897249586434		0.888025283813477	2.06224144505921	3.08503788843366	0.668465516352623	0.0528687491247917	88.5383146628164
308	2.01097273366377		3.43232612153901		0.887133359909058	2.0107551781751	3.04055775178738	0.661311292966918	0.0549550203073005	88.1140127586367
306	1.94791728957979		3.36694726437837		0.887335538864136	1.94769973409112	2.98323771577665	0.652881171282744	0.0570790811919392	87.6841141573342
304	1.88726548318152		3.30613718161355		0.888603985309601	1.88704792769284	2.93346617318345	0.643282661631986	0.0594169245178512	87.2133714365707
302	1.81758134039355		3.23170447927425		0.891015827655792	1.81736378490488	2.87510744943381	0.632102909845257	0.0617617188240106	86.7437675902656
300	1.75017512728399		3.16010526081034		0.894482612609863	1.74995757179532	2.8222497278863	0.620057663396759	0.0642877486658511	86.2406957084121
298	1.66855790348902		3.06388284908545		0.900495111942291	1.66834034800035	2.75457240775124	0.605662186735669	0.0670478027833204	85.6943516286564
296	1.58024067972083		2.95560279580718		0.909423410892487	1.58002312423216	2.68341124104616	0.588811397993609	0.0702409512660653	85.0665948604437
294	1.49055808730574		2.84564929282857		0.92107892036438	1.49034053181707	2.6165269860876	0.569587296344123	0.0737932703044337	84.3736291392192
292	1.39769487966899		2.72937772346894		0.934718489646912	1.39747732418032	2.54659199283286	0.548763731337171	0.0782584028784863	83.5105986814468
290	1.2966290475533		2.59780475036187		0.948803901672363	1.29641149206463	2.46013001631848	0.52696869005512	0.0833989167271846	82.5279549282768
288	1.19295705089724		2.45852201166061		0.962523102760315	1.19273949540857	2.36163933746632	0.505047268008415	0.0893718431097652	81.400703242192
286	1.07987757136862		2.30026660457812		0.97529125213623	1.07966001587995	2.23862205717798	0.482287759301796	0.096569579238073	80.0627348029081
284	0.971983765342219		2.14252538206389		0.986907541751862	0.971766209853548	2.10960935391903	0.460637988757632	0.103754811470331	78.749025558597
282	0.873997724473986		1.99665558284207		0.996903836727142	0.873780168985315	1.98555922893568	0.440067541804676	0.111042551124121	77.4385921623743
280	0.780626544121981		1.8502534105755		1.00535523891449	0.78040898863331	1.85520591500494	0.420658958836509	0.118077096932972	76.1943736053384
278	0.697409137227939		1.71388348924541		1.00982344150543	0.697191581739268	1.7257416521591	0.403995337811429	0.124331861154377	75.1048769375391
276	0.624730205328408		1.58937298559254		1.01022160053253	0.624512649839738	1.60063888727568	0.390164611646209	0.12959139606795	74.2008027777344
274	0.55960773702173		1.47491513387704		1.00653350353241	0.55939018153306	1.47958964405116	0.378071165733111	0.134213902363633	73.4152188297477
272	0.506828830982624		1.37684992278207		0.99854451417923	0.506611275493954	1.36992346706215	0.369809911045907	0.137379519998058	72.8820332496284
270	0.467891230430204		1.30476840451541		0.988452672958374	0.467673674941533	1.28482909605162	0.363996796444546	0.139416695539967	72.5409609632232
268	0.436286218044284		1.24468879965293		0.972882628440857	0.436068662555613	1.20614014480933	0.361540625633141	0.140234546243694	72.4044824874024
266	0.411469431949599		1.19574716319078		0.953488886356354	0.411251876460928	1.13543126907438	0.362198829345422	0.139738888729659	72.4871644333105
264	0.391782406576605		1.15549024654256		0.931065678596497	0.391564851087934	1.07124748704731	0.365522305370543	0.137967787410538	72.7833787588636
262	0.373496795687756		1.11545728314051		0.906938552856445	0.373279240199085	1.00718032885297	0.370618080502222	0.13527816650059	73.2355307818132
260	0.355154687606751		1.07316357298236		0.883175373077393	0.35493713211808	0.943437897695439	0.37621674196584	0.131830683448279	73.8191969814766
258	0.336797630490161		1.02945022629423		0.859192788600922	0.33658007500149	0.880260695041928	0.382364084750437	0.128184709839795	74.4415299205339
256	0.315668033101446		0.977259537415864		0.834685504436493	0.315450477612775	0.811589666555628	0.38868222528207	0.124548057534789	75.0674982410165
254	0.293709942979225		0.922240676246549		0.80953711271286	0.293492387490554	0.742597323526047	0.395224138564054	0.121008255909766	75.681850781377
252	0.270737900224337		0.864339863184452		0.784095585346222	0.270520344735666	0.673859757916231	0.401449027869231	0.118141546972715	76.1830670696827
250	0.247016998829863		0.803999084311792		0.758817315101624	0.246799443341193	0.606347726359978	0.407026253438398	0.116227408642419	76.5195824222158
248	0.224431418475775		0.747019836492595		0.735633492469788	0.224213862987104	0.545906399141753	0.410718510242052	0.115416866584331	76.6625274880208
246	0.200861611135873		0.68757203704752		0.715051770210266	0.200644055647202	0.488124650704927	0.411050856287306	0.116296504549621	76.5074091858177
244	0.177321543175735		0.627697664422996		0.697206974029541	0.177103987687065	0.434198206198779	0.407887423666567	0.119111561572985	76.0130989398635
242	0.153944465022075		0.566872560906276		0.681808710098267	0.153726909533405	0.383137574500631	0.40123161956581	0.12411284528528	75.142762079894
240	0.132044590803858		0.508991625468611		0.667849898338318	0.131827035315187	0.336637742272801	0.39159909529205	0.131675595369093	73.8455627824091
238	0.109516109982622		0.446490398911713		0.657016694545746	0.109298554493951	0.29011278683909	0.376745043487427	0.143026200886238	71.9405575121533
236	0.0902018551083212		0.389901281706192		0.649702370166779	0.0899842996196504	0.250116984679412	0.35976884870489	0.15642302712034	69.7552617784309
234	0.0717121989245728		0.330998939717433		0.645702123641968	0.071494643435902	0.210543635918735	0.339571619554901	0.174113146006969	66.9710108244258
232	0.0564134961735086		0.277983746753001		0.644411623477936	0.0561959406848378	0.17595923687348	0.319369086177865	0.193048632968271	64.1137776964523
230	0.0429273674203286		0.227008595894676		0.644490897655487	0.0427098119316578	0.143127862278001	0.298403198733601	0.215267560950274	60.9161488270681
228	0.0321890684748945		0.182622155031997		0.646355271339417	0.0319715129862237	0.114852490401827	0.278370219699783	0.238000017492781	57.809602412081
226	0.0234874825492761		0.144114250370193		0.649210751056671	0.0232699270606053	0.0903601420524267	0.257524241685058	0.263776589328992	54.4782829088277
224	0.0172026459483362		0.114304439278675		0.652522802352905	0.0169850904596654	0.0713695471333196	0.237987925409376	0.289895815711085	51.298443070354
222	0.0125173998332532		0.0910039974391003		0.655378818511963	0.0122998443445824	0.0564113072689502	0.218038633388531	0.320198198626484	47.8411710124217
220	0.00912923737692774		0.0734210553096513		0.656985223293304	0.00891168188825695	0.0449978443588546	0.198046862360493	0.354863468138455	44.1709288428462
218	0.00669879309838553		0.0603673221083324		0.657121121883392	0.00648123760971474	0.0364292684389033	0.17791292242348	0.396776678051344	40.1072903432552
216	0.00491089699690229		0.0504453348051443		0.655903518199921	0.0046933415082315	0.0298539009396112	0.157210326306276	0.446170589843009	35.7955805292729
214	0.00370098842095682		0.0435525686431112		0.654084265232086	0.00348343293228603	0.0252626464957198	0.137888678166645	0.500073480774531	31.6174266153307
212	0.00285939248849814		0.0385041298281397		0.652615189552307	0.00264183699982735	0.0219112186440445	0.120570062429887	0.556646206072245	27.7558028436467
210	0.00225794357351249		0.0345044666818901		0.652986526489258	0.0020403880848417	0.0193119599453262	0.105654117480474	0.611014506405432	24.4898143903016
208	0.00185340537284318		0.0312823121728231		0.655270755290985	0.00163584988417239	0.0172681319855206	0.0947323014176669	0.65276811803696	22.2449729491267
206	0.00158642982802678		0.0285310929112029		0.661797821521759	0.00136887433935599	0.0156193866742841	0.0876394424378854	0.676938683109066	21.0407548765755
204	0.00140179175770438		0.0259463341153024		0.668592393398285	0.00118423626903359	0.0140515983373805	0.0842776914483277	0.681623865461882	20.8149865472624
202	0.00127550105538919		0.0235243775858261		0.687935590744019	0.0010579455667184	0.0127919782025934	0.0827038281306574	0.665093741737309	21.6225175492952
200	0.00117025970945046		0.0211069094291345		0.715800225734711	9.52704220779669E-4	0.0115796893807656	0.0822737285476892	0.635902648792653	23.1258311941351
