Wavelength	I1	I1 dark	R1	R1dark	XCorrect	I1c	R1c	I1c/R1c	Abs	Percent T
nm	uA	uA	uA	uA		uA	uA	uA/uA	OD	T*100
	Abs Detector Raw	Dark Offset for Abs Detector	Ref Detector Raw	Dark Offset for Ref Detector	Linear interp	Dark subtracted Abs Detector	Corrected Ref Detector	Corrected Intensity 	-Log(T)	% Transmittance
800	0.142142195133627	2.22917212549208E-4	0.208724915433371	0.004943159665383	1.35067892074585	0.141919277921078	0.275243721948401	0.515613133394857	3.47740488650395E-4	99.9199618410961
798	0.144973848526548		0.213127659708992		1.34199333190918	0.144750931313999	0.279382210865369	0.518110766128028	3.06988815626602E-4	99.929338190166
796	0.158639564833942		0.233074837325515		1.33337259292603	0.158416647621393	0.304184526570254	0.520791275636452	2.44142354474884E-4	99.9437999435528
794	0.16565826082793		0.242918896658128		1.32502686977386	0.165435343615381	0.315324245869626	0.524651515962976	2.54736125091899E-4	99.941362038348
792	0.159035517820031		0.233149972746968		1.31713449954987	0.158812600607482	0.300579066542083	0.528355492065669	3.49585960747661E-4	99.9195372464548
790	0.149886141941063		0.220158826520496		1.30966234207153	0.149663224728513	0.281859854303954	0.530984538745692	3.48750346188495E-4	99.9197294991862
788	0.14926817510088		0.219614544181668		1.30193436145782	0.149045257888331	0.279488051923476	0.533279533284449	1.49686793089982E-4	99.9655392812315
786	0.152774083671466		0.224751371820749		1.29363858699799	0.152551166458917	0.284352384983221	0.536486326527273	1.81479115677063E-4	99.9582216189523
784	0.156830343764206		0.230692860444469		1.28498160839081	0.156607426551657	0.290084213600853	0.539868835355321	1.37646017708984E-4	99.9683108552218
782	0.163289032283625		0.240068460840355		1.27644824981689	0.163066115071076	0.300125279172464	0.54332682512016	5.53264921710945E-6	99.9987260685534
780	0.173271768068321		0.254639939435085		1.268270611763	0.173048850855772	0.316683087633771	0.546441719224031	5.39299665486487E-5	99.987582937277
778	0.187180017867788		0.274851700256727		1.26044166088104	0.186957100655239	0.340203969188932	0.549544148767448	2.18781292840589E-5	99.994962501451
776	0.204212987465255		0.299547449059415		1.25292003154755	0.203990070252706	0.369115615561613	0.552645462973256	1.34839766065976E-4	99.9689568158652
774	0.23052890761767		0.337650967583919		1.24577045440674	0.230305990405121	0.414477557055344	0.555653705453511	-9.67164356012924E-5	100.022272262186
772	0.297607224610381		0.435154827667945		1.23883104324341	0.297384307397832	0.532959569487101	0.557986617416444	-2.36166521272094E-4	100.054394139384
770	0.395365177863558		0.577186814099925		1.23221707344055	0.395142260651009	0.705128401162258	0.560383413857247	-2.80761594307852E-4	100.064668647333
768	0.443689466610893		0.644920839403004		1.22665858268738	0.443466549398344	0.785034113578507	0.564900991852242	4.89076903180713E-5	99.9887392222073
766	0.399483297659115		0.578871419500909		1.22236526012421	0.399260380446565	0.701549966626486	0.569111823020208	1.1922364322144E-4	99.9725515094262
764	0.339008177356328		0.491687540759923		1.2186872959137	0.338785260143778	0.593189193597291	0.571125138152426	-1.16360471684881E-4	100.026796578393
762	0.321137114195315		0.46724019130927		1.214359998703	0.320914196982766	0.561395022747473	0.571637054087528	-2.3798546560619E-4	100.05481319549
760	0.331203479206361		0.48196763570843		1.20898902416229	0.330980561993812	0.576717355792812	0.573904285468944	-1.84593685504222E-4	100.042513301194
758	0.351511401488496		0.511231255586615		1.2031888961792	0.351288484275947	0.609160215280136	0.576676669723743	-3.2336067950045E-4	100.074484273796
756	0.377762388627255		0.548599950505657		1.19780671596527	0.377539471414706	0.651195755248607	0.579763409653327	-3.46866332967412E-4	100.079900828474
754	0.40188492728819		0.582964440114437		1.1931779384613	0.401662010075641	0.689682239792965	0.582387057257289	-3.29474555398603E-4	100.075893104232
752	0.424745352001532		0.615339391156948		1.18890511989594	0.424522434788983	0.725703204785506	0.58498079103076	-4.64152971119726E-4	100.106932303079
750	0.457530088503831		0.662098639322158		1.1848680973053	0.457307171291282	0.778642562814673	0.587313349065054	-3.59843293019721E-4	100.082891316111
748	0.50551961773102		0.730441795482178		1.18107759952545	0.505296700518471	0.85687018724949	0.589700409744033	-5.49420343876967E-4	100.126588765383
746	0.559726346640397		0.807495823494597		1.17750906944275	0.559503429427848	0.945013040364338	0.592058951072398	-3.24461856986551E-4	100.074738018463
744	0.608554367685524		0.875854854898694		1.174187541008	0.608331450472975	1.02261366186111	0.594879056637911	-4.08658933827926E-4	100.094141482217
742	0.663838174837668		0.953002806860934		1.17108881473541	0.663615257625119	1.11026204853271	0.597710476100784	-5.03653007816393E-4	100.116037662444
740	0.748575257934134		1.07221384611848		1.16803753376007	0.748352340721585	1.24661222045909	0.60030884379265	-4.91379832214733E-4	100.113208420075
738	0.861688293065653		1.2310713406009		1.16498303413391	0.861465375853103	1.42841852846335	0.60309031189888	-4.90926542616184E-4	100.113103928183
736	0.94533792346871		1.34630722881232		1.16204738616943	0.945115006256161	1.55872861045379	0.606337113412585	-3.34072684358242E-4	100.076952671685
734	0.980732616320444		1.39285878807455		1.15931880474091	0.980509699107895	1.60903668740854	0.609376844406869	-3.37954024799649E-4	100.077847075081
732	0.98704034334602		1.40055200703795		1.15665113925934	0.986817426133471	1.61423256327389	0.611322958404499	-3.85931033710073E-4	100.08890340018
730	0.983167935829756		1.39641514792362		1.15388596057892	0.982945018617206	1.60559999179001	0.612197946962721	-3.5401201215872E-4	100.08154751011
728	0.98194107731415		1.39739057821757		1.15089321136475	0.981718160101601	1.60255828119408	0.612594357173777	-3.9978692389194E-4	100.092096724145
726	0.994285182794611		1.41908766522804		1.1476241350174	0.994062265582062	1.62290636498595	0.61251978982205	-4.58299578910764E-4	100.105583077581
724	1.01020992638332		1.44577378114924		1.14410185813904	1.00998700917077	1.64845699130331	0.612686296639291	-5.20882280221187E-4	100.12000953124
722	1.01321972861739		1.45318754912499		1.14027833938599	1.01299681140484	1.65140170743807	0.613416352206859	-4.606016944597E-4	100.106113720359
720	0.990496889352717		1.42251408885937		1.13600122928619	0.990273972140167	1.61036231816474	0.614938614105637	-3.87989425586438E-4	100.089377784918
718	0.92611250545471		1.33045639727165		1.13137769699097	0.925889588242161	1.49965611409402	0.617401269224655	-2.14618184985495E-4	100.049429875882
716	0.817413412261121		1.17409924610199		1.12621939182281	0.817190495048572	1.31672625661258	0.620622920629596	-1.60737871896157E-4	100.037018112784
714	0.687260040588805		0.987356401694367		1.12039887905121	0.687037123376256	1.10069469513434	0.624185004627832	-2.37117548793741E-4	100.054613240917
712	0.561772663160541		0.809226601991099		1.11375534534454	0.561549745947991	0.895774983062377	0.626887060440365	-2.33945481652595E-4	100.053882449242
710	0.464254884009187		0.672244768126831		1.10628998279572	0.464031966796638	0.738229084944368	0.628574484885822	-2.11277057199891E-4	100.048660175464
708	0.392549046283014		0.5730452323904		1.09837675094604	0.392326129070465	0.623990108845418	0.628737737199703	-4.06175889721591E-4	100.093569203572
706	0.339810183883885		0.501075480175535		1.09038031101227	0.339587266671335	0.540972913941098	0.627734324436639	-3.79902018717767E-4	100.087513943635
704	0.301488481461327		0.450059389986319		1.0826700925827	0.301265564248778	0.481914030291632	0.625143791863595	-2.94138820049273E-4	100.067750906797
702	0.280163121439117		0.42309247267464		1.07555782794952	0.279940204226568	0.449743766858822	0.622443766551284	-3.81536635789154E-4	100.087890658223
700	0.270818692460342		0.413167396420354		1.0694442987442	0.270595775247793	0.436573082606807	0.619817817516481	-3.72269394076086E-4	100.085754944282
698	0.275804954952625		0.423354199052989		1.0649927854538	0.275582037740076	0.445604738302025	0.618445034471986	-2.93670742016988E-4	100.067643054884
696	0.296758752781496		0.45607235382948		1.06259047985077	0.296535835568947	0.479365586901519	0.618600591430997	-4.07874095403969E-4	100.093960596526
694	0.323785948413246		0.497134824673704		1.06203079223633	0.323563031200697	0.522722703920904	0.618995556867293	-4.05023310914002E-4	100.093303564522
692	0.348673013438314		0.534127860414559		1.06277585029602	0.348450096225765	0.56240472030235	0.619571784601021	-3.99536734874726E-4	100.092039062957
690	0.365233091802319		0.558568268642095		1.06392598152161	0.36501017458977	0.589016137463054	0.619694693191093	-4.68290204826585E-4	100.107885959561
688	0.377640150468563		0.577262348157241		1.06461536884308	0.377417233256014	0.60929980395223	0.619427793686938	-3.52697749293522E-4	100.081244643581
686	0.384156047048973		0.58701322397277		1.0645604133606	0.383933129836423	0.619648748263901	0.619598007600446	-5.29522107198024E-4	100.122001332195
684	0.380347361761457		0.581400118221273		1.06376242637634	0.380124444548908	0.613213252934941	0.619889480094517	-3.78749070219229E-4	100.087248235456
682	0.376601676961971		0.576090090166319		1.06245732307434	0.376378759749422	0.606819238862151	0.620248561095674	-3.21212573897438E-4	100.073989287013
680	0.377569316118261		0.578164922311349		1.06094348430634	0.377346398905711	0.60815589414183	0.620476431356775	-3.62866265140866E-4	100.083587960567
678	0.386252813703192		0.59167068702789		1.05921316146851	0.386029896490643	0.621469519178241	0.621156604753655	-5.10227932847356E-4	100.117553363086
676	0.39290535273911		0.602281214024067		1.05730748176575	0.392682435526561	0.631569994016831	0.621756003683886	-4.60838958899013E-4	100.106168410502
674	0.400120989917309		0.613776387623154		1.05524814128876	0.39989807270476	0.642470132157272	0.62243838692079	-3.31676722869196E-4	100.076400558147
672	0.406359319970507		0.623655579173034		1.05312037467957	0.406136402757957	0.651578655050798	0.623311398569823	-5.21266622805145E-4	100.120098135636
670	0.411611897158991		0.632205223609086		1.0509113073349	0.411388979946442	0.659196795660665	0.624076122114848	-4.56961732237121E-4	100.105274702226
668	0.416282945113959		0.639812753791091		1.0485315322876	0.41606002790141	0.665680788331434	0.625014323973939	-4.06958267184583E-4	100.093749521367
666	0.418407841345703		0.643429741386501		1.04595601558685	0.418184924133154	0.66782888102269	0.626185743109462	-4.83071538175621E-4	100.111293217255
664	0.422764832905442		0.650545000147132		1.04322910308838	0.422541915692892	0.673510628997982	0.627372304905612	-4.83292618598061E-4	100.111344179571
662	0.427256168947065		0.658000044673008		1.04042720794678	0.427033251734516	0.679458151498903	0.628490880258732	-4.89094787162515E-4	100.112681674746
660	0.433733579809855		0.66817800025978		1.03775990009308	0.433510662597306	0.68827852191349	0.629847727039481	-5.08702976511201E-4	100.11720181676
658	0.44442249425689		0.685082429818698		1.03528940677643	0.444199577044341	0.704140981522378	0.630838977847824	-4.40567813446462E-4	100.101495960294
656	0.457081504521249		0.704689097831174		1.03309750556946	0.456858587308699	0.722905783251439	0.631975283492505	-6.39434158989009E-4	100.147343600416
654	0.473556415954442		0.730596823252554		1.03115320205688	0.473333498741892	0.748260098792221	0.632578831219128	-4.85541041528096E-4	100.111862475874
652	0.490049816462268		0.75620448306234		1.02945709228516	0.489826899249719	0.77339129753053	0.633349380596544	-4.41848660888581E-4	100.10179118609
650	0.499577430254764		0.770999952668748		1.02793705463409	0.499354513042215	0.787458163482319	0.634134657813382	-4.70145994955843E-4	100.108313732952
648	0.502003658577588		0.774899156144378		1.02666783332825	0.501780741365039	0.790489054663182	0.634772535312133	-5.09648646203557E-4	100.117419820696
646	0.502949010746663		0.776820069832992		1.02560043334961	0.502726093534113	0.791637293560457	0.635045995967496	-5.22855522733008E-4	100.120464433423
644	0.509037345378097		0.786521177582314		1.02465677261353	0.508814428165547	0.800849209384439	0.635343610511447	-5.97573751403344E-4	100.137691148531
642	0.517701391058809		0.800356115576349		1.02378344535828	0.51747847384626	0.814330616485139	0.635464838691476	-5.87793456292344E-4	100.135436076951
640	0.531152312635921		0.821463061292791		1.02288675308228	0.530929395423372	0.835207391002718	0.635685700513208	-5.30843848418709E-4	100.122306046123
638	0.544177561302136		0.841891773674541		1.02184903621674	0.543954644089587	0.855235134588191	0.636029346890092	-5.96320163987774E-4	100.137402102334
636	0.559422736412118		0.865854104206233		1.02063095569611	0.559199819199569	0.878672360095965	0.636414486895315	-5.22421529890486E-4	100.120364382548
634	0.573314720914714		0.887353213007046		1.01923584938049	0.573091803702165	0.899383960219576	0.637204830250975	-5.85544837205054E-4	100.134917613375
632	0.587409900606927		0.909522309292974		1.0177036523819	0.587186983394378	0.92059350444451	0.637835244936569	-5.49319716404717E-4	100.126565565723
630	0.59872516850605		0.927205182757473		1.01619136333466	0.598502251293501	0.937194702597729	0.638610365204331	-5.21728518112763E-4	100.120204618748
628	0.615404790326608		0.953425023656122		1.01451146602631	0.615181873114059	0.962245726336608	0.639318893580473	-5.1408629247641E-4	100.118442831541
626	0.631576765969996		0.978637233638387		1.01275491714478	0.631353848757447	0.986113461210888	0.640244630655566	-5.79116651534434E-4	100.133435482918
624	0.646509807292163		1.00200402584238		1.01092803478241	0.646286890079613	1.00795678200276	0.641185119857494	-5.44091518707232E-4	100.125360212327
622	0.659429695546201		1.02213730823264		1.0092089176178	0.659206778333652	1.02656140568271	0.642150362057735	-5.16811770854934E-4	100.119071141406
620	0.669756656259331		1.03847013897792		1.00772297382355	0.669533739046782	1.0415088811197	0.642849764590567	-4.41469233092238E-4	100.101703730718
618	0.677726854286566		1.05089410743414		1.0068142414093	0.677503937074017	1.05307831002914	0.643355703580365	-5.71263824185255E-4	100.131624906214
616	0.684969429330868		1.06242142519813		1.00664889812469	0.684746512118319	1.06450933078936	0.643250831451675	-4.49049112214566E-4	100.103450852699
614	0.692671251199507		1.07467529477808		1.00700271129608	0.692448333986958	1.07722316041903	0.642808620748187	-5.1690699884636E-4	100.119093094573
612	0.699089535780795		1.08476465020651		1.00780045986176	0.698866618568246	1.08824459473595	0.642196269063771	-5.38028848578026E-4	100.123962490692
610	0.70814728110593		1.09899035968336		1.00835275650024	0.707924363893381	1.1031855098795	0.641709266078656	-5.8045422117284E-4	100.133743881148
608	0.717774856751054		1.11413208630743		1.0085117816925	0.717551939538505	1.11863010064136	0.641455955035626	-5.46343779064305E-4	100.125879465907
606	0.732072158940018		1.13638231662623		1.00798010826111	0.731849241727469	1.14046816392425	0.641709488153741	-5.42690232288105E-4	100.125037150242
604	0.745423376538037		1.15715399470485		1.00688087940216	0.745200459325488	1.16013905884124	0.642337186776387	-5.51215211590518E-4	100.127002572973
602	0.760984234630155		1.18123844590256		1.00539457798004	0.760761317417606	1.18264090288634	0.643273300932599	-5.18832583011075E-4	100.119537005734
600	0.777349743597965		1.20644420446884		1.00393652915955	0.777126826385416	1.20623078870155	0.644260479557115	-5.25960912760215E-4	100.121180339833
598	0.795474946467435		1.23434172022651		1.00287997722626	0.795252029254886	1.23293920041753	0.645005065120466	-5.28688774127975E-4	100.12180921625
596	0.815171415504943		1.26455878400957		1.00218975543976	0.814948498292394	1.2623738745096	0.645568254182208	-5.94812872164425E-4	100.137054559292
594	0.833767718226046		1.2932998666584		1.00178515911102	0.833544801013496	1.29065662870675	0.645830023628139	-4.5507143633536E-4	100.104838988243
592	0.85403364679497		1.32440944752775		1.00154709815979	0.85381072958242	1.32150763172822	0.646088383512275	-5.64434860620225E-4	100.130050421917
590	0.871784733149821		1.35153890908926		1.00122630596161	0.871561815937272	1.34824708781928	0.646440718330778	-5.69745674387113E-4	100.1312748798
588	0.8901428324417		1.37973997709181		1.00070452690125	0.889919915229151	1.37576539876805	0.646854409935038	-5.89589834661147E-4	100.135850269419
586	0.902526471918584		1.39879566244047		0.999973237514496	0.902303554706035	1.39381519981769	0.647362401288245	-4.77587181708944E-4	100.11002900006
584	0.916471584472726		1.4199330692774		0.999053955078125	0.916248667260177	1.41365126559352	0.648143350174478	-5.27861574594982E-4	100.121618514691
582	0.931916141600954		1.44343552432265		0.998229086399078	0.931693224388405	1.43594491896387	0.64883632518487	-5.66594737131247E-4	100.130548399881
580	0.946064547000963		1.46500847803283		0.997582137584686	0.945841629788413	1.45653508131027	0.64937785702872	-5.62190219420804E-4	100.129532903355
578	0.959383522777821		1.48540714738492		0.997147619724274	0.959160605565272	1.47624114144204	0.649731658764321	-5.21586361952346E-4	100.120171846742
576	0.976037041388034		1.51056400153244		0.996688485145569	0.975814124175485	1.50063495608408	0.650267488584887	-5.69891163936892E-4	100.131308423989
574	0.992277031557518		1.53527211758362		0.996220171451569	0.992054114344968	1.5245445768346	0.650721618389644	-5.46105114184592E-4	100.125824442126
572	1.00958452050203		1.56171576829582		0.9957315325737	1.00936160328948	1.55012757546035	0.651147440551614	-4.63727605423678E-4	100.106834254323
570	1.03264822127657		1.59671166659349		0.995352268218994	1.03242530406402	1.58437039385045	0.651631277680562	-4.71864010443932E-4	100.108709749897
568	1.04862408028256		1.62047915459666		0.995181918144226	1.04840116307001	1.60775221026675	0.652091259072855	-6.09912983494222E-4	100.140536314235
566	1.07176043883269		1.65556090189301		0.995282471179962	1.07153752162014	1.6428309054578	0.652250647379648	-5.72073149156407E-4	100.131811505638
564	1.09142131827073		1.68546279538925		0.995623111724854	1.09119840105818	1.67316418903411	0.6521765217125	-5.24045879454082E-4	100.120738853744
562	1.11836728068747		1.7262763633414		0.996170461177826	1.11814436347493	1.71474129134664	0.652077586932552	-4.98936702891333E-4	100.114950438873
560	1.14581344756999		1.76760917567624		0.99668163061142	1.14559053035744	1.75681683906104	0.652083077123581	-5.14078082563131E-4	100.1184409389
558	1.17535004718342		1.8119830417709		0.997178435325623	1.17512712997087	1.80194120220898	0.652145102476313	-5.21323108204247E-4	100.120111157501
556	1.20310785499486		1.85370821097674		0.997675478458405	1.20288493778232	1.84446755712423	0.6521583603551	-5.60506760750708E-4	100.129144771314
554	1.23108755611597		1.89545901037046		0.99818366765976	1.23086463890342	1.8870820456257	0.652258147310869	-4.90154241702064E-4	100.112925898352
552	1.26048843032711		1.93952733905179		0.998678505420685	1.26026551311456	1.93202763688012	0.65230201113979	-5.14466240863886E-4	100.11853042155
550	1.28707463627556		1.97877814608489		0.999059557914734	1.28685171906301	1.97197870892891	0.652568769244964	-4.92781338559977E-4	100.113531494692
548	1.31939777304826		2.02699394179067		0.999196529388428	1.31917485583571	2.02042612374674	0.652919124501019	-4.59151085458529E-4	100.105779351415
546	1.34206279523553		2.05993458954723		0.99907249212265	1.34183987802298	2.05308540914274	0.653572360919586	-5.20302560816001E-4	100.119875885808
544	1.36909755770074		2.09936982345948		0.998806416988373	1.36887464048819	2.09192679170909	0.654360681221465	-4.94546837967805E-4	100.113938478311
542	1.38935008752704		2.1283845251868		0.998482644557953	1.3891271703145	2.12021935020958	0.655180875590624	-4.91080191230131E-4	100.113139347105
540	1.4107038868802		2.15894363151001		0.99831360578537	1.41048096966765	2.15036797791059	0.655925397028159	-4.94914556382469E-4	100.114023245113
538	1.42900125924361		2.18480891460978		0.998360693454742	1.42877834203106	2.17629228674453	0.656519508309399	-4.5884867261427E-4	100.105709644651
536	1.45219027587458		2.21792095061028		0.998661279678345	1.45196735866203	2.21001523260479	0.65699427643795	-4.69042982956372E-4	100.108059480284
534	1.47200616019481		2.24546769122287		0.999168038368225	1.47178324298226	2.23866050111218	0.657439233082049	-4.35371582130943E-4	100.100298276607
532	1.48848443924274		2.26819598703049		0.999805629253387	1.48826152203019	2.26281291722328	0.657704183453422	-4.23785812556081E-4	100.097627914515
530	1.51031101386256		2.29839018856999		1.0004802942276	1.51008809665001	2.2945485582739	0.658119912609733	-4.40250438794247E-4	100.101422807935
528	1.52869251098149		2.32319238573651		1.00102841854095	1.52846959376894	2.32063335655777	0.658643292120966	-4.0653742805904E-4	100.093652528779
526	1.54755303184119		2.34903110633639		1.0014044046402	1.54733011462864	2.34737999466034	0.659173256204106	-3.96290288035298E-4	100.091290855731
524	1.57224107648131		2.3829956081538		1.00163662433624	1.57201815926876	2.38194442699848	0.659972643127397	-4.07329541692846E-4	100.093835090664
522	1.59353839390109		2.41174397229674		1.00181710720062	1.59331547668854	2.41117422771845	0.660804788958033	-4.39105874553077E-4	100.101158995331
520	1.62283968772932		2.45229046871676		1.0020604133606	1.62261677051677	2.45238985614496	0.661647154693197	-3.94492925561914E-4	100.09087662077
518	1.65414091135913		2.49596487039771		1.00242054462433	1.65391799414658	2.49705133994333	0.662348413783162	-4.22585369574811E-4	100.097351232831
516	1.68913333523054		2.54470435994905		1.00289297103882	1.68891041801799	2.5471086558816	0.663069639419612	-3.88837355457183E-4	100.089573202681
514	1.73411919015332		2.60803574397334		1.00349617004395	1.73389627294077	2.61219343862283	0.663770242779149	-4.73476120118969E-4	100.10908135609
512	1.77915311636498		2.67083639069505		1.00418245792389	1.77893019915243	2.67704321729803	0.664513067124826	-4.1992118594011E-4	100.09673718656
510	1.8277971560876		2.73950391971755		1.00497353076935	1.82757423887505	2.74816118213293	0.665017121541834	-3.20568302657516E-4	100.073840828425
508	1.89392111669984		2.83310628750759		1.00580215454102	1.89369819948729	2.84457256737715	0.665723286937758	-4.06682348731888E-4	100.093685929254
506	1.97274137242737		2.94505003706029		1.00663805007935	1.97251845521482	2.95962345408568	0.666476153407899	-4.31845617268488E-4	100.099485582188
504	2.04948777562413		3.05385731201614		1.00742840766907	2.04926485841158	3.07156272962241	0.667173370300498	-3.76933541560468E-4	100.086829830675
502	2.14430557767445		3.18757963814197		1.00814700126648	2.1440826604619	3.20856542189748	0.668237164755687	-3.54069339076218E-4	100.081560720886
500	2.23302016929995		3.31299543353927		1.00866842269897	2.2327972520874	3.33672786929413	0.66915773163118	-2.75443784265531E-4	100.063443391973
498	2.36254259309881		3.4967028913013		1.00904226303101	2.36231967588626	3.52333314157045	0.670478657840827	-3.59858908940863E-4	100.08289491479
496	2.53446996057588		3.74304634734821		1.00876116752625	2.53424704336333	3.77085333594051	0.672061949269966	-4.54859675893993E-4	100.104790177492
494	2.74764058960691		4.04840877288586		1.00816118717194	2.74741767239436	4.07646509291325	0.673970611736776	-2.76632545032012E-4	100.063717288288
492	2.92283867240294		4.29395989495156		1.00794267654419	2.9226157551904	4.32308300790717	0.676048956229793	-3.06702610361216E-4	100.070645828279
490	2.9785335940554		4.36240554897494		1.00791668891907	2.97831067684285	4.39195906352225	0.678128059430114	-2.9092536618866E-4	100.067010483135
488	3.01006256121457		4.39749026563162		1.00887954235077	3.00983964400202	4.43155091402141	0.679184263567614	-2.65799467489855E-4	100.061221321763
486	3.1123688596339		4.53558679828294		1.00954282283783	3.11214594242135	4.57387876820222	0.680417234505013	-2.92398512768481E-4	100.067349915549
484	3.32442426650141		4.83194192405189		1.01009511947632	3.32420134928886	4.87572789362503	0.681785657816391	-2.17929795238195E-4	100.050192782147
482	3.49800842108124		5.06720272633449		1.01073944568634	3.49778550386869	5.1166254283355	0.683611797044631	-2.17230717753483E-4	100.050031732942
480	3.57119109901147		5.15544490127486		1.01162850856781	3.57096818179892	5.2103943952403	0.685354679688164	-1.93367007661009E-4	100.044534312513
478	3.54654211229356		5.10196499426199		1.0127238035202	3.54631919508101	5.1618753389582	0.687021472276925	-2.7772036710057E-4	100.063967928489
476	3.65743804690904		5.24734784280216		1.01399922370911	3.65721512969649	5.31579427906968	0.687990343060555	-2.08619162972638E-4	100.048047876774
474	3.94313888805259		5.64119117618938		1.01552999019623	3.94291597084004	5.72377889296413	0.688865877696082	-1.79310940177194E-4	100.0412963944
472	4.41804370793231		6.3032037467863		1.01726651191711	4.41782079071976	6.40700957860553	0.68952929389584	-1.58648737041132E-4	100.036536894791
470	4.95202351536894		7.04793640982612		1.01911818981171	4.95180059815639	7.17764253195987	0.689892339456516	-6.06599090237553E-5	100.013968435721
468	5.37867685839068		7.63267741090758		1.02110064029694	5.37845394117813	7.78868432795827	0.690547172629866	-1.68380418259647E-5	100.003877177571
466	5.4995729882787		7.76795840401936		1.02326714992523	5.49935007106615	7.94363848391623	0.692296116219398	-1.15002528689109E-4	100.026483817165
464	5.32658887031756		7.48683473570908		1.02553856372833	5.32636595310501	7.67296834086697	0.694172804641494	-1.09953557596454E-4	100.025320947475
462	5.12552717678503		7.18026476623095		1.027627825737	5.12530425957248	7.37356014151869	0.695092216134939	-6.90918237276809E-5	100.015910245882
460	4.96993195035598		6.94994595611611		1.02919805049896	4.96970903314343	7.14778333881693	0.695279752836772	-1.04622982307483E-4	100.024093233898
458	4.82887572533367		6.74469709219015		1.03004312515259	4.82865280812112	6.94223720341725	0.695547078936494	-1.01319472633887E-4	100.023332392311
456	4.61328629748419		6.44742065294832		1.03006207942963	4.61306338027164	6.63615176340959	0.695141332617971	-8.63823355204144E-5	100.019892246052
454	4.43799439144634		6.21460546833173		1.02918720245361	4.43777147423379	6.39090497963796	0.694388586338391	-8.21636199893914E-5	100.018920662389
452	4.2883452099154		6.02522022738925		1.02735614776611	4.28812229270285	6.18496865678147	0.69331350418424	-9.25179319894661E-6	100.002130326801
450	4.12769624815498		5.82064106560905		1.02460694313049	4.12747333094243	5.95880445357935	0.692668028141639	-5.07845986813221E-5	100.011694269714
448	3.86039987471132		5.46288424330811		1.02102768421173	3.86017695749877	5.5727089451958	0.692693086156349	-4.78249696586017E-5	100.011012712576
446	3.51104690979867		4.98800238485408		1.01675081253052	3.51082399258612	5.0665295160983	0.692944545458759	1.24523527626391E-5	99.9971327809211
444	3.24500629806875		4.62727705670563		1.0121191740036	3.2447833808562	4.67835276584122	0.693573901597982	-3.52526413239742E-6	100.000811725358
442	3.11776238988579		4.45679636891027		1.00782012939453	3.11753947267324	4.48666727738664	0.694845255939976	3.4915521920914E-5	99.9919607271379
440	3.07492393790852		4.39730831983157		1.0045450925827	3.07470102069597	4.41232886647618	0.696843121567121	-7.91587109793641E-6	100.00182271329
438	3.04251436772552		4.34767840059628		1.00285410881042	3.04229145051298	4.35512987984338	0.69855355280986	3.1972797410168E-5	99.9926382623194
436	3.01094630144541		4.29557029533575		1.00277864933014	3.01072338423287	4.30254928388677	0.699753375401916	1.32079119284698E-4	99.9695922829676
434	2.98652572048831		4.24934469737592		1.00421047210693	2.98630280327576	4.2622724719957	0.700636297396891	1.25185174410426E-4	99.9711792023439
432	2.96516699254631		4.20550895536358		1.00665414333344	2.96494407533376	4.2285169625843	0.701178238509821	2.58065265942946E-4	99.9405959277717
430	2.97578858674215		4.2046405349569		1.00962591171265	2.9755656695296	4.2401232914459	0.701763950008849	3.39649583857742E-4	99.9218233670019
428	2.98453101834784		4.20231823272008		1.01240730285645	2.98430810113529	4.24945317678818	0.702280499862075	2.7720167218953E-4	99.936192321949
426	2.98552719754308		4.1925749832473		1.01423370838165	2.98530428033053	4.24723735376851	0.702881433664571	2.84421607235183E-4	99.9345309450496
424	2.97939897491132		4.18186407020416		1.01462960243225	2.97917605769877	4.23802760285091	0.702962872562387	3.43154566470397E-4	99.9210169491107
422	2.95884674110672		4.15902249314699		1.01337480545044	2.95862382389417	4.20963933639262	0.702821212809532	2.56605807673654E-4	99.9409317813925
420	3.40922646342818		4.80817710481091		1.01114857196808	3.40900354621564	4.8567831444625	0.701905653354616	3.50158709839119E-4	99.9194054723043
418	3.27192184971901		4.63631723000935		1.0079870223999	3.27169893250646	4.66836495878613	0.70082329924719	3.09304400148471E-4	99.928805385303
416	3.0697029662497		4.37689699178813		1.00422537326813	3.06948004903715	4.39042696897448	0.699130191830549	3.83073831192719E-4	99.9118328807431
414	2.89092232731563		4.14886005422275		1	2.89069941010308	4.14391689455737	0.697576588444554	4.21594886362177E-4	99.9029712932593
412	2.750870277094		3.97460526976279		0.995681941509247	2.75064735988145	3.95252087691748	0.695922284925828	4.88124259513017E-4	99.8876683749096
410	2.63472749191356		3.82815279232064		0.991583049297333	2.63450457470101	3.79102986565124	0.694931105283825	4.11252810263636E-4	99.9053503620176
408	2.53714983117064		3.70499290511745		0.988153755664825	2.53692691395809	3.65621805211515	0.693866415459129	5.09000890350471E-4	99.8828668682253
406	2.45224411861928		3.59517768338829		0.985654711723328	2.45202120140674	3.53873157449924	0.692909634366297	6.35124060329528E-4	99.8538641632042
404	2.40328242447899		3.533528220744		0.98426741361618	2.40305950726644	3.47307129179254	0.691911943456294	6.27882069852374E-4	99.85552927016
402	2.3745829861171		3.4968760114178		0.984128773212433	2.37436006890455	3.4365115935353	0.690921594261796	6.63601531597439E-4	99.8473167801756
400	2.39005904806698		3.52114223446537		0.985299050807953	2.38983613085443	3.46450761085223	0.689805420940196	7.39854623895246E-4	99.8297872037761
398	2.44147246338889		3.59327953886462		0.987817049026489	2.44124954617634	3.54461985301499	0.688719706881927	7.61699873215496E-4	99.8247658373187
396	2.4875250144744		3.65462944096323		0.991658091545105	2.48730209726185	3.61924093245017	0.687244133144236	8.47812210699628E-4	99.8049744466527
394	2.51331432101198		3.68270684563619		0.996615350246429	2.51309140379943	3.6653157440174	0.68564117781704	8.8786845921211E-4	99.7957695668615
392	2.51602579561052		3.67449451656744		1.0025714635849	2.51580287839797	3.67898747458926	0.683830237470121	9.90874495359342E-4	99.772102796692
390	2.5296850362786		3.68031106927858		1.0093150138855	2.52946211906605	3.70960401272556	0.681868498737033	9.95900169519715E-4	99.770948236368
388	2.53733418175584		3.67734350337247		1.01699423789978	2.53711126454329	3.73480998881128	0.679314683248668	0.0010394567413799	99.7609424390468
386	2.5579669941734		3.69186741688865		1.02549052238464	2.55774407696085	3.7809058825325	0.676489750453042	0.0010767120277723	99.752384966575
384	2.5872505145642		3.71895962869446		1.03449034690857	2.58702759735165	3.84211418547003	0.673334386347803	0.00115174453177253	99.735152362859
382	2.6154156877915		3.74580273161454		1.04369103908539	2.61519277057895	3.90430161372014	0.669823448421321	0.00117786366062675	99.7291543198909
380	2.64440103923818		3.77407713335703		1.0526317358017	2.64417812202563	3.96751003719619	0.666457828017054	0.00115986123120122	99.7332883910075
378	2.65768221594293		3.78286615920082		1.06117713451386	2.65745929873038	4.009045503061	0.662865835945574	0.00133653884541833	99.6927236210215
376	2.66834246980658		3.78808182080107		1.06922745704651	2.66811955259403	4.04503573030045	0.659603457296496	0.00135161363737998	99.6892632478209
374	2.66088938145745		3.76881106892495		1.07646524906158	2.6606664642449	4.051673006376	0.65668341449517	0.00141743148049144	99.6741563666654
372	2.66926322175603		3.77356488970674		1.08239138126373	2.66904030454348	4.07912367983998	0.654317082302388	0.00150613675005214	99.6537998565518
370	2.66643288729468		3.7631919283224		1.08660447597504	2.66620997008213	4.08372993385039	0.652885967796667	0.0015667027779156	99.6399032628123
368	2.68257708889033		3.78047333694476		1.08728444576263	2.68235417167778	4.1050752362633	0.653423875884775	0.0016926082552755	99.6110210370323
366	2.70033896626076		3.80051851508731		1.08414971828461	2.70011604904821	4.11497195230868	0.656168761377176	0.001771264449725	99.5929818615452
364	2.72021711559539		3.82438769223803		1.07767069339752	2.71999419838284	4.11610343781094	0.660817746560182	0.00183233580902279	99.5789778817546
362	2.74354721804123		3.85387030930773		1.06871128082275	2.74332430082868	4.11339186388774	0.666925105024118	0.00196650845568429	99.5482183121119
360	2.77620710560604		3.89630378081786		1.05907070636749	2.77598418839349	4.1212260417746	0.673582123439693	0.0020616454431196	99.5264135673301
358	2.82753098235409		3.96503619021118		1.04836678504944	2.82730806514154	4.15162999892999	0.681011570363984	0.00213676575455941	99.5091998818521
356	2.86113911210261		4.00929673690933		1.03684234619141	2.86091619489006	4.15188335800956	0.689064684192284	0.00219526842955606	99.4957961603294
354	2.90355278380813		4.06630097252139		1.02479386329651	2.90332986659558	4.16205456326617	0.697571313028918	0.00231816529901984	99.4676447735582
352	2.93170040332457		4.10347460518536		1.01273274421692	2.93147748611202	4.15071699808078	0.706258096484892	0.00239830861517306	99.4492910257062
350	2.97398385042123		4.16120558639999		1.00126516819	2.97376093320869	4.16152079774621	0.714585142724556	0.00248492893199933	99.4294577778846
348	2.99327845483632		4.18696549840643		0.990810453891754	2.99305553762378	4.14359145163347	0.72233365006192	0.00257877501718797	99.4079745271
346	3.02362778332834		4.22871186054431		0.981342911720276	3.02340486611579	4.14496547535349	0.729416175862827	0.00270062590809657	99.3800873407656
344	3.03387210701787		4.24380063001527		0.972720801830292	3.03364918980532	4.12322483740306	0.735746729668036	0.00281176278079116	99.354659020805
342	3.05478868408273		4.27369798097002		0.964752793312073	3.05456576687018	4.11829313781803	0.741706737390861	0.00288904881624622	99.3369796700053
340	3.05692712401559		4.27820941894028		0.957048177719116	3.05670420680304	4.08972168634762	0.747411301117869	0.00296995132287979	99.3184764136011
338	3.06583889155811		4.29418438225535		0.950148642063141	3.06561597434556	4.0754167231251	0.752221473929367	0.00315418890654796	99.2763521956708
336	3.05541962890443		4.28453297848532		0.944044172763824	3.05519671169188	4.04012183027635	0.75621400542837	0.00331904891751707	99.2386736269745
334	3.04808544924623		4.28112243162395		0.938558220863342	3.04786253203368	4.01344320958213	0.759413394652473	0.00335685472044187	99.2300351694308
332	3.02090394300719		4.25331120126633		0.933434963226318	3.02068102579464	3.96557526668364	0.761725808402269	0.00353388061668192	99.1895955438588
330	2.96145891150644		4.18489785925454		0.928119659423828	2.96123599429389	3.87949813218971	0.763303884521391	0.00375240970209152	99.1396976980956
328	2.91095396786059		4.13301364315326		0.923022568225861	2.91073105064804	3.81030221948635	0.763910808901773	0.00383336805539191	99.1212184427551
326	2.83162630704475		4.04416253266845		0.918195605278015	2.83140338983221	3.70879347704523	0.763429780427666	0.0039710826220483	99.0897921360242
324	2.7480038098203		3.95228361457855		0.913534343242645	2.74778089260775	3.60603107003422	0.761995900546046	0.00417784573604825	99.0426277383047
322	2.66274353184067		3.85964867842526		0.908978700637817	2.66252061462812	3.50384521378378	0.759885340868949	0.00437144793360072	98.9984858072523
320	2.58201067083514		3.77126147174719		0.904343068599701	2.58178775362259	3.40604385967131	0.758001910718712	0.00458783901047003	98.9491712205298
318	2.51019681614162		3.69313742420779		0.899914681911469	2.50997389892907	3.31906016840339	0.756230309659159	0.00479366485098226	98.9022872009753
316	2.43956815431447		3.61583124775888		0.895963847637177	2.43934523710192	3.2352251847955	0.75399550194096	0.00508944518287692	98.83495180258
314	2.39257379415068		3.5710527689339		0.892610192298889	2.39235087693814	3.18314578408809	0.751568115069382	0.00534111175674553	98.7776951501329
312	2.34561457802973		3.52504297907869		0.88999992609024	2.34539166081718	3.13288857910811	0.748635516902067	0.00556517011039967	98.7267475545104
310	2.29913448788342		3.48046241285057		0.888025283813477	2.29891157067088	3.08634897120898	0.744864431117895	0.00587052139338304	98.6573574405102
308	2.24181101399138		3.41986673438176		0.887133359909058	2.24158809677883	3.02949262467079	0.739921952119762	0.0061750471307231	98.5882035024278
306	2.18348611188069		3.35857786743916		0.887335538864136	2.18326319466814	2.97579926057591	0.73367287356796	0.00641076317649316	98.5347086571322
304	2.12344982061668		3.29520118312209		0.888603985309601	2.12322690340413	2.92373639234052	0.726203261335894	0.00676057558467071	98.4553735812785
302	2.05524874667044		3.2214312005067		0.891015827655792	2.05502582945789	2.86594175385519	0.717050800733661	0.00699958328385653	98.4012049944233
300	1.98434971130921		3.14302817347624		0.894482612609863	1.98412679409666	2.80696248174539	0.706859036057695	0.00738701392447478	98.3134612085045
298	1.90733584442944		3.05546046142379		0.900495111942291	1.90711292721689	2.74697591912884	0.694259062824878	0.00775670529755712	98.2298078929959
296	1.81917980230123		2.94990325969714		0.909423410892487	1.81895688508868	2.67821565911316	0.67916744452573	0.00824029949348518	98.1204882288985
294	1.72563286663987		2.83529937831914		0.92107892036438	1.72540994942732	2.60698145012421	0.661842050830515	0.00859920779978484	98.0394332948334
292	1.63319750323969		2.72000514049858		0.934718489646912	1.63297458602714	2.53781863402216	0.643455983865583	0.00912495933037719	97.9208197794655
290	1.52930040892828		2.58491748234696		0.948803901672363	1.52907749171573	2.44788970357479	0.62465130250057	0.0095460791294015	97.8259154889531
288	1.42398947184908		2.44561145263016		0.962523102760315	1.42376655463653	2.34919961815318	0.606064526673056	0.0101850040642807	97.6821018671682
286	1.30774369594639		2.28664867250363		0.97529125213623	1.30752077873384	2.22532742662215	0.587563323532366	0.0108211399570921	97.53912606032
284	1.19571337412841		2.13109537722675		0.986907541751862	1.19549045691587	2.09831565842376	0.569738138357082	0.0114392706193958	97.4003975230016
282	1.0920244951482		1.98639064147684		0.996903836727142	1.09180157793565	1.97531259689117	0.552723442180228	0.012054004150544	97.2626271004919
280	0.991239609381487		1.84335992915773		1.00535523891449	0.991016692168938	1.84826193051739	0.536188445915521	0.0126897881868017	97.1203439573749
278	0.897603969802023		1.70823507618204		1.00982344150543	0.897381052589474	1.72002410502524	0.521725858357263	0.0132658522050725	96.9916053965554
276	0.814522730815152		1.58807596258747		1.01022160053253	0.814299813602603	1.5993149540235	0.509155380279548	0.0139889345846264	96.8302527385614
274	0.733271792724287		1.46804362969307		1.00653350353241	0.733048875511738	1.47265964211688	0.497772095158399	0.0147569121165692	96.6591758526041
272	0.66957202949005		1.37382709564571		0.99854451417923	0.6693491122775	1.36689154482123	0.489687067575681	0.0154394315943995	96.5073895397396
270	0.619905675318389		1.3018797433331		0.988452672958374	0.61968275810584	1.28196043278386	0.483386805285526	0.016219465394539	96.3342087481714
268	0.578167395761046		1.24174652671547		0.972882628440857	0.577944478548497	1.20326451060019	0.480313741041208	0.0168666401447025	96.190760832962
266	0.544427065390495		1.19405849132253		0.953488886356354	0.544204148177946	1.13380825333104	0.479978996959246	0.0174636972116505	96.0586110672917
264	0.515242615739044		1.15333396298184		0.931065678596497	0.515019698526495	1.06922726258381	0.48167467904058	0.0181278549222076	95.9118228575002
262	0.488260824159846		1.11500420239281		0.906938552856445	0.488037906947297	1.00675715567353	0.484762292671062	0.018675938146897	95.7908576901203
260	0.460719839162472		1.07423929471878		0.883175373077393	0.460496921949923	0.944376013006	0.487620307597751	0.0191870174718376	95.6781969633741
258	0.430934161180904		1.02606702318275		0.859192788600922	0.430711243968355	0.877342259802436	0.490927273998342	0.0196446418440456	95.5774321220737
256	0.401638142316032		0.977788498595391		0.834685504436493	0.401415225103482	0.812019902463485	0.494341608974952	0.0201155712427215	95.4738484252993
254	0.368886421255495		0.919069590138614		0.80953711271286	0.368663504042946	0.740019271179813	0.498180950686845	0.0204646003664275	95.3971498527176
252	0.337906355461316		0.862408378206818		0.784095585346222	0.337683438248767	0.672334692446273	0.502254966228374	0.0208477178717775	95.3130313488303
250	0.306232582394519		0.801227978365834		0.758817315101624	0.30600966518197	0.604234708182459	0.506441720473901	0.0213203555314334	95.2093597021906
248	0.277019760550798		0.74346632698531		0.735633492469788	0.276796843338249	0.543282376845407	0.509489825430161	0.0218256271230793	95.0986546086949
246	0.248569841536061		0.685589067389916		0.715051770210266	0.248346924323512	0.486697061204801	0.510270030619741	0.022391999872556	94.9747152469071
244	0.22009749362737		0.624751302130082		0.697206974029541	0.219874576414821	0.432134559486683	0.508810442460333	0.0230958606780386	94.8209144491532
242	0.193126897421662		0.564937140686958		0.681808710098267	0.192903980209113	0.381808773863114	0.50523715905563	0.0240127116694539	94.6209465692715
240	0.16773316278192		0.506061135368016		0.667849898338318	0.167510245569371	0.334671589128507	0.500521260276593	0.0250947457374714	94.3854942313399
238	0.142452643778932		0.444651739251091		0.657016694545746	0.142229726566383	0.288895877522807	0.492321758918675	0.0268247177584463	94.0102661580349
236	0.119927899835123		0.386831277445998		0.649702370166779	0.119704982622574	0.248113615260595	0.482460353886048	0.028984952457707	93.5438084875477
234	0.0985603004331988		0.328645628569609		0.645702123641968	0.0983373832206496	0.209015371599607	0.470479192358284	0.032504111110016	92.7888706523649
232	0.0801312687532976		0.275874364132035		0.644411623477936	0.0799083515407484	0.174591217321188	0.457688266149977	0.0367717301311727	91.881540888625
230	0.0627445256587091		0.223944011556336		0.644490897655487	0.0625216084461599	0.141144055622517	0.44296310014905	0.0437034852014676	90.4266651567252
228	0.0485931905712121		0.180330797428543		0.646355271339417	0.0483702733586628	0.113362724195986	0.426685876699983	0.0525145217438237	88.6105593963271
226	0.0363765690303666		0.14168668022761		0.649210751056671	0.0361536518178174	0.0887753636863368	0.407248704106201	0.0647349953079969	86.1519287325345
224	0.0273172236304698		0.1124900412833		0.652522802352905	0.0270943064179206	0.0701767925776394	0.386086417214709	0.0797662157827168	83.221163677346
222	0.0204845147268027		0.0899559616309102		0.655378818511963	0.0202615975142535	0.0557155897105587	0.363661187461392	0.0980346974458156	79.7930934969615
220	0.0153087502344683		0.0723377341240996		0.656985223293304	0.0150858330219191	0.0442772395495172	0.340713042985616	0.119242675139043	75.9901540381558
218	0.0115993875993726		0.0595372371201942		0.657121121883392	0.0113764703868234	0.0358749214252944	0.317114851680264	0.145767589426986	71.4878787625386
216	0.00889803224822818		0.0499431781680516		0.655903518199921	0.00867511503567897	0.0295156704549619	0.293915567627588	0.174429069302498	66.9223111293822
214	0.007045899076918		0.0431653518859304		0.654084265232086	0.00682298186436879	0.0250005345141363	0.272913439531095	0.203577166260122	62.578166397995
212	0.00572524707413842		0.0380558786778923		0.652615189552307	0.00550232986158921	0.021609863394941	0.254621223699051	0.231991090845672	58.6150188726045
210	0.0047505121041258		0.034134092957479		0.652986526489258	0.00452759489157659	0.0190612861353854	0.237528300001308	0.259185572656519	55.057238829816
208	0.00402456653894182		0.0309593405440172		0.655270755290985	0.00380164932639261	0.0170476424941295	0.22300146942322	0.280958481426306	52.3650495205841
206	0.00342295988622487		0.0283662488280756		0.661797821521759	0.00320004267367566	0.0155013493811799	0.20643639434131	0.304852024033851	49.5619032950613
204	0.0028878236178401		0.0257796087188587		0.668592393398285	0.00266490640529089	0.0139310913425847	0.191292005755843	0.325639675381287	47.2454864149667
202	0.00239450477596975		0.023345265247522		0.687935590744019	0.00217158756342054	0.0126594633745826	0.171538674204833	0.348257304879746	44.8479602119158
200	0.00194004687487735		0.0209668321248541		0.715800225734711	0.00171712966232814	0.0114697483635885	0.149709445045829	0.375914627765824	42.0809341622421
