Wavelength	I1	I1 dark	R1	R1dark	XCorrect	I1c	R1c	I1c/R1c	Abs	Percent T
nm	uA	uA	uA	uA		uA	uA	uA/uA	OD	T*100
	Abs Detector Raw	Dark Offset for Abs Detector	Ref Detector Raw	Dark Offset for Ref Detector	Linear interp	Dark subtracted Abs Detector	Corrected Ref Detector	Corrected Intensity	-Log(T)	% Transmittance
800	0.142587523233959	2.3158849337546E-4	0.209533240053249	0.00493407383663817	1.35067892074585	0.142355934740584	0.276347781010953	0.515133265119077	6.0080964163597E-4	99.8617541153302
798	0.145291332122081		0.213685787110021		1.34199333190918	0.145059743628706	0.280143407237497	0.517805309284786	5.54543054656203E-4	99.8723932296608
796	0.15785198644506		0.232023903110354		1.33337259292603	0.157620397951685	0.302795354485823	0.520550912081661	5.94438166915606E-4	99.8632191841619
794	0.166598743993728		0.244453315978779		1.32502686977386	0.166367155500353	0.317369431666209	0.524206615069746	6.38132535563463E-4	99.8531724508998
792	0.160769649320975		0.235784839756092		1.31713449954987	0.1605380608276	0.304061508040024	0.52797890092181	6.44824747674269E-4	99.8516337864929
790	0.151292368627643		0.222283030193954		1.30966234207153	0.151060780134268	0.284653743229726	0.530682570411014	6.54612124163837E-4	99.8493835287494
788	0.149711870281908		0.220295407216056		1.30193436145782	0.149480281788532	0.280386320056039	0.533122592281453	5.98112505315141E-4	99.8623742972843
786	0.153164325788742		0.225362780929329		1.29363858699799	0.152932737295367	0.285155081177181	0.536314263326566	6.03468216725448E-4	99.8611428039497
784	0.157402755718706		0.231512489004121		1.28498160839081	0.15717116722533	0.291149096348552	0.539830517066662	5.1853402744973E-4	99.8806743775244
782	0.163592090410771		0.240525682022305		1.27644824981689	0.163360501917396	0.300720495940142	0.54323035550564	5.53490401754695E-4	99.8726353029459
780	0.172896534648495		0.254073114982088		1.268270611763	0.17266494615512	0.315975724127588	0.546450037045882	5.75537957842669E-4	99.8675652600862
778	0.186344854678376		0.273617169164248		1.26044166088104	0.186113266185001	0.338659366925392	0.549558891208825	4.0374014283663E-4	99.907078595266
776	0.202824170408427		0.297492483247314		1.25292003154755	0.202592581915051	0.366552291548324	0.552697627558939	6.58206757426317E-4	99.8485570839179
774	0.227805570149915		0.333577833750097		1.24577045440674	0.227573981656539	0.409414686125328	0.555852023312313	4.8925957972575E-4	99.8874072517653
772	0.288757758245595		0.422383759298566		1.23883104324341	0.28852616975222	0.517149629342432	0.557916226526329	4.75983680851804E-4	99.8904607452854
770	0.386777269267503		0.56459318042222		1.23221707344055	0.386545680774127	0.689621506441239	0.560518599207961	5.01525160248763E-4	99.8845862172207
768	0.445483016408414		0.647537313696748		1.22665858268738	0.445251427915039	0.78825477943712	0.564857251145354	5.58789459144638E-4	99.8714167113692
766	0.408173764543335		0.591623963090089		1.22236526012421	0.407942176049959	0.717149339089536	0.56883853029533	5.81655990968683E-4	99.866158406455
764	0.345216359704568		0.500684703199558		1.2186872959137	0.344984771211192	0.60416499394581	0.571010857411801	5.81404002377335E-4	99.8662163513309
762	0.322088525934677		0.468541362568719		1.214359998703	0.321856937441302	0.562986146543392	0.571696016709169	5.27826819378885E-4	99.8785372092359
760	0.331285225116679		0.481832822171371		1.20898902416229	0.331053636623304	0.576565352373427	0.574182328612921	4.33974543364558E-4	99.9001235783038
758	0.350930879029878		0.510120237219473		1.2031888961792	0.350699290536503	0.607834382285597	0.576965207558336	5.33111388604491E-4	99.8773218775779
756	0.376152293113669		0.54619294856215		1.19780671596527	0.375920704620293	0.648323515222023	0.57983506041973	5.12094445990177E-4	99.8821553876091
754	0.401468283918273		0.582020159722702		1.1931779384613	0.401236695424897	0.688566386272237	0.582713160886511	4.78214563617944E-4	99.8899476295441
752	0.424328769971946		0.614479439072982		1.18890511989594	0.424097181478571	0.724691605538326	0.585210561620259	5.4233229164576E-4	99.8752013133924
750	0.455888166208146		0.659278127858819		1.1848680973053	0.455656577714771	0.775311394272296	0.587707830790295	4.88600698572194E-4	99.8875587940547
748	0.501224131297988		0.724070155492989		1.18107759952545	0.500992542804613	0.849355517054822	0.589850224958598	5.37973790094813E-4	99.8762036480347
746	0.557210674348203		0.80341699508072		1.17750906944275	0.556979085854828	0.940220881560046	0.592391741960324	4.97051098257409E-4	99.8856152243835
744	0.606881382157541		0.873024436208832		1.174187541008	0.606649793664166	1.01930088796655	0.595162626488437	5.38214176144432E-4	99.876148365639
742	0.66036612559617		0.947607842282882		1.17108881473541	0.660134537102795	1.10395470617188	0.597972483302243	5.90897116812986E-4	99.8640334291475
740	0.741886269008225		1.06233232149976		1.16803753376007	0.74165468051485	1.23508084140265	0.600490798377676	5.33580281061828E-4	99.8772140436091
738	0.854366536197936		1.22023458405241		1.16498303413391	0.854134947704561	1.41580447577566	0.603285949662377	5.89405693154213E-4	99.8643763757979
736	0.944606626169386		1.34495851147151		1.16204738616943	0.94437503767601	1.55717189515677	0.606468072415944	5.89509626172478E-4	99.8643524767956
734	0.985922311123925		1.40048265797817		1.15931880474091	0.98569072263055	1.61788571652482	0.60924619864238	6.26447859433251E-4	99.8558590327587
732	0.991387712103063		1.40760497240283		1.15665113925934	0.991156123609688	1.62240089283251	0.610919365237314	6.43409077227896E-4	99.8519592735604
730	0.989535657361929		1.40654393603012		1.15388596057892	0.989304068868553	1.61729794219401	0.611701804014215	7.4509443242179E-4	99.828582754177
728	0.988524678667238		1.40809771043797		1.15089321136475	0.988293090173862	1.61489150379835	0.611987299363037	8.05914981225973E-4	99.8146032902115
726	0.99741439115613		1.42466680461005		1.1476241350174	0.997182802662755	1.62931954710972	0.612024083570149	8.08904536577587E-4	99.813916198234
724	1.01392823264288		1.45187662505796		1.14410185813904	1.0136966441495	1.65544966147276	0.612339153367959	7.96603502185821E-4	99.8167433854438
722	1.01956032521071		1.46280896876428		1.14027833938599	1.01932873671733	1.66238316422061	0.613173159266944	8.57747244100838E-4	99.802691308242
720	1.00021487790031		1.43661470373223		1.13600122928619	0.999983289406936	1.62639095550662	0.61484803885634	8.80558622590977E-4	99.7974492955724
718	0.940332676906679		1.35105519357606		1.13137769699097	0.940101088413303	1.52297141232169	0.617280850321524	9.11339709354043E-4	99.7903762950742
716	0.835391323261062		1.19961571450589		1.12621939182281	0.835159734767687	1.34547363077641	0.62071802498705	8.89340516546374E-4	99.795431305954
714	0.706121371690197		1.01395489188349		1.12039887905121	0.705889783196822	1.13050579347903	0.62440173882215	8.77127880183663E-4	99.798237656254
712	0.578310266243874		0.831888353304356		1.11375534534454	0.578078677750498	0.921024749112716	0.627647279084953	7.57498321657719E-4	99.825731589698
710	0.477238091659945		0.68945932280658		1.10628998279572	0.47700650316657	0.75728342590619	0.629891645384644	4.92830367797241E-4	99.8865859765457
708	0.40233626243043		0.585503442179487		1.09837675094604	0.402104673937054	0.637683896499215	0.630570532115592	3.97430784834918E-4	99.9085300392306
706	0.346920079485358		0.509847838233745		1.09038031101227	0.346688490991982	0.550548027457692	0.629715254076765	4.06257877040546E-4	99.9064994059133
704	0.306968861993628		0.456580241705869		1.0826700925827	0.306737273500252	0.488983798381603	0.627295371575634	4.37474276142921E-4	99.8993185431424
702	0.283730027552794		0.427540811279912		1.07555782794952	0.283498439059419	0.454537984601323	0.623706815851873	8.95624656257609E-4	99.7939872998203
700	0.271781125012649		0.414166757988626		1.0694442987442	0.271549536519274	0.43765156092613	0.620469708698486	0.00122389805429951	99.7185837783957
698	0.275760900692547		0.423071821429606		1.0649927854538	0.275529312199172	0.445313684512411	0.618730844754655	0.00141112321793165	99.6756041753333
696	0.294979409221711		0.453582146930251		1.06259047985077	0.294747820728336	0.476729171272665	0.618270998482186	0.0015174223456224	99.6512102821579
694	0.322336351556246		0.494867900244285		1.06203079223633	0.32210476306287	0.520324809803089	0.619045559608751	0.00134318425051753	99.6911981734441
692	0.347969779798546		0.532935906989146		1.06277585029602	0.347738191305171	0.561147597186514	0.619691134825603	0.00132543400666827	99.695272780222
690	0.365830174319465		0.559008946130568		1.06392598152161	0.365598585826089	0.589494652341778	0.620189825936066	0.0010016553654924	99.7696260976377
688	0.37849170075813		0.57755060255062		1.06461536884308	0.378260112264754	0.609616356922479	0.620488784412415	6.8734325616787E-4	99.8418585420485
686	0.385567962326534		0.587991187225699		1.0645604133606	0.385336373833159	0.620699521642294	0.620809845017451	5.87532862320967E-4	99.8648070271055
684	0.383422943109031		0.584804518232084		1.06376242637634	0.383191354615655	0.616844390914028	0.621212351542745	6.40915152516955E-4	99.852532672473
682	0.377807772843382		0.576732279189632		1.06245732307434	0.377576184350007	0.607511190598054	0.621513134561864	6.44610287724241E-4	99.8516830944684
680	0.378839339306545		0.578862277960418		1.06094348430634	0.37860775081317	0.608905388624761	0.621784201431148	6.89977215285657E-4	99.8412530114992
678	0.385894141524449		0.590047621543653		1.05921316146851	0.385662553031074	0.619759970684801	0.622277286809824	6.71494389065836E-4	99.8455021739313
676	0.394036787060761		0.602729545626279		1.05730748176575	0.393805198567385	0.632053624888872	0.623056625356154	6.35734776120574E-4	99.8537237462951
674	0.401404022138744		0.614415793138177		1.05524814128876	0.401172433645369	0.643154451442425	0.623757532495725	6.94864321584231E-4	99.8401295063859
672	0.407218346761508		0.62361539576255		1.05312037467957	0.406986758268132	0.651545905553866	0.624647864101243	5.50200135220827E-4	99.8733919527494
670	0.41343638140463		0.633611425080518		1.0509113073349	0.413204792911255	0.660684137087548	0.625419576036378	5.90638740171019E-4	99.8640928416945
668	0.417879516457677		0.640703705020441		1.0485315322876	0.417647927964302	0.666624505567073	0.626511513567933	5.91825897776004E-4	99.8638198604336
666	0.421059964443016		0.645957180646422		1.04595601558685	0.42082837594964	0.670481974697867	0.627650543684302	5.72225400381803E-4	99.8683269973954
664	0.424613744030866		0.65185460371856		1.04322910308838	0.424382155537491	0.674886324158176	0.628820203264375	5.76354882705222E-4	99.8673774054767
662	0.429590332756098		0.659950698656912		1.04042720794678	0.429358744262723	0.68149711812048	0.630022831860042	6.0371209239862E-4	99.861086727491
660	0.436765684289927		0.671318528506508		1.03775990009308	0.436534095796551	0.691547065101785	0.631242785669693	5.93739255902479E-4	99.8633798943776
658	0.445880310107999		0.6856959271307		1.03528940677643	0.445648721614623	0.704785535252831	0.632318200819422	6.72439349796824E-4	99.8452849250829
656	0.458179313354753		0.704946390920966		1.03309750556946	0.457947724861377	0.723180978647716	0.633240832353886	6.93772669785435E-4	99.8403804669633
654	0.474775048762072		0.730681738718523		1.03115320205688	0.474543460268697	0.748357028528263	0.634113721363646	5.96741839367278E-4	99.8626894709226
652	0.492016493090151		0.757362320276952		1.02945709228516	0.491784904596776	0.774592594733665	0.634894921459804	6.27303403940334E-4	99.8556623205022
650	0.502751593450088		0.774047001606768		1.02793705463409	0.502520004956713	0.790599677653032	0.635618783008475	5.99486450792593E-4	99.8620583705429
648	0.505194253962789		0.778041888980942		1.02666783332825	0.504962665469413	0.793724925503337	0.636193534112833	6.7730026313069E-4	99.8441673963531
646	0.505976646842963		0.779596479428831		1.02560043334961	0.505745058349588	0.794494098875004	0.636562384875756	5.88600214850283E-4	99.8645615926645
644	0.51031426767524		0.786776007903562		1.02465677261353	0.510082679181865	0.80111963285493	0.636712244042872	6.63157342194253E-4	99.8474189024557
642	0.519283080505614		0.8008683119244		1.02378344535828	0.519051492012238	0.814864296548103	0.636979057999012	6.46158300427805E-4	99.8513271806706
640	0.53197236786946		0.82068794105663		1.02288675308228	0.531740779376085	0.834423824554967	0.637255030031872	5.88234723230717E-4	99.8646456362737
638	0.546178069716994		0.843000857837589		1.02184903621674	0.545946481223619	0.856377735516631	0.637506626552199	6.77507719884813E-4	99.8441197021207
636	0.56123250538682		0.866326244402101		1.02063095569611	0.561000916893445	0.879163514273371	0.638107596352098	6.10929407364E-4	99.8594272016231
634	0.575973145281533		0.88939557811119		1.01923584938049	0.575741556788157	0.901474872553621	0.638666228330076	6.63304101632872E-4	99.8473851614129
632	0.589589062585525		0.910571177391811		1.0177036523819	0.589357474092149	0.921670188020661	0.639445087572842	5.83442373402017E-4	99.865747628074
630	0.60218132663433		0.930271136724715		1.01619136333466	0.601949738140954	0.94031953148032	0.640154455999994	6.22279988088947E-4	99.8568173418965
628	0.617240991491146		0.953758184970709		1.01451146602631	0.617009402997771	0.962592939987733	0.640986836040616	6.00636989000752E-4	99.8617938151173
626	0.633647722687795		0.979307586113735		1.01275491714478	0.63341613419442	0.986801565694255	0.641888051473434	5.63023928536619E-4	99.8704429472227
624	0.648550023348463		1.00259714412614		1.01092803478241	0.648318434855088	1.00856556702276	0.642812382311343	5.97897159230159E-4	99.8624238143231
622	0.661514124859161		1.02278966327153		1.0092089176178	0.661282536365786	1.02722893770482	0.643753804135736	6.2627718582232E-4	99.8558982751716
620	0.671864709839775		1.03895230816545		1.00772297382355	0.6716331213464	1.0420039300856	0.644559105733148	6.30262425717955E-4	99.8549819663067
618	0.680307464627817		1.05227240698917		1.0068142414093	0.680075876134441	1.05447514939185	0.644942535181281	6.62143259430726E-4	99.8476520476346
616	0.68752697265561		1.06373927553466		1.00664889812469	0.687295384162234	1.06584508961801	0.644836093778462	6.95129143118494E-4	99.8400686264776
614	0.694528780183784		1.074749024331		1.00700271129608	0.694297191690409	1.07730655573291	0.644475045655011	6.80167553435399E-4	99.8435082093727
612	0.702845035033367		1.08776099663008		1.00780045986176	0.702613446539991	1.09127347074192	0.64384727144728	6.58009140039747E-4	99.8486025181019
610	0.711519397486499		1.10141571733968		1.00835275650024	0.711287808993123	1.10564028767821	0.643326601716721	6.59129897862635E-4	99.8483448451112
608	0.722011037154049		1.11784556682237		1.0085117816925	0.721779448660673	1.12238435265711	0.643076898704039	6.88684552893143E-4	99.8415501859521
606	0.734417880976544		1.13719742618108		1.00798010826111	0.734186292483168	1.14129893647624	0.643290087301729	6.84297965450731E-4	99.8425586397096
604	0.748767839110122		1.1594449724789		1.00688087940216	0.748536250616747	1.1624549489043	0.643927105581422	6.89590531220425E-4	99.8413419074912
602	0.763169968264		1.18166277787108		1.00539457798004	0.762938379770624	1.18307665878971	0.644876537883109	6.90281822483825E-4	99.841182984467
600	0.779972400142661		1.20751692907393		1.00393652915955	0.779740811649286	1.2073168577137	0.64584604005769	7.32039294965078E-4	99.8315837028721
598	0.79862141801248		1.23611596551971		1.00287997722626	0.798389829519104	1.2347276674925	0.646612083408227	6.97800386907441E-4	99.8394545354539
596	0.818192609340527		1.26618700238686		1.00218975543976	0.817961020847152	1.26401476401142	0.647113502259504	7.2670937725477E-4	99.8328089023929
594	0.838034548042981		1.29655420166737		1.00178515911102	0.837802959549605	1.29392587526991	0.647489145678335	7.38829122193143E-4	99.8300229326234
592	0.857517646414837		1.32670878986475		1.00154709815979	0.857286057921462	1.32381963125894	0.647585243245104	8.60185193431548E-4	99.8021310588452
590	0.876038936624033		1.35505440620656		1.00122630596161	0.875807348130657	1.3517759929824	0.64789384681879	8.27648001241221E-4	99.8096084800426
588	0.89240035623639		1.38025896787343		1.00070452690125	0.892168767743015	1.37629384742259	0.64824003203516	9.20316142179927E-4	99.7883137490607
586	0.908163330721744		1.40437762134151		0.999973237514496	0.907931742228369	1.39940609491722	0.648797904715485	9.15120783506013E-4	99.7895074993937
584	0.92190492032748		1.42536777750764		0.999053955078125	0.921673331834105	1.41908990957878	0.649481985329372	9.45806898047909E-4	99.7824568823458
582	0.934619006580388		1.44474270174662		0.998229086399078	0.934387418087013	1.4372588512281	0.650117699597818	9.76374253872069E-4	99.7754340472521
580	0.948873109611811		1.46643373925761		0.997582137584686	0.948641521118435	1.45796596030995	0.650660952959944	9.74390363393182E-4	99.7758898301229
578	0.964034335137167		1.4894498951715		0.997147619724274	0.963802746643791	1.48028141768708	0.65109426837886	0.00101088381445557	99.7675060865424
576	0.978721088313345		1.51157046515147		0.996688485145569	0.978489499819969	1.50164714252477	0.651610802638232	9.36425779104354E-4	99.7846122889778
574	0.995876797473309		1.5373317040622		0.996220171451569	0.995645208979934	1.52660542991529	0.652195511341252	8.77015421056202E-4	99.7982634986827
572	1.01492674551731		1.56624811996228		0.9957315325737	1.01469515702393	1.55464962797753	0.652684141020226	9.02398779308648E-4	99.7924307258696
570	1.03455205854924		1.59602919162063		0.995352268218994	1.03432047005586	1.58370013443846	0.653103733190378	8.92879459034756E-4	99.7946181046177
568	1.05284170935506		1.62357465537775		0.995181918144226	1.05261012086169	1.61084183872417	0.653453427616074	9.18475937089652E-4	99.7887365758744
566	1.07379531828013		1.65504713450004		0.995282471179962	1.07356372978675	1.6423286047434	0.653683877079207	8.98002937198325E-4	99.7934408100581
564	1.09491787373772		1.68705029111044		0.995623111724854	1.09468628524434	1.67475378252498	0.653640133055207	8.90592379695485E-4	99.7951436438997
562	1.11990224894306		1.72477241254174		0.996170461177826	1.11967066044968	1.71325215101917	0.653535242774171	9.29170795379784E-4	99.7862792265399
560	1.14635137481394		1.76450876248062		0.99668163061142	1.14611978632056	1.75373576986027	0.653530483906297	9.37504806097148E-4	99.7843643692808
558	1.17512808032639		1.80767651133157		0.997178435325623	1.17489649183302	1.79765588311629	0.653571410895558	9.04118053582846E-4	99.7920356708402
556	1.2028122608188		1.84924941155608		0.997675478458405	1.20258067232542	1.84002818698741	0.653566440356736	9.62048182014584E-4	99.7787253937307
554	1.23152739528658		1.89219373145284		0.99818366765976	1.2312958067932	1.88383176686564	0.653612402365344	9.78227093382127E-4	99.7750083741669
552	1.26079175155392		1.93569302571262		0.998678505420685	1.26056016306055	1.92820746438711	0.653747164836964	9.576201837822E-4	99.779742727108
550	1.28892196445421		1.9775692413656		0.999059557914734	1.28869037596084	1.97078001839854	0.65389864111167	0.00100265873318835	99.7693955961959
548	1.31770486167807		2.0200739824067		0.999196529388428	1.3174732731847	2.01352080287532	0.654313216582285	0.00100349826864674	99.769202731981
546	1.34739351024108		2.06384334868688		0.99907249212265	1.34716192174771	2.05699962027907	0.654915979792421	9.99985018187485E-4	99.7700098240111
544	1.37404182800569		2.10272825209596		0.998806416988373	1.37381023951232	2.09529028676626	0.655665827398346	9.82980678516703E-4	99.7739162893703
542	1.39743454153527		2.1364833361896		0.998482644557953	1.39720295304189	2.12831494447974	0.656483175418118	0.00103131258686285	99.7628132345136
540	1.41681652021759		2.16417450551254		0.99831360578537	1.41658493172421	2.15559910110393	0.657165300819965	0.0010802503630005	99.7515722554891
538	1.43857995274781		2.19509887062335		0.998360693454742	1.43834836425444	2.18657444530015	0.657809006844493	0.00105412993044426	99.7575719462071
536	1.46169161891523		2.22807534754236		0.998661279678345	1.46146003042185	2.2201651093047	0.658266371404937	0.00106528984925589	99.7550085424652
534	1.48335338152398		2.25851582593635		0.999168038368225	1.48312179303061	2.2517068585479	0.658665575139322	0.00108387102517317	99.7507406417941
532	1.50117768443128		2.2828432306243		0.999805629253387	1.5009460959379	2.27746639788414	0.659042037824286	0.0010754870397248	99.7526663324609
530	1.52012224368175		2.30895685356683		1.0004802942276	1.51989065518838	2.30512938857156	0.659351558625618	0.00110869790382053	99.745038453874
528	1.54028278925549		2.33659711712826		1.00102841854095	1.54005120076211	2.3340609687966	0.659816183617575	0.00110600553702098	99.745656815547
526	1.55772981067015		2.36012387728816		1.0014044046402	1.55749822217677	2.35849744294004	0.660377320670419	0.00112104519840813	99.7422026732745
524	1.5785144980871		2.38848350363968		1.00163662433624	1.57828290959372	2.3874504048065	0.661074636950057	0.00119789954317718	99.7245534888538
522	1.60322692352546		2.4227379908075		1.00181710720062	1.60299533503209	2.42219732587808	0.661793867042182	0.00122594964380197	99.7181127129667
520	1.6304189510047		2.46032905266901		1.0020604133606	1.63018736251132	2.4604541074523	0.662555484198532	0.00128947916207846	99.7035268027172
518	1.66041546699812		2.50205568092025		1.00242054462433	1.66018387850474	2.50316600136593	0.663233631968001	0.00131435400282443	99.6978163034366
516	1.69433321954814		2.54930595661035		1.00289297103882	1.69410163105476	2.55173267694256	0.663902471588287	0.00134964492823644	99.6897151522707
514	1.73525782143539		2.60643017024928		1.00349617004395	1.73502623294202	2.61059136913436	0.664610422548562	0.00134178711450572	99.6915188829923
512	1.78183443623952		2.67192323151102		1.00418245792389	1.78160284774614	2.67814372760983	0.665237951712239	0.0013792650393937	99.6829162637883
510	1.82746194216071		2.73560290410813		1.00497353076935	1.82723035366734	2.74424989571975	0.665839636731807	0.0014226959931953	99.6729481250139
508	1.89097174293233		2.82542583831953		1.00580215454102	1.89074015443896	2.83685669358208	0.666491246708528	0.00141191197904325	99.6754231457043
506	1.96152410837307		2.92544062307614		1.00663805007935	1.9612925198797	2.93989301797041	0.667130575123342	0.0014684430968167	99.6624494686175
504	2.04283097450327		3.04050855962807		1.00742840766907	2.04259938600989	3.05812397058171	0.667925632073493	0.00141717062427674	99.6742162353306
502	2.13211594973244		3.16618869828603		1.00814700126648	2.13188436123906	3.18700936987845	0.668929430013057	0.00143632122434733	99.6698211093342
500	2.22591077723851		3.29820093164526		1.00866842269897	2.22567918874514	3.32181428699263	0.67001915111881	0.00145635616175591	99.6652232324299
498	2.3376358231788		3.45632382407984		1.00904226303101	2.33740423468542	3.48259812418741	0.671166798848146	0.00148942382587413	99.6576349005545
496	2.51156022189789		3.70537840072138		1.00876116752625	2.51132863340452	3.73286453955412	0.672761791057247	0.00141026946469898	99.6758001217625
494	2.72447405893776		4.00995044784422		1.00816118717194	2.72424247044438	4.03770206226252	0.674701210846116	0.00144654268282469	99.6674753301643
492	2.90429750304344		4.26274360113098		1.00794267654419	2.90406591455006	4.29162793115641	0.676681660464341	0.0014628103218499	99.6637420933559
490	2.9815639871097		4.36286775356293		1.00791668891907	2.98133239861632	4.39243408499862	0.678742660885544	0.0014482855020113	99.667075366437
488	3.01575263199262		4.40159637889646		1.00887954235077	3.01552104349924	4.43570265419963	0.679829393127649	0.00151851511360072	99.6509595409694
486	3.11050734352806		4.52892873922751		1.00954282283783	3.11027575503468	4.56716634500199	0.681007767198663	0.00149445961320759	99.6564793442054
484	3.31636307512737		4.81581057401869		1.01009511947632	3.316131486634	4.8594428732372	0.682409809753541	0.00155780013949603	99.641945810346
482	3.50980032044819		5.08116326338808		1.01073944568634	3.50956873195481	5.13074507722405	0.684027110903284	0.00160797889545341	99.6304337597571
480	3.59663066678092		5.18990567750435		1.01162850856781	3.59639907828754	5.24526509038481	0.685646772148878	0.00169637302062347	99.6101575434572
478	3.57390999792639		5.1396022206741		1.0127238035202	3.57367840943302	5.20000065547926	0.687245761338014	0.00164899504739921	99.6210247890773
476	3.66214613282772		5.25174007178852		1.01399922370911	3.66191454433435	5.32025720887549	0.688296524127702	0.00171599144389168	99.6056579465797
474	3.91042468652315		5.59271729698854		1.01552999019623	3.91019309802978	5.6745614418261	0.689074061161537	0.00176708491078625	99.5939403235244
472	4.36563937708702		6.22646613234683		1.01726651191711	4.36540778859364	6.32895621594117	0.68975161774673	0.0017794781276613	99.5910983079282
470	4.89057111082934		6.95880620754555		1.01911818981171	4.89033952233596	7.08681758108749	0.690061436798762	0.00186290900517566	99.571968028781
468	5.33441879704409		7.57104826076321		1.02110064029694	5.33418720855071	7.72576404083045	0.690441382931148	0.00191973019505549	99.5589413203303
466	5.50405253171783		7.77991117985051		1.02326714992523	5.50382094322445	7.95587866400474	0.691792971670838	0.00194002064794991	99.5542899860306
464	5.34789981261522		7.52167496506206		1.02553856372833	5.34766822412185	7.70870765750534	0.693717865784579	0.00198399764115918	99.5442095524544
462	5.14094340475077		7.20546944874743		1.027627825737	5.1407118162574	7.39947051146193	0.694740496403673	0.00193408533550328	99.5556505602004
460	4.96459613738902		6.94607822419797		1.02919805049896	4.96436454889564	7.14381202778416	0.694918137485691	0.00194756112590027	99.5525614805052
458	4.82031998073895		6.73747589104712		1.03004312515259	4.82008839224558	6.93480841361997	0.695057181793071	0.00193686593585323	99.5550131503273
456	4.62874083843806		6.47145591652415		1.03006207942963	4.62850924994468	6.6609189359558	0.694875481063113	0.00187659482406082	99.5688302904355
454	4.43836219417924		6.21767938433507		1.02918720245361	4.43813060568587	6.39407796566868	0.694100170425703	0.0019197446703672	99.5589380019675
452	4.29861969962044		6.04076351590136		1.02735614776611	4.29838811112706	6.2009464841729	0.69318258464222	0.00192627943303165	99.5574399651206
450	4.14271953178635		5.84256202255271		1.02460694313049	4.14248794329298	5.98127412766711	0.692576172714004	0.00198148550248559	99.5447853589456
448	3.9006161538475		5.52059273184705		1.02102768421173	3.90038456535413	5.63164018649075	0.69258412046821	0.00201213078804997	99.5377613904776
446	3.54866082810541		5.04107598327482		1.01675081253052	3.54842923961203	5.12050137844027	0.692984725002243	0.00204757980908571	99.5296370132592
444	3.28086446687078		4.67769889000024		1.0121191740036	3.28063287837741	4.7293948660486	0.693668634422647	0.00211127389180486	99.5150409630106
442	3.12905316620786		4.47235392500045		1.00782012939453	3.12882157771448	4.50235565245961	0.694929903195281	0.00215922846192562	99.5040531707487
440	3.07658516837063		4.40176486766532		1.0045450925827	3.07635357987726	4.41681479685711	0.696509525838917	0.00228366400162353	99.4755470132909
438	3.04760207278332		4.3587694674465		1.00285410881042	3.04737048428994	4.3662617135659	0.697935827992586	0.00233229913599927	99.4644077151603
436	3.02030336927912		4.31491948959437		1.00277864933014	3.02007178078574	4.32196135384614	0.698773434912408	0.00249351897820544	99.4274911510325
434	2.99071233912392		4.26416824956279		1.00421047210693	2.99048075063055	4.27716756241994	0.699173157700323	0.00263640623821595	99.3947838855288
432	2.97380520296101		4.22774052754038		1.00665414333344	2.97357361446764	4.25090561311604	0.699515323344928	0.00268717832079876	99.3831646147046
430	2.9763221341033		4.21681337182232		1.00962591171265	2.97609054560992	4.25242247625241	0.699857683997733	0.00276857138589899	99.364540518004
428	2.99502330346216		4.22902247821885		1.01240730285645	2.99479171496879	4.27649794850778	0.700290693700386	0.00283338702542065	99.3497121102312
426	2.98749633083599		4.2076990603353		1.01423370838165	2.98726474234262	4.26258591771311	0.700810446993945	0.00285947430655763	99.3437445326105
424	2.96708554234333		4.17489013712656		1.01462960243225	2.96685395384995	4.2309608626558	0.701224627255862	0.00287798986229756	99.3395092371917
422	2.94765838177643		4.15232736866203		1.01337480545044	2.94742679328305	4.20286387327013	0.70129009222222	0.00287446596929256	99.3403152875482
420	3.42734705417609		4.84474050554372		1.01114857196808	3.42711546568271	4.89376336202253	0.700302653021279	0.00298304906226927	99.3154811466587
418	3.28238181549753		4.66180358488798		1.0079870223999	3.28215022700416	4.69406403214953	0.69921292179331	0.00301052076922169	99.3091990509455
416	3.08841262681947		4.41232094916611		1.00422537326813	3.08818103832609	4.42600973001478	0.697734805548152	0.00302961045737967	99.3048339483352
414	2.90953910946781		4.18425410193289		1	2.90930752097443	4.17932002809625	0.696119823659369	0.00313136502995227	99.2815696940436
412	2.76029163936104		3.99680714223267		0.995681941509247	2.76006005086767	3.97463592699904	0.694418332033644	0.00327951698367719	99.2477073020504
410	2.64130360272712		3.8478175310116		0.991583049297333	2.64107201423375	3.81053809655982	0.693096866455192	0.00332927599081947	99.2363367120885
408	2.53625844445546		3.71442293193524		0.988153755664825	2.53602685596208	3.66554534672696	0.691855267382396	0.00349177484594123	99.1992126516243
406	2.45611175532258		3.61211157248078		0.985654711723328	2.4558801668292	3.55543149756096	0.690740397758738	0.00363100688153057	99.1674151152852
404	2.39651373554119		3.53625069143625		0.98426741361618	2.39628214704782	3.4757598738646	0.689426840175657	0.00375296124601432	99.1395717930581
402	2.36838771026295		3.50236267887634		0.984128773212433	2.36815612176958	3.44192012247579	0.688033434101355	0.00394480688293464	99.0957874603963
400	2.37764714870252		3.51908922666107		0.985299050807953	2.37741556020914	3.46249373646979	0.68661945440313	0.00412800765345094	99.0539941684637
398	2.42155202645677		3.58287240267574		0.987817049026489	2.42132043796339	3.53434848159261	0.685082540834323	0.00430352150865731	99.0139710123597
396	2.46465418937048		3.64137938974664		0.991658091545105	2.4644226008771	3.60611042198345	0.683401868632078	0.00445350449568198	98.979782580871
394	2.48983232159409		3.67070394285212		0.996615350246429	2.48960073310071	3.65336252193167	0.681454610144839	0.00464710434194466	98.9356691946793
392	2.49924238015024		3.67454228023913		1.0025714635849	2.49901079165686	3.6790444702761	0.679255391405834	0.00489940058798539	98.8782108340254
390	2.49981255837062		3.6642818383856		1.0093150138855	2.49958096987724	3.6934346397876	0.676763287740483	0.00522919049641111	98.8031542550519
388	2.50826311009466		3.6659333618165		1.01699423789978	2.50803152160129	3.72321518083071	0.673619815076522	0.00563649343833458	98.7105351863839
386	2.52398516081309		3.67792730219826		1.02549052238464	2.52375357231971	3.76661974446782	0.670031419026689	0.00618350746351876	98.5862829602108
384	2.55311267534514		3.70891326398851		1.03449034690857	2.55288108685176	3.83173071736233	0.666247519765456	0.00665388108260235	98.479564396402
382	2.58270164007066		3.74153635223706		1.04369103908539	2.58247005157728	3.89985831459256	0.662195865402122	0.0070856803099733	98.381699309339
380	2.60807542414896		3.76784503865537		1.0526317358017	2.60784383565558	3.96095950056438	0.658386897236389	0.00738353638297088	98.3142484404976
378	2.62759505786002		3.78733192334313		1.06117713451386	2.62736346936665	4.01379411153067	0.654583517828895	0.00767745528027651	98.2477344949159
376	2.62971685228514		3.78270590529521		1.06922745704651	2.62948526379176	4.03929736865238	0.650975905908366	0.00799656385408241	98.175571065847
374	2.62491271167933		3.77029865680963		1.07646524906158	2.62468112318596	4.05328412361769	0.647544322859692	0.00836552481053359	98.0922000546839
372	2.62966833666033		3.77155523395305		1.08239138126373	2.62943674816696	4.0769582801956	0.644950614515683	0.0086398222132615	98.0302652577833
370	2.6299344035538		3.76721479940008		1.08660447597504	2.62970281506042	4.08811107627184	0.643256204637812	0.00888922419308207	97.9739856492193
368	2.63807838545485		3.7746960151905		1.08728444576263	2.63784679696148	4.098803523062	0.643565075056557	0.00910650583634775	97.9249805959829
366	2.6516439933108		3.7911161396366		1.08414971828461	2.65141240481743	4.10478822001126	0.645931595664673	0.00936064641338853	97.8676935892958
364	2.66997821931176		3.81542597108244		1.07767069339752	2.66974663081839	4.10645544509052	0.650134079504067	0.00960944777625311	97.8116425844804
362	2.69030503563679		3.84295640554274		1.06871128082275	2.69007344714341	4.10173776194396	0.65583750187591	0.00987345768760069	97.7522004393221
360	2.72190780894801		3.88703602450723		1.05907070636749	2.72167622045464	4.11142045508733	0.66197953972013	0.010154684148865	97.688921701582
358	2.75728598263477		3.93678758192562		1.04836678504944	2.7570543941414	4.12202462156061	0.668859273600741	0.0104365859720792	97.6255321111187
356	2.79417881696001		3.98920709099351		1.03684234619141	2.79394722846664	4.13106298297604	0.676326466088847	0.0107669378813676	97.5513001800511
354	2.8319048470827		4.04347375581573		1.02479386329651	2.83167325858933	4.13867068277161	0.684198738106168	0.0111216849274361	97.4716493736216
352	2.8682795490858		4.09572623119288		1.01273274421692	2.86804796059242	4.14287916754044	0.69228375837356	0.011433880336555	97.4016064238084
350	2.90084341614318		4.14278964409076		1.00126516819	2.9006118276498	4.14309065349643	0.700108221190362	0.0117431655371684	97.3322660283259
348	2.92479411917247		4.17807730019976		0.990810453891754	2.9245625306791	4.13479393426814	0.707305509578374	0.0119846808129835	97.2781536806681
346	2.94720002972748		4.21175595485034		0.981342911720276	2.9469684412341	4.12833483380255	0.713839492161465	0.0122618955141145	97.2160798330472
344	2.9622545926556		4.23516135026463		0.972720801830292	2.96202300416223	4.11483006825141	0.719840905950445	0.0125191107855758	97.1585196797402
342	2.97713014679538		4.25988177741195		0.964752793312073	2.97689855830201	4.10497268242107	0.72519326889802	0.0128477666998623	97.0850219859013
340	2.9842033816304		4.2737731298955		0.957048177719116	2.98397179313702	4.08548463957733	0.730383799324659	0.0131186573149214	97.0244842125595
338	2.9888818972367		4.28622500484575		0.950148642063141	2.98865030874333	4.06786276437554	0.734697919240674	0.0134742272821367	96.9450798561171
336	2.98792794216239		4.29165790765607		0.944044172763824	2.98769635366902	4.04685665556503	0.738275804644695	0.0137795103036636	96.8769572145173
334	2.97722308380673		4.28540324459512		0.938558220863342	2.97699149531335	4.01746952936747	0.741011592882464	0.0140792580512324	96.8101163218279
332	2.95317859415671		4.26358290044403		0.933434963226318	2.95294700566334	3.97517171085808	0.742847660541918	0.0144497752490356	96.7275582471928
330	2.90088549377973		4.20529530057928		0.928119659423828	2.90065390528635	3.89843783122144	0.744055447557961	0.0148756671632323	96.6327486329118
328	2.84382002525775		4.14495433646492		0.923022568225861	2.84358843676437	3.82133213531826	0.744135378990694	0.015340634307359	96.5293464221369
326	2.77144196402352		4.06602305015922		0.918195605278015	2.77121037553015	3.72887405070239	0.74317618075841	0.0158082532824178	96.425466075166
324	2.68720838281713		3.97282603881287		0.913534343242645	2.68697679432376	3.62480558028233	0.741274734551272	0.0163003444903492	96.3162700025357
322	2.60517358334024		3.88497170810923		0.908978700637817	2.60494199484686	3.52687156722693	0.738598484575679	0.016920181244151	96.1789028843671
320	2.52250208464714		3.79461307321638		0.904343068599701	2.52227049615377	3.42716993530692	0.735963066835168	0.0175040277021718	96.0496910575112
318	2.44667836912981		3.71226150127982		0.899914681911469	2.44644678063643	3.33627838260919	0.733286165024139	0.0182073652611994	95.8942649933566
316	2.37694957302171		3.63704778820145		0.895963847637177	2.37671798452833	3.25424257857805	0.730344443334905	0.0188960976592725	95.7423101610912
314	2.32105603076458		3.58094616489046		0.892610192298889	2.3208244422712	3.19198484025871	0.727078779635778	0.0196203397067459	95.5827805687239
312	2.27463521796179		3.53833731008025		0.88999992609024	2.27440362946841	3.14472861910383	0.723243212673963	0.0203764875048703	95.4165066923107
310	2.22582112391856		3.49212836006958		0.888025283813477	2.22558953542518	3.09671669574474	0.71869329812553	0.0211557125920237	95.245460829891
308	2.17055727160032		3.43628469330053		0.887133359909058	2.17032568310694	3.04406560407103	0.712969418334619	0.0219773862471096	95.0654293022436
306	2.11343536753169		3.37785595818244		0.887335538864136	2.11320377903832	2.99291345779262	0.706069122558886	0.0228190758091737	94.8813650431203
304	2.05382552646129		3.31591999651586		0.888603985309601	2.05359393796791	2.94215528619674	0.697989649833386	0.0236785245083462	94.6937848761947
302	1.98438172058643		3.24099879564336		0.891015827655792	1.98415013209305	2.88338488644833	0.688132250889708	0.0246304463140045	94.486454676716
300	1.91672615689192		3.16781893997874		0.894482612609863	1.91649456839855	2.82914551845098	0.677411096707343	0.0255966613983751	94.2764755922856
298	1.83792328123024		3.07671416006934		0.900495111942291	1.83769169273686	2.76612295261422	0.664356474465494	0.0266473710076159	94.0486636522385
296	1.75588507110883		2.98041986846192		0.909423410892487	1.75565348261545	2.70597644041027	0.648805901040761	0.0277763867464502	93.8044871162706
294	1.66361065985645		2.86677290602541		0.92107892036438	1.66337907136307	2.63597942180929	0.631028853108935	0.0290363127930504	93.5327465065779
292	1.57144413922863		2.75082618773871		0.934718489646912	1.57121255073526	2.56663612943991	0.612168017395643	0.0303865506099185	93.2424012740787
290	1.47231576071848		2.62171518727805		0.948803901672363	1.4720841722251	2.48281213025576	0.592910012918883	0.0318244289932215	92.9342013325821
288	1.36851435000044		2.48145654770178		0.962523102760315	1.36828276150706	2.38371009560032	0.574013913870037	0.0333045325457268	92.6180146899566
286	1.25642237535068		2.32528711717345		0.97529125213623	1.2561907868573	2.26302002503408	0.555094861274321	0.0349200091771242	92.2741367246822
284	1.14800289580343		2.17009316271545		0.986907541751862	1.14777130731006	2.13681183390709	0.537141965004655	0.0364282728860252	91.9542331836721
282	1.04328077738643		2.01856716722717		0.996903836727142	1.04304918889306	2.00739855656177	0.519602440423973	0.038259066609212	91.5674106588123
280	0.945806281926311		1.87577262189931		1.00535523891449	0.945574693432936	1.88085733545799	0.502736000018145	0.0400569647006709	91.1891222322794
278	0.855037221314885		1.74073571325921		1.00982344150543	0.85480563282151	1.75285318529247	0.487665276244389	0.0419541768463874	90.7916320928515
276	0.771682436491705		1.61391233608042		1.01022160053253	0.771450847998329	1.62542459530597	0.474614971513405	0.0437403734436851	90.4189847941908
274	0.692015984173317		1.49081334243168		1.00653350353241	0.691784395679942	1.49558726604514	0.462550338175361	0.0457687957669399	89.9976572225451
272	0.629280353320481		1.39382826591491		0.99854451417923	0.629048764827105	1.38687267627515	0.453573551190436	0.0477173306422461	89.5947721531633
270	0.580208885621053		1.31928093222841		0.988452672958374	0.579977297127677	1.29916966537179	0.446421520288269	0.0495458685244802	89.2183385609921
268	0.538213688950478		1.2556160850707		0.972882628440857	0.537982100457103	1.21676680243309	0.442140679201089	0.051364422068061	88.8455290759386
266	0.504642815671535		1.20572616431057		0.953488886356354	0.50441122717816	1.14494191309151	0.440556172684932	0.053094903144972	88.4922213227311
264	0.476196267323288		1.16408394096623		0.931065678596497	0.475964678829912	1.07924465763405	0.441016478944947	0.0547926401237312	88.1469642358713
262	0.449840697665416		1.12451342385139		0.906938552856445	0.44960910917204	1.01538967551034	0.442794643294028	0.056382254983762	87.8249163907453
260	0.422903172138287		1.08219652338572		0.883175373077393	0.422671583644912	0.951411665782774	0.444257306112763	0.0580105046059442	87.4962611595405
258	0.396715581910897		1.03862745068383		0.859192788600922	0.396483993417521	0.888141895011645	0.446419649432619	0.059414388712072	87.2138806689607
256	0.36900952184094		0.990026484996686		0.834685504436493	0.368777933347565	0.822242356125686	0.448502720153223	0.0610108622179336	86.8938695831435
254	0.339817169662665		0.935167986375558		0.80953711271286	0.33958558116929	0.753058875704344	0.450941609116116	0.0625188401311571	86.5926757772114
252	0.309946560956339		0.875929593973103		0.784095585346222	0.309714972462963	0.682943742195338	0.453499978588833	0.0640052841848443	86.2968047724693
250	0.281557505893995		0.817680195707321		0.758817315101624	0.281325917400619	0.616725830057168	0.456160426059245	0.0656976624489828	85.9611738789958
248	0.254044774680688		0.758761844502317		0.735633492469788	0.253813186187313	0.554540955655507	0.457699622721801	0.0673569727371632	85.6333683750627
246	0.227086047676593		0.698913678542728		0.715051770210266	0.226854459183218	0.49623134483491	0.457154634717179	0.069221475191333	85.2665173325342
244	0.201196067311295		0.639083969003964		0.697206974029541	0.200964478817919	0.442133729490762	0.45453324506453	0.0711264212537583	84.8933318231198
242	0.176628573207801		0.580119729127269		0.681808710098267	0.176396984714426	0.392166589700731	0.449801154272314	0.0735727509408355	84.4164819598657
240	0.153194038389332		0.520801200921911		0.667849898338318	0.152962449895956	0.344521808379979	0.443984810759066	0.0759812030119072	83.9496320531251
