Wavelength	I1	I1 dark	R1	R1dark	XCorrect	I1c	R1c	I1c/R1c	Abs	Percent T
nm	uA	uA	uA	uA		uA	uA	uA/uA	OD	T*100
	Abs Detector Raw	Dark Offset for Abs Detector	Ref Detector Raw	Dark Offset for Ref Detector	Linear interp	Dark subtracted Abs Detector	Corrected Ref Detector	Corrected Intensity 	-Log(T)	% Transmittance
800	0.144558985513985	2.3129814055527E-4	0.212610548505003	0.00493309609826165	1.35067892074585	0.144327687373429	0.280505557279986	0.514527016052552	2.01015589321297E-4	99.9537251601651
798	0.153531582409589		0.225944485143008		1.34199333190918	0.153300284269034	0.296595810374035	0.516865980256795	9.90623546075437E-5	99.9771926511717
796	0.165918347077196		0.243857385996114		1.33337259292603	0.165687048936641	0.318575099934109	0.520087881855519	1.13959651379877E-4	99.973763262987
794	0.167658259103325		0.245985781831115		1.32502686977386	0.16742696096277	0.319401285627186	0.524190003286947	2.93029256149172E-4	99.9325502778569
792	0.157419782772471		0.231150136214736		1.31713449954987	0.157188484631916	0.297958267923465	0.527552015010008	2.21407055483714E-4	99.9490321344876
790	0.151851468433148		0.223495921577047		1.30966234207153	0.151620170292593	0.286243501906318	0.529689475159564	8.16901939316437E-5	99.9811919066646
788	0.153588256222229		0.22627586522286		1.30193436145782	0.153356958081674	0.288173756783541	0.532168368811135	1.93182369828432E-4	99.9555280072239
786	0.15727979311086		0.231686094502695		1.29363858699799	0.157048494970305	0.293336428453467	0.535386947329719	2.05142733887558E-4	99.9527752942775
784	0.162830379026181		0.239793642611778		1.28498160839081	0.162599080885625	0.301791482806483	0.538779555253018	8.52017886656665E-5	99.9803834874417
782	0.17030425785679		0.250707276868401		1.27644824981689	0.170072959716235	0.313718022894226	0.542120462660117	8.28722892540028E-5	99.9809197707215
780	0.182353470264394		0.268434074855125		1.268270611763	0.182122172123838	0.334190547528116	0.54496506101363	1.34734137571318E-4	99.9689811301776
778	0.197688810702994		0.290676047117324		1.26044166088104	0.197457512562439	0.360162319767518	0.548245892823815	1.74438288699252E-5	99.9959834906318
776	0.217827071082426		0.319842065677541		1.25292003154755	0.217595772941871	0.394555756099875	0.551495624072937	1.01188687119607E-4	99.9767031578817
774	0.25677725021756		0.376650389119979		1.24577045440674	0.256545952077005	0.463074421038508	0.554005879879233	-1.22431573515916E-4	100.02819488562
772	0.344751422267461		0.505414509088862		1.23883104324341	0.344520124126906	0.62001191097908	0.555666944499281	-1.34291582995598E-4	100.030926560987
770	0.433298975929756		0.633136201998921		1.23221707344055	0.4330676777892	0.774082592679176	0.559459264276065	1.02809280941347E-4	99.9763300899936
768	0.438364417804046		0.637175702410026		1.22665858268738	0.438133119663491	0.775545819372963	0.564935183349613	6.76504631984587E-5	99.9844241183569
766	0.375907965111715		0.545422373308881		1.22236526012421	0.37567666697116	0.660675315931903	0.568625250424646	1.12958102014522E-4	99.9739938180108
764	0.329821859949187		0.480499932467224		1.2186872959137	0.329590561808631	0.579567261840722	0.568683884527643	-3.89692562472953E-5	100.008973405438
762	0.329390728969464		0.480534568392379		1.214359998703	0.329159430828909	0.57755140327823	0.569922311608235	4.54109125952524E-5	99.9895442976066
760	0.345488603355824		0.50398846234163		1.20898902416229	0.345257305215268	0.603352460237526	0.572231536238949	-1.42651077660562E-6	100.000328466784
758	0.367963479669827		0.536338308098597		1.2031888961792	0.367732181529272	0.639380850450557	0.575137934253332	-1.11141280684373E-4	100.025594500446
756	0.395102667183455		0.57530150221781		1.19780671596527	0.394871369042899	0.683191107424403	0.577980838379974	-2.3647720458168E-5	100.005445237109
754	0.418547743078542		0.608706619882181		1.1931779384613	0.418316444937987	0.720409248406014	0.580665012093555	1.40978084631051E-4	99.9675438645325
752	0.4443861325627		0.645494365401689		1.18890511989594	0.444154834422144	0.761566572681884	0.58321209248725	-9.73022727907704E-5	100.022407186319
750	0.483976777240929		0.702180716188365		1.1848680973053	0.483745479100374	0.826146460966808	0.585544454834636	-1.60747799824379E-4	100.03702039962
748	0.536129657891911		0.776897633309244		1.18107759952545	0.535898359751356	0.911750022527924	0.587768956962042	-8.42859282830614E-5	100.019409435589
746	0.590703586506853		0.854260860844355		1.17750906944275	0.590472288366297	1.00009114591806	0.590418474132432	-9.86433179171354E-5	100.022716043038
744	0.637275195817832		0.919478986499283		1.174187541008	0.637043897677277	1.07384839018894	0.593234485889753	-6.12096693690803E-5	100.014095040481
742	0.705977755968115		1.01639578146114		1.17108881473541	0.705746457827559	1.18451263735072	0.595811674416606	-9.01906643746334E-5	100.020769324457
740	0.809662216003031		1.16307415764507		1.16803753376007	0.809430917862475	1.3527522292754	0.598358590986057	-4.15341860887986E-5	100.009564057101
738	0.91837138152324		1.31481565026383		1.16498303413391	0.918140083382685	1.52599095231089	0.601668104252059	-3.64793215706889E-5	100.008400026988
736	0.97887786626682		1.39659956717337		1.16204738616943	0.978646568126264	1.61718238513247	0.605155347426135	-3.47381365395103E-5	100.007999071444
734	1.00037726345874		1.42396510356305		1.15931880474091	1.00014596531819	1.64511049078316	0.607950633663558	-1.16585543786174E-4	100.026848417061
732	1.00085239468243		1.42456000254749		1.15665113925934	1.00062109654188	1.6420130786677	0.609386800593428	-3.37487418585548E-4	100.077739551449
730	0.998961812414595		1.42393829234489		1.15388596057892	0.99873051427404	1.63737017393752	0.609960123966538	-4.21117732257303E-4	100.097012968437
728	1.00598071955208		1.43792409703754		1.15089321136475	1.00574942141152	1.64921961492779	0.609833531148947	-4.34997247935669E-4	100.10021199656
726	1.02331943255653		1.46658703027262		1.1476241350174	1.02308813441597	1.67742933190162	0.609914298598883	-6.16083882365704E-4	100.141959223203
724	1.03697542920606		1.49015939040792		1.14410185813904	1.0367441310655	1.69925016307664	0.610118600305672	-4.68065388565867E-4	100.107834137869
722	1.03186874587686		1.48502821977413		1.14027833938599	1.0316374477363	1.68772040975841	0.611260871037267	-4.34764565131622E-4	100.100158365688
720	0.988344470843251		1.42327422526991		1.13600122928619	0.988113172702696	1.61123726628616	0.613263603926105	-2.08632990946004E-4	100.048051062312
718	0.905190647322978		1.30304625333821		1.13137769699097	0.904959349182423	1.4686562742718	0.616181856187641	-1.11434548139114E-4	100.025662045079
716	0.775175160171596		1.11568742840326		1.12621939182281	0.774943862031041	1.25095306859309	0.619482761973313	-1.11268528092704E-4	100.025623807747
714	0.641794241820282		0.925115570949417		1.12039887905121	0.641562943679727	1.0309714133458	0.622289750593248	-1.46091268987544E-4	100.033644416283
712	0.527295301237759		0.762953382876682		1.11375534534454	0.527064003097203	0.844249146279069	0.624299124755029	-3.82550335577761E-4	100.088124276646
710	0.440451498179008		0.641736217223346		1.10628998279572	0.440220200038452	0.704488913913728	0.624878818309357	-4.08464491066508E-4	100.094096667977
708	0.375533294703056		0.552251345144387		1.09837675094604	0.375301996562501	0.601161640120761	0.624294651413737	-3.80789060710813E-4	100.087718371557
706	0.329611128443681		0.489977950617828		1.09038031101227	0.329379830303126	0.528883359325945	0.622783501305308	-4.96967687708952E-4	100.114496536236
704	0.29619625736138		0.44572832921261		1.0826700925827	0.295964959220825	0.477235815845925	0.620165019878509	-5.30307611313775E-4	100.122182422028
702	0.280323558450195		0.426546429264843		1.07555782794952	0.28009226030964	0.453469520855207	0.617665019208806	-4.72002963032836E-4	100.108741779699
700	0.277683314930471		0.426061764349787		1.0694442987442	0.277452016789916	0.450373653299332	0.616048507183685	-3.25858564232116E-4	100.075059863069
698	0.29143479802982		0.44889216586989		1.0649927854538	0.291203499889265	0.472813206343562	0.615895444505977	-3.94970112214261E-4	100.09098659697
696	0.316384211992627		0.487388399846926		1.06259047985077	0.316152913852072	0.512652412716841	0.616700333422005	-3.29280629984275E-4	100.075848417377
694	0.344281327970023		0.529331688863899		1.06203079223633	0.344050029829468	0.556927452922505	0.61776453651916	-5.04619531870805E-4	100.116260471322
692	0.36451939399023		0.559501248985047		1.06277585029602	0.364288095849674	0.589381640231346	0.618085245591774	-2.87668747650751E-4	100.066260119331
690	0.380538410955029		0.583261310535614		1.06392598152161	0.380307112814474	0.615298413186898	0.61808563887675	-4.26814805235062E-4	100.098326049196
688	0.389989372220976		0.597581281181519		1.06461536884308	0.389758074080421	0.630942366156593	0.617739582863401	-4.97243273479949E-4	100.11456006488
686	0.391741033896106		0.60031091526485		1.0645604133606	0.391509735755551	0.633815657277714	0.617702846655942	-4.65343277640783E-4	100.107206674739
684	0.387673243690192		0.59426058875094		1.06376242637634	0.387441945549637	0.6269044435145	0.618023926226447	-3.66111980626644E-4	100.084335941669
682	0.384250343313244		0.589604155664078		1.06245732307434	0.384019045172689	0.621188048825335	0.618200955248363	-4.95096813661095E-4	100.114065259262
680	0.389934931913577		0.598947777452914		1.06094348430634	0.389703633773021	0.630216005765523	0.61836517988725	-4.2716498320735E-4	100.098406759968
678	0.397632548459967		0.61122976440335		1.05921316146851	0.397401250319412	0.642197410823254	0.618814781283484	-4.06134856000244E-4	100.093559746368
676	0.406046003626544		0.62438358667745		1.05730748176575	0.405814705485988	0.654949638272838	0.619612076672275	-4.07030895032127E-4	100.093766260226
674	0.412682125731375		0.635034628810183		1.05524814128876	0.412450827590819	0.664913471217452	0.620307521872921	-4.64833932991379E-4	100.107089268135
672	0.418964141697484		0.645081166550801		1.05312037467957	0.418732843556929	0.674152975805379	0.621124371744689	-4.7291514487371E-4	100.10895204595
670	0.423803518509201		0.65306341444371		1.0509113073349	0.423572220368646	0.6811274801758	0.621869228149951	-3.38214371105385E-4	100.077907068718
668	0.427121465883639		0.658668481865161		1.0485315322876	0.426890167743084	0.685462165748791	0.622777140845919	-4.00350333464593E-4	100.092226573555
666	0.43119997081119		0.665220381558219		1.04595601558685	0.430968672670634	0.690631458242356	0.624021201940962	-5.47562728896601E-4	100.126160493183
664	0.435471555877129		0.672373312743016		1.04322910308838	0.435240257736574	0.696293058575421	0.625082000138063	-4.24855056637138E-4	100.097874357729
662	0.441319466925539		0.681867138999026		1.04042720794678	0.441088168784984	0.704300596219366	0.626278283949655	-4.66564112959026E-4	100.107488084221
660	0.45008495761317		0.695694888577562		1.03775990009308	0.449853659472615	0.716844888751435	0.627546721099104	-4.41792037136083E-4	100.101778134718
658	0.462205234969525		0.714658447461749		1.03528940677643	0.46197393682897	0.734771137987296	0.628731741007711	-4.95187213506726E-4	100.114086098341
656	0.476463444141068		0.737161169539801		1.03309750556946	0.476232146000513	0.756462996180384	0.629551145799803	-4.63080598249475E-4	100.106685116366
654	0.495050014806546		0.766203747548753		1.03115320205688	0.49481871666599	0.784986669875104	0.630353018280831	-4.93195353382697E-4	100.113626933403
652	0.509192005411658		0.78816962575688		1.02945709228516	0.508960707271103	0.806308400393877	0.631223371879145	-4.43046435686707E-4	100.102067265048
650	0.514382798237597		0.796390257132723		1.02793705463409	0.514151500097041	0.813568142982826	0.631971033442855	-4.39527083419335E-4	100.101256080415
648	0.51502914833267		0.797808486802349		1.02666783332825	0.514797850192115	0.814019659473453	0.632414517513141	-3.66476919015399E-4	100.084420042741
646	0.517304664070648		0.801915960540819		1.02560043334961	0.517073365930093	0.8173859711445	0.632593883653385	-3.64155774089114E-4	100.083885129606
644	0.525494304846029		0.814910226235967		1.02465677261353	0.525263006705474	0.829948552057666	0.632886225782556	-5.37994177542443E-4	100.123954497495
642	0.536818821097165		0.832876226530389		1.02378344535828	0.53658752295661	0.84763447063452	0.633041177000426	-4.580678787367E-4	100.105529670329
640	0.550255220884785		0.854088804265452		1.02288675308228	0.550023922744229	0.868590125188418	0.633237595954612	-4.0242888677367E-4	100.092705620688
638	0.565776523618175		0.878543520659435		1.02184903621674	0.56554522547762	0.892697970366729	0.633523592806297	-3.40303659968342E-4	100.078388521208
636	0.58043792187502		0.901481128905183		1.02063095569611	0.580206623734465	0.915044675551192	0.634074640546887	-3.69905249167293E-4	100.085210114463
634	0.595471335511239		0.925162812160165		1.01923584938049	0.595240037370684	0.937931116275525	0.634630866853369	-3.3215800752485E-4	100.076511462763
632	0.608265033580235		0.945178832282822		1.0177036523819	0.60803373543968	0.956891519851533	0.635425983850311	-4.16087398960573E-4	100.095853574426
630	0.62322583826899		0.968683982030209		1.01619136333466	0.622994540128434	0.979355326690168	0.636127177899679	-3.71559228060731E-4	100.08559128242
628	0.638990187571233		0.993673511349301		1.01451146602631	0.638758889430678	1.00308848819579	0.636792164347917	-3.12598807716638E-4	100.072004446238
626	0.656325001955091		1.02069685108507		1.01275491714478	0.656093703814536	1.02871973752033	0.637776918129335	-3.30845431064704E-4	100.076209000079
624	0.670726684941979		1.04326506235964		1.01092803478241	0.670495386801424	1.04967889410437	0.638762378254274	-2.97228346413571E-4	100.068462781038
622	0.681416614098483		1.06014691043671		1.0092089176178	0.681185315957927	1.06493119142386	0.639651952580293	-3.53104306984663E-4	100.081338333049
620	0.69143360166832		1.07591440152361		1.00772297382355	0.691202303527765	1.07925246601266	0.640445424305065	-3.0257053510646E-4	100.069693715163
618	0.697225410727208		1.08518716454808		1.0068142414093	0.696994112586653	1.08761518045562	0.640846252527177	-3.43176991685814E-4	100.079050651102
616	0.706066485826159		1.09919232043695		1.00664889812469	0.705835187685603	1.10153484244332	0.640774272850042	-3.49480436543044E-4	100.080503230818
614	0.714096476943975		1.11198864301765		1.00700271129608	0.713865178803419	1.11480793730319	0.640348130755434	-2.81761524082189E-4	100.064899038832
612	0.726224769742192		1.13115540014321		1.00780045986176	0.725993471601637	1.13500735592307	0.639637679714603	-2.79737362940683E-4	100.06443265711
610	0.733885469174472		1.14341185456201		1.00835275650024	0.733654171033917	1.1479881943139	0.639078149642811	-2.68771676294792E-4	100.061906119459
608	0.747614137332506		1.16493507224945		1.0085117816925	0.74738283919195	1.16987565973506	0.638856645125184	-2.96006652060984E-4	100.068181283324
606	0.759400282304942		1.18332044204903		1.00798010826111	0.759168984164386	1.18779100454497	0.639143570930825	-2.73391187258089E-4	100.062970465312
604	0.775398214675099		1.20815718969149		1.00688087940216	0.775166916534544	1.21150333347501	0.639838863927098	-2.53498876726237E-4	100.058387312223
602	0.791543536265859		1.23316915553393		1.00539457798004	0.791312238125304	1.23486187463619	0.640810324116969	-2.92003433478347E-4	100.067258883953
600	0.808573301517636		1.25981293747092		1.00393652915955	0.80834200337708	1.25981971245995	0.64163308081495	-1.67589627855006E-4	100.038596384372
598	0.829703114055275		1.29219956606465		1.00287997722626	0.82947181591472	1.29097376808402	0.642516398412781	-2.43804005572186E-4	100.056153707179
596	0.849118377344395		1.3223159584614		1.00218975543976	0.84888707920384	1.32026760865225	0.642965921181994	-1.65744697421095E-4	100.038171410382
594	0.870578145935404		1.35555373146092		1.00178515911102	0.870346847794849	1.35303170809541	0.643256800699808	-1.90001734942245E-4	100.043759087749
592	0.888123003653384		1.38256351528854		1.00154709815979	0.887891705512829	1.37976174867668	0.643510886110883	-2.00515027605141E-4	100.046180951468
590	0.907354349706911		1.41244283188057		1.00122630596161	0.907123051566355	1.40923577336232	0.643698569616945	-3.77260744606821E-5	100.008687126976
588	0.922380918250383		1.43536864813418		1.00070452690125	0.922149620109828	1.43144333236282	0.644209658364662	-1.5570319005426E-4	100.035858412027
586	0.936813272929042		1.45774554166049		0.999973237514496	0.936581974788487	1.45277356469021	0.644685446894267	-8.03111842342457E-5	100.018494043499
584	0.95230400162691		1.48134848956422		0.999053955078125	0.952072703486355	1.47501863818039	0.645464863183591	-9.17427894317148E-5	100.021126789325
582	0.96659390177733		1.50319351358582		0.998229086399078	0.966362603636775	1.49560712773651	0.646133991818623	-8.82375549813957E-5	100.020319512007
580	0.980461221973384		1.52460255585867		0.997582137584686	0.980229923832828	1.51599510808996	0.646591745977233	5.11708355615462E-6	99.9988217549098
578	0.993863460384186		1.54506275475153		0.997147619724274	0.993632162243631	1.53573662319286	0.647006880761772	-7.76013509422961E-5	100.017869967876
576	1.0134632848298		1.57498230419252		0.996688485145569	1.01323198668924	1.56484996681947	0.647494653272491	-4.5720174610562E-5	100.010528013407
574	1.03093043716478		1.60186893433411		0.996220171451569	1.03069913902423	1.59089969456447	0.647871856752349	2.63576331731674E-5	99.9939311148412
572	1.05180982398321		1.63384745746073		0.9957315325737	1.05157852584266	1.62196139347076	0.648337580706797	4.12071621413177E-5	99.9905121503978
570	1.07381162290653		1.6671383066319		0.995352268218994	1.07358032476597	1.65447972655009	0.648893006990539	-3.00618749214285E-5	100.006922242082
568	1.09092605154908		1.69337458429806		0.995181918144226	1.09069475340852	1.68030643890097	0.649104668147263	1.26831933908334E-5	99.9970796294403
566	1.11500990460226		1.73002908702025		0.995282471179962	1.1147786064617	1.71695780086748	0.64927548358991	1.07852101685137E-4	99.97516921919
564	1.13712411197239		1.76367700711285		0.995623111724854	1.13689281383183	1.75104608541148	0.649264929863152	1.13981170636841E-4	99.9737583092951
562	1.16547311851194		1.8067959125802		0.996170461177826	1.16524182037139	1.79496251287399	0.649173345969031	6.73535718230224E-5	99.9844924694979
560	1.19446253947765		1.85070366844724		0.99668163061142	1.1942312413371	1.83964562378335	0.649163744309125	1.11847222786007E-4	99.9742495412119
558	1.22445706603016		1.89608551488455		0.997178435325623	1.22422576788961	1.88581640992758	0.649175477233555	1.86966190240436E-4	99.9569587091682
556	1.25343482775519		1.93994052722152		0.997675478458405	1.25320352961464	1.93050946466647	0.649156894877566	1.88811200803431E-4	99.9565340635403
554	1.28499915868376		1.98701257140599		0.99818366765976	1.2847678605432	1.9784793602558	0.649371373971316	9.8875232115424E-5	99.9772357279002
552	1.31293053979773		2.02912179975336		0.998678505420685	1.31269924165718	2.0215137492557	0.649364488438675	2.5326405044451E-4	99.9417007978782
550	1.34359698102041		2.0749849068699		0.999059557914734	1.34336568287986	2.06810504693011	0.649563562969853	2.6910578043537E-4	99.9380552978105
548	1.3749860571279		2.12164237433484		0.999196529388428	1.37475475898734	2.11500856453827	0.649999617986165	2.54419718280156E-4	99.9414348510145
546	1.3979300832203		2.15570683953075		0.99907249212265	1.39769878507974	2.14877888384306	0.650461895167166	4.14500613471407E-4	99.9046032383086
544	1.42517167094104		2.19541460304396		0.998806416988373	1.42494037280048	2.18786698543173	0.651292049420135	3.86862227454298E-4	99.9109613431595
542	1.45072082702791		2.2327971468399		0.998482644557953	1.45048952888736	2.22448358910011	0.652056745212555	4.25080738156985E-4	99.9021694282375
540	1.46885146507802		2.25851822828009		0.99831360578537	1.46862016693747	2.24978469925275	0.652782538447019	4.31114447417684E-4	99.9007814841518
538	1.48967808852996		2.28844225159802		0.998360693454742	1.48944679038941	2.279765783995	0.653333250654961	5.0707990235578E-4	99.8833086749267
536	1.50998222968418		2.31710730275301		0.998661279678345	1.50975093154363	2.3090788520571	0.653832557601326	5.25548668135364E-4	99.8790611371697
534	1.5288407745307		2.3436266996197		0.999168038368225	1.52860947639015	2.33674790017484	0.654161057029633	5.39657694141047E-4	99.8758163955496
532	1.55151978292397		2.37578232693262		0.999805629253387	1.55128848478341	2.37038840709926	0.654444849686802	6.26232412859671E-4	99.8559085696718
530	1.5714125333938		2.40296832535915		1.0004802942276	1.57118123525324	2.39918699173908	0.654880691110429	6.40249936588137E-4	99.8526856183402
528	1.58931229223341		2.42740158942168		1.00102841854095	1.58908099409285	2.42495980483683	0.655301993428208	7.21964946416676E-4	99.8338995274507
526	1.61079010739417		2.45690869379596		1.0014044046402	1.61055880925361	2.45541916360476	0.655920110556268	6.89398950219452E-4	99.8413859506675
524	1.63677869066434		2.49309049296779		1.00163662433624	1.63654739252379	2.49222957581765	0.656659967606264	7.50449848850474E-4	99.8273517453613
522	1.66262374366166		2.52936693325252		1.00181710720062	1.6623924455211	2.52902100405725	0.657326468563988	7.75248720649361E-4	99.8216516153296
520	1.6975341866374		2.5784048725097		1.0020604133606	1.69730288849684	2.57877419204267	0.658182051664008	8.04765268481519E-4	99.8148675309011
518	1.72610587078837		2.61799604666791		1.00242054462433	1.72587457264781	2.61938798604768	0.658884663837805	8.73015940176791E-4	99.7991825595992
516	1.76789323176641		2.67732860258317		1.00289297103882	1.76766193362586	2.68012666928944	0.659544175236502	9.96948036056192E-4	99.7707075091283
514	1.81614536780408		2.74576255006363		1.00349617004395	1.81591406966352	2.75041185979789	0.660233507645275	9.03650315269019E-4	99.7921431476458
512	1.86028424854812		2.80804947608428		1.00418245792389	1.86005295040756	2.81484029630107	0.660802303012296	0.00108263528805991	99.7510244719434
510	1.92604385827071		2.90192298645136		1.00497353076935	1.92581256013015	2.91139815871126	0.661473441675396	0.00101759516217214	99.7659643463673
508	1.99620026668178		3.00200598165692		1.00580215454102	1.99596896854123	3.01446236561136	0.662130995998163	0.00107936258363626	99.7517761666176
506	2.07959762352628		3.12180321018214		1.00663805007935	2.07936632538572	3.13756005399198	0.662733553972967	0.00126406608711394	99.7093612018191
504	2.17152187853006		3.25300447918914		1.00742840766907	2.1712905803895	3.2721993814627	0.663556931368563	0.00121485045398524	99.7206612242889
502	2.27300235908159		3.39780389267305		1.00814700126648	2.27277106094104	3.42051251925148	0.664453367192585	0.00126237174640744	99.7097502050555
500	2.37669435085476		3.54620378221679		1.00866842269897	2.37646305271421	3.57196791731729	0.665309181863827	0.0013830942064163	99.6820373650943
498	2.54811244099012		3.79396537790647		1.00904226303101	2.54788114284956	3.82329370833329	0.66640999546966	0.00141889134739893	99.6738213157635
496	2.75766163448874		4.0975349201505		1.00876116752625	2.75743033634819	4.12845779425097	0.667908084270114	0.00147806200773963	99.6602421331629
494	2.9516991337134		4.37266977012533		1.00816118717194	2.95146783557285	4.40338259054153	0.670272858395862	0.00148781825319483	99.6580033322945
492	3.04732227786256		4.50162940095769		1.00794267654419	3.04709097972201	4.53241210912638	0.67228903867467	0.00167269468309373	99.6155885754604
490	3.07691381827167		4.53360468159164		1.00791668891907	3.07668252013111	4.56452366965235	0.674042406787528	0.00169289197489011	99.6109559623136
488	3.15905543171297		4.64417108739984		1.00887954235077	3.15882413357242	4.68043230152064	0.674900079752492	0.00173891828389136	99.6003998030824
486	3.35786389039123		4.92448350083055		1.00954282283783	3.35763259225068	4.96649680268642	0.676056529510802	0.00176576520267935	99.5942429640958
484	3.5613968363553		5.20688584345212		1.01009511947632	3.56116553821474	5.25446708184856	0.677740574399392	0.00196797392455824	99.5478824004774
482	3.65916587893338		5.33187215887067		1.01073944568634	3.65893458079283	5.3841474355115	0.67957548054128	0.00197914359881146	99.5453221489276
480	3.65910113283989		5.31389786695031		1.01162850856781	3.65886983469934	5.3707001131761	0.681264966875161	0.00208744670446906	99.52050091857
478	3.71492681621057		5.38119695115405		1.0127238035202	3.71469551807002	5.44467038002028	0.682262700732341	0.00218270418812047	99.4986746387346
476	3.95306480354027		5.71218256994868		1.01399922370911	3.95283350539971	5.78714653599853	0.683036705708313	0.00221973088824858	99.4901920291258
474	4.38215557331008		6.3142211417618		1.01552999019623	4.38192427516953	6.40727122715788	0.683898670715904	0.00233256885267175	99.4643459432478
472	4.92414398667175		7.07739003519671		1.01726651191711	4.92391268853119	7.19457360112067	0.684392566053424	0.00244583392448374	99.4384087789407
470	5.40338922401459		7.74697142900557		1.01911818981171	5.40315792587404	7.89005209128534	0.684806369256027	0.00277369955208126	99.3633672245609
468	5.63666300237935		8.05000765826344		1.02110064029694	5.63643170423879	8.21483078666346	0.686128765231461	0.00273596917710335	99.3720000304514
466	5.51794293449436		7.84221146768751		1.02326714992523	5.5177116363538	8.01962950246679	0.688025754139463	0.00287259059660313	99.3407442603403
464	5.30239249590253		7.50729701590076		1.02553856372833	5.30216119776197	7.69396351888151	0.68913261477652	0.00290250903266806	99.3339009375312
462	5.13621338279702		7.25883877714745		1.027627825737	5.13598208465646	7.45431532311785	0.688994476625961	0.00308650357787003	99.2918257429084
460	5.00234661087098		7.06060702745127		1.02919805049896	5.00211531273043	7.26168585510487	0.688836643795877	0.00308301794582475	99.2926226587638
458	4.81416514189636		6.79478412812282		1.03004312515259	4.8139338437558	6.9938393763471	0.688310609482446	0.00313432336840775	99.2808934075665
456	4.6120823546179		6.52316612383706		1.03006207942963	4.61185105647735	6.71418466675949	0.686881771261021	0.00332715904000744	99.23682043676
454	4.47917362712164		6.35342453515984		1.02918720245361	4.47894232898108	6.5337861439685	0.685504886491533	0.00334469795988769	99.2328128530334
452	4.31139690660063		6.14064733874443		1.02735614776611	4.31116560846008	6.30356374811865	0.683925122474851	0.00352725659576322	99.1911084319886
450	4.06103835047211		5.80490564086724		1.02460694313049	4.06080705233155	5.94269213933653	0.683327851606481	0.00362854485191393	99.1679773001971
448	3.6982356175468		5.30845163894472		1.02102768421173	3.69800431940624	5.4150392559765	0.682913667767932	0.00384564834793723	99.1184156893211
446	3.40466511090735		4.90876176017071		1.01675081253052	3.40443381276679	4.98597177870611	0.682802463364578	0.00402919243398783	99.076534532672
444	3.23717708667425		4.68258843343774		1.0121191740036	3.2369457885337	4.73434465630156	0.683715703761706	0.00414703574979986	99.0496543305574
442	3.17413187208242		4.59738602899303		1.00782012939453	3.17390057394186	4.6283665090683	0.685749619811499	0.00438448522373316	98.995513969793
440	3.13967727016931		4.54779583143728		1.0045450925827	3.13944597202876	4.56351046706164	0.687945386493259	0.00469281782318611	98.9252558552814
438	3.1116774289726		4.50191050447219		1.00285410881042	3.11144613083205	4.50981227121545	0.689928082082555	0.00483913165539456	98.8919335452013
436	3.06542792964569		4.42632666688358		1.00277864933014	3.06519663150513	4.43367907306907	0.691343821009433	0.00513846952669882	98.8237956737444
434	3.05111776124583		4.39383665236497		1.00421047210693	3.05088646310528	4.40738291227039	0.692221784182048	0.00544213929934737	98.7547197092754
432	3.0565499389585		4.38705492631785		1.00665414333344	3.05631864081795	4.41128109698244	0.692841506497656	0.00565411446114702	98.7065301958105
430	3.06572044673436		4.38603143999381		1.00962591171265	3.06548914859381	4.42327040975831	0.693036795089655	0.00582412429776824	98.667897890725
428	3.06261461178583		4.37154838341106		1.01240730285645	3.06238331364528	4.42079320564007	0.692722588728709	0.00606806999893066	98.6124911292243
426	3.05306981201929		4.35464193816612		1.01423370838165	3.05283851387873	4.41162132927095	0.691999218886548	0.00619767085592193	98.5830678757441
424	3.03838785407014		4.34079415990114		1.01462960243225	3.03815655592958	4.39929298736779	0.690601095369962	0.006401187419462	98.5368812724215
422	3.01680506607044		4.32518473613538		1.01337480545044	3.01657376792989	4.37803416521956	0.689024720705578	0.00652585489144878	98.508599584742
420	3.39707975937516		4.89198290281588		1.01114857196808	3.3968484612346	4.9415334331994	0.687407766668759	0.00684862045963762	98.435415666103
418	3.18566580758321		4.61761051621691		1.0079870223999	3.18543450944265	4.64951897799666	0.685110551116659	0.00719103849964789	98.357835178026
416	2.99910964377787		4.37836962361818		1.00422537326813	2.99887834563731	4.39191592931315	0.682817793852057	0.00743756713761776	98.3020178853393
414	2.84957310873086		4.1895624710523		1	2.8493418105903	4.18462937495404	0.680906612099093	0.00774658478648356	98.232097002076
412	2.71780836316361		4.02278443216793		0.995681941509247	2.71757706502306	4.00050201899337	0.679309009749448	0.00815475366941968	98.139817566751
410	2.60990926691507		3.8855549893569		0.991583049297333	2.60967796877451	3.84795889008739	0.678197985819761	0.00852073365975824	98.057149972495
408	2.52350858366656		3.77500151079474		0.988153755664825	2.523277285526	3.72540726309566	0.677315822761686	0.00887544096372396	97.977095104671
406	2.45860550775402		3.69194019520867		0.985654711723328	2.45837420961347	3.63411591939553	0.676471049394145	0.00931014874963579	97.879073833396
404	2.43152514897551		3.6610356787306		0.98426741361618	2.43129385083496	3.59858263292297	0.675625405567004	0.00971334837720771	97.7882449285014
402	2.44059468018927		3.67993101556916		0.984128773212433	2.44036338204872	3.61667119404714	0.674754007515373	0.0101217149348435	97.6963379809828
400	2.48097894516462		3.74132123749182		0.985299050807953	2.48074764702407	3.68145968916517	0.673848923111967	0.0106049721924833	97.587687725317
398	2.52464450895499		3.80384904485916		0.987817049026489	2.52441321081443	3.75263394200466	0.672704359079023	0.0110167990284861	97.4951924684855
396	2.5512422383409		3.83712045585903		0.991658091545105	2.55101094020034	3.80021960362364	0.671279874922982	0.0114821951119963	97.3907712067319
394	2.55727209671524		3.83753298027144		0.996615350246429	2.55704079857468	3.81962787591968	0.669447622030197	0.0119713964170617	97.2811293143143
392	2.5616739521664		3.83372333673198		1.0025714635849	2.56144265402584	3.83863583531173	0.667279409644191	0.012412649067397	97.1823397633093
390	2.56860846141603		3.83288586114939		1.0093150138855	2.56837716327548	3.86361019821061	0.664760944172111	0.0129556061050671	97.060917854442
388	2.58724444766969		3.84937839038036		1.01699423789978	2.58701314952914	3.90977871220582	0.661677639568915	0.0134632107182264	96.9475390520278
386	2.61528586601468		3.87935607580745		1.02549052238464	2.61505456787412	3.97318404540104	0.658176046715239	0.0139870049477242	96.8306829711612
384	2.6481214615866		3.91825374410906		1.03449034690857	2.64789016344604	4.04829243472515	0.654075812491499	0.014554412871582	96.7042558039283
382	2.66967981110983		3.94132558239577		1.04369103908539	2.66944851296927	4.10837756427176	0.649757348541663	0.0150398196287057	96.5962307696716
380	2.68664629053422		3.9593052209958		1.0526317358017	2.68641499239367	4.16249759383674	0.645385356227315	0.0156654355239774	96.4571808081059
378	2.69028702538296		3.95902659550864		1.06117713451386	2.6900557272424	4.19599360930416	0.641101006750223	0.016191534455879	96.3404045243406
376	2.67943524319976		3.93986169080006		1.06922745704651	2.6792039450592	4.20733369497259	0.636793784210799	0.0169009099781915	96.1831707956995
374	2.67080035553895		3.92505271869126		1.07646524906158	2.67056905739839	4.21987254588578	0.632855383275046	0.0175980445094125	96.0289003077073
372	2.68018495022801		3.93694632215936		1.08239138126373	2.67995365208745	4.25597722690354	0.629691727471312	0.018213582713231	95.8928921605214
370	2.68660915674531		3.94646603647679		1.08660447597504	2.68637785860475	4.28288733521836	0.627235238367014	0.0189644779310185	95.7272365875641
368	2.69441540671412		3.95927948857403		1.08728444576263	2.69418410857356	4.29949932569649	0.626627405770583	0.019724376986552	95.5598860077531
366	2.7087293837077		3.98261808711359		1.08414971828461	2.70849808556715	4.31240606243417	0.62807120812698	0.0205306626733646	95.3826397063583
364	2.73401622442697		4.02216765970946		1.07767069339752	2.73378492628642	4.32925595770737	0.631467613140189	0.0213053699082529	95.2126450218604
362	2.7643251842668		4.07054817709427		1.06871128082275	2.76409388612625	4.34496870054355	0.636159677233225	0.022207032353893	95.0151739210367
360	2.7959380015233		4.12117659486072		1.05907070636749	2.79570670338274	4.35939290981495	0.641306429867413	0.023059469261578	94.8288602373405
358	2.81863405856151		4.1589375200028		1.04836678504944	2.81840276042096	4.35492026296994	0.647176662311351	0.0239400787766186	94.6367726229944
356	2.85933919755902		4.22439103536626		1.03684234619141	2.85910789941846	4.37491266940659	0.653523422172967	0.0248501413127905	94.4386692388234
354	2.88801394109678		4.27267656984129		1.02479386329651	2.88778264295623	4.37355732201558	0.660282335484602	0.0257524180665143	94.2426700583498
352	2.9140807256606		4.31867486067311		1.01273274421692	2.91384942752004	4.36866753508102	0.666988138630695	0.0267887622930975	94.0180496389115
350	2.941227551724		4.36615578089355		1.00126516819	2.94099625358344	4.3667403650056	0.6734992254525	0.027728800110027	93.8147660508986
348	2.9521940433794		4.39194013137645		0.990810453891754	2.95196274523884	4.3466924318503	0.67912850783009	0.0288232053466983	93.5786541034147
346	2.96496402623853		4.42154180362145		0.981342911720276	2.96473272809797	4.33420764896993	0.684031077468697	0.0299332283209615	93.3397797318038
344	2.96876546665302		4.43889584407945		0.972720801830292	2.96853416851247	4.31300779950191	0.688274704454579	0.0310860161778831	93.0923478904724
342	2.96802390171458		4.45027879081131		0.964752793312073	2.96779260357403	4.28865967621221	0.692009352020958	0.0322292722062799	92.8476097420705
340	2.96638902623283		4.46182338305034		0.957048177719116	2.96615772809228	4.26545872742151	0.695390089938891	0.0334587568263154	92.5851305264181
338	2.95511875039896		4.461572076899		0.950148642063141	2.9548874522584	4.23446947577348	0.697817629614311	0.0347258218028218	92.3154047574117
336	2.92491051077357		4.43528226987514		0.944044172763824	2.92467921263302	4.18244532081309	0.699274942837614	0.0360902664007742	92.0258279808463
334	2.89613538881824		4.41412971869013		0.938558220863342	2.89590409067768	4.13828773753648	0.69978316500573	0.0372882124569795	91.772336219483
332	2.84428070152544		4.36261565639597		0.933434963226318	2.84404940338488	4.06761326042346	0.699193660089701	0.038691332672151	91.4763162655514
330	2.77476931264304		4.28868756831247		0.928119659423828	2.77453801450248	3.97583674180675	0.697850086581181	0.040144823318668	91.1706763614525
328	2.69901340474262		4.21064977565554		0.923022568225861	2.69878210660206	3.8819714107953	0.695209165914275	0.0417246616708305	90.8396261739354
326	2.60170158872521		4.10066092111457		0.918195605278015	2.60147029058465	3.76067928934485	0.691755422472585	0.0434303452506032	90.4835549044063
324	2.52180075896635		4.01822370220569		0.913534343242645	2.52156946082579	3.66627879809223	0.687773516334304	0.0450307959913954	90.1507209110959
322	2.42766300299485		3.91381940574787		0.908978700637817	2.42743170485429	3.55309439868625	0.683188070024774	0.0469410692013475	89.7550577728737
320	2.3403982206287		3.8164073333832		0.904343068599701	2.34016692248814	3.44688030763497	0.678923175053276	0.048864721072422	89.3583783909726
318	2.26612096262472		3.73582818331455		0.899914681911469	2.26588966448416	3.35748726565731	0.674876622068306	0.0507088014955357	88.9797535438026
316	2.21051600679221		3.68658135733946		0.895963847637177	2.21028470865166	3.29862374178839	0.670062693313827	0.0528991438280326	88.5321184025738
314	2.15278315790181		3.63058674086398		0.892610192298889	2.15255185976125	3.2362953970635	0.665128363039543	0.0550267840342744	88.099453818099
312	2.10102895888986		3.58430159700596		0.88999992609024	2.1007976607493	3.18563770125759	0.659459065266579	0.0571471189679504	87.6703783971994
310	2.04171489662687		3.52661956598645		0.888025283813477	2.04148359848631	3.12734662692454	0.652784562130206	0.0594244341173452	87.2118634003075
308	1.97595316593261		3.45785965415182		0.887133359909058	1.97572186779205	3.06320633896527	0.644984910960792	0.0617774964254113	86.7406163097726
306	1.91337146452251		3.3955375230532		0.887335538864136	1.91314016638196	3.00860380626718	0.635889698203773	0.0642270604152529	86.2527478133158
304	1.83769763669989		3.30980356343483		0.888603985309601	1.83746633855934	2.93672106820728	0.625686367851413	0.0667289563755136	85.7572890358316
302	1.76289001981131		3.22727420585445		0.891015827655792	1.76265872167075	2.87115693089869	0.613919323845189	0.0694635769465541	85.2189979152583
300	1.68372656797919		3.13444457976053		0.894482612609863	1.68349526983864	2.7992936080988	0.601400033554186	0.072191615103306	84.6853691316233
298	1.59419677097365		3.02162727064102		0.900495111942291	1.5939654728331	2.71651835840054	0.586767789698139	0.0752527069428085	84.0905693693745
296	1.50929808967227		2.91550688532287		0.909423410892487	1.50906679153171	2.64694394305091	0.570116641681629	0.0783769547562135	83.4878054212445
294	1.41350885665658		2.78772130233738		0.92107892036438	1.41327755851603	2.56316755660545	0.551379309898769	0.0817949424922861	82.8333179142804
292	1.31773786094552		2.65419095619125		0.934718489646912	1.31750656280496	2.47631030567133	0.532044211013282	0.0851577535869572	82.1944031895675
290	1.2163481152569		2.50671876439771		0.948803901672363	1.21611681711635	2.37370400323052	0.512328755169667	0.0887240062613785	81.5222192381993
288	1.11264342817128		2.34987767615723		0.962523102760315	1.11241213003073	2.25706333299934	0.492858181587878	0.0923755072698308	80.8396626921979
286	1.00954260918628		2.19105022317859		0.97529125213623	1.00931131104573	2.13210091018663	0.473388152607363	0.0961978672123448	80.1312897169238
284	0.91204259889472		2.03605845133697		0.986907541751862	0.911811300754165	2.00453293132851	0.454874692504982	0.0999543978492992	79.4411645817916
282	0.823178225470508		1.89262172095308		0.996903836727142	0.822946927329953	1.88184403266395	0.43730878491826	0.10373087281241	78.7533663872729
280	0.737202273665613		1.749046806976		1.00535523891449	0.736970975525058	1.75345385649352	0.420296760474107	0.107702310047732	78.0364833343299
278	0.662115002847483		1.62234249077086		1.00982344150543	0.661883704706928	1.6332979212515	0.405243707283829	0.111588324187049	77.3413370642133
276	0.594799112613534		1.50504254159357		1.01022160053253	0.594567814472979	1.51544296500224	0.392339288382325	0.115538778821303	76.6410103172006
274	0.536231974175682		1.40428031512852		1.00653350353241	0.536000676035127	1.40848985902886	0.380549900731763	0.119779280592822	75.8963201265827
272	0.49109647630916		1.32668916248446		0.99854451417923	0.490865178168604	1.31983226917305	0.371914817991349	0.123672617339468	75.2189700834139
270	0.457513735659658		1.27148441416989		0.988452672958374	0.457282437519103	1.25192603578685	0.365263142108628	0.127412500631153	74.5740104688685
268	0.42712218609848		1.22084865997769		0.972882628440857	0.426890887957925	1.18294312974916	0.360871860381357	0.131019480359408	73.9572100670693
266	0.401805906597588		1.18027688889957		0.953488886356354	0.401574608457033	1.12067724408397	0.358332080513757	0.134547932373744	73.3587745067086
264	0.378010034195113		1.13978576662484		0.931065678596497	0.377778736054558	1.05662237179087	0.35753429620675	0.137764293657248	72.8174902523432
262	0.355584278974663		1.100506454648		0.906938552856445	0.355352980834108	0.993617716351178	0.357635512115319	0.140622924101433	72.3397620520639
260	0.329967360131711		1.04949289894364		0.883175373077393	0.329736061991156	0.922529493579615	0.357426038176523	0.143534314200359	71.856438138398
258	0.305000014040069		0.996758649276426		0.859192788600922	0.304768715899514	0.852169362840799	0.357638668073602	0.146074973314216	71.4372991480536
256	0.279497571209843		0.939982125150267		0.834685504436493	0.279266273069288	0.780471870487126	0.357817217544286	0.148598821163596	71.0233542135672
254	0.253905598961029		0.879274575344014		0.80953711271286	0.253674300820474	0.707811876633697	0.358392263812993	0.151048065082285	70.6239387640537
252	0.229044228210761		0.817512576079084		0.784095585346222	0.228812930070206	0.637139982995892	0.359125052856212	0.153534924935175	70.2206871649145
250	0.205601747835683		0.756536322050272		0.758817315101624	0.205370449695127	0.570329541938624	0.360090850277625	0.155986068499299	69.8254802660746
248	0.183969997433837		0.698580751297964		0.735633492469788	0.183738699293282	0.510270447138036	0.360081012576411	0.158720227818707	69.3872654317783
246	0.161893026086506		0.636236778768759		0.715051770210266	0.161661727945951	0.451414815833799	0.358122335101803	0.16183357303268	68.8916246914313
244	0.141286945541402		0.575705025470592		0.697206974029541	0.141055647400847	0.397946169738686	0.354459115647406	0.165351626433422	68.3358142466765
242	0.121683027353439		0.51467494301182		0.681808710098267	0.121451729212884	0.347546431127241	0.349454686727653	0.169369821899667	67.7064710048759
240	0.10368833252483		0.455900159921477		0.667849898338318	0.103457034384275	0.301178307728264	0.343507589124307	0.17413038317633	66.9683527944592
238	0.0862636131654394		0.395131416267812		0.657016694545746	0.0860323150248842	0.256366810535101	0.335582889397085	0.180062381636895	66.0598553458896
236	0.0720040198309995		0.342146023718301		0.649702370166779	0.0717727216904442	0.219088038325618	0.327597628053854	0.186276216262755	65.1214082709034
234	0.0580804944578632		0.286997429273137		0.645702123641968	0.0578491963173079	0.182129538934672	0.317626655487541	0.194142014387553	63.9525676255388
232	0.0462736204205685		0.237482782559366		0.644411623477936	0.0460423222800132	0.149857720991685	0.30724024077857	0.2027358162043	62.6995153397274
230	0.0357875650883232		0.191258273886343		0.644490897655487	0.0355562669477679	0.120084881088459	0.296092785582024	0.212593023096481	61.2924493587762
228	0.0270951262345067		0.151430735555191		0.646355271339417	0.0268638280939514	0.0946895215017676	0.283704338852847	0.224187489851117	59.677759531059
226	0.020428744043737		0.11974806127383		0.649210751056671	0.0201974459031817	0.0745391097741761	0.270964410017398	0.23628301917609	58.0386070735241
224	0.0154930976725439		0.0954249958040033		0.652522802352905	0.0152617995319887	0.0590480279862286	0.258464169803403	0.248242136541646	56.4622087645553
222	0.0119126743317481		0.0775084608795615		0.655378818511963	0.0116813761911928	0.047564356823443	0.24559096288327	0.263325980990498	54.5348369504445
220	0.0092129430402743		0.0636851588565496		0.656985223293304	0.00898164489971903	0.038599237070196	0.23268970014576	0.28023227644036	52.4526849232938
218	0.00727035629228393		0.0535630063777697		0.657121121883392	0.00703905815172866	0.031955741199959	0.22027522715504	0.298456236927434	50.2971946873874
216	0.00587204449214621		0.0461668045106559		0.655903518199921	0.00564074635159094	0.0270453344161191	0.208566337720307	0.318546531341454	48.0234624005865
214	0.00484124038669173		0.0406957769675147		0.654084265232086	0.00460994224613646	0.0233918068390949	0.197075081794529	0.340133577388363	45.6947623108899
212	0.004067236836394		0.0365284140080924		0.652615189552307	0.00383593869583873	0.0206195843866896	0.186033754313443	0.363642548434041	43.2869963553332
210	0.00346917704149674		0.0332528236967791		0.652986526489258	0.00323787890094147	0.0184924005556779	0.175092405725946	0.386442075208512	41.0731418248028
208	0.00291067694454627		0.0303462006786846		0.655270755290985	0.002679378803991	0.0166524642327025	0.160899838399242	0.416309325457425	38.3434048006037
206	0.00239099072454641		0.0276194959490557		0.661797821521759	0.00215969258399114	0.015013809999427	0.143847070402087	0.453923237083272	35.1622585434779
204	0.00189826587872167		0.0250394722414847		0.668592393398285	0.0016669677381664	0.0134429701481637	0.124002933860127	0.505057874146066	31.2566281308672
202	0.00142287110713797		0.0224866014058908		0.687935590744019	0.0011915729665827	0.0120756810434321	0.0986754256175715	0.580796462866604	26.254487020065
200	9.96379991364731E-4		0.0198372688454473		0.715800225734711	7.65081850809461E-4	0.0106684102168246	0.0717147011841453	0.68704168566211	20.5569327123926
