Wavelength	I1	I1 dark	R1	R1dark	XCorrect	I1c	R1c	I1c/R1c	Abs	Percent T
nm	uA	uA	uA	uA		uA	uA	uA/uA	OD	T*100
	Abs Detector Raw	Dark Offset for Abs Detector	Ref Detector Raw	Dark Offset for Ref Detector	Linear interp	Dark subtracted Abs Detector	Corrected Ref Detector	Corrected Intensity 	-Log(T)	% Transmittance
800	0.144636086458196	2.49441460566391E-4	0.213236053949892	0.00495521593021214	1.35067892074585	0.144386644997629	0.281320537508462	0.51324601565318	0.00107607686777234	99.752530855537
798	0.15319395538152		0.226033173802321		1.34199333190918	0.152944513920953	0.296685145296469	0.515511195439596	0.00106375215351934	99.7553617431833
796	0.165794730668389		0.244273837639347		1.33337259292603	0.165545289207822	0.319100891163792	0.518786671525931	9.08472790262155E-4	99.7910350459706
794	0.166721027661758		0.245252369091431		1.32502686977386	0.166471586201191	0.318400184668781	0.522837593120007	0.00114656691727864	99.7363414022553
792	0.15682507318775		0.230898921616131		1.31713449954987	0.156575631727184	0.297598249715065	0.526130889133578	0.00114022326156316	99.7377982423935
790	0.151049738089672		0.222904515901615		1.30966234207153	0.150800296629106	0.285439990653398	0.528308231386605	9.21729628167842E-4	99.787988971382
788	0.153244514997406		0.226319817973844		1.30193436145782	0.15299507353684	0.288202181811042	0.530860219639664	0.00103159402971202	99.7627485836316
786	0.157306384602453		0.232229829432468		1.29363858699799	0.157056943141886	0.294011209871572	0.53418692168401	9.29438337189416E-4	99.7862177544406
784	0.162356458015196		0.239649376483815		1.28498160839081	0.16210701655463	0.301577679908099	0.537529888166887	8.20802154388077E-4	99.811181805765
782	0.170318836676007		0.251368250414649		1.27644824981689	0.170069395215441	0.31453348659973	0.540703621270914	9.48406309740169E-4	99.7818596495471
780	0.182560741648758		0.269219321128843		1.268270611763	0.182311300188192	0.335158398367269	0.543955637323502	7.84669833914865E-4	99.8194862162165
778	0.197882779093638		0.291597609308466		1.26044166088104	0.197633337633071	0.361296014388604	0.547012227542871	7.73286160284008E-4	99.8221027066234
776	0.217800981795726		0.320599127442094		1.25292003154755	0.217551540335159	0.395476579569258	0.550099681179884	9.0323935559809E-4	99.7922375779631
774	0.259565612900205		0.381662651062842		1.24577045440674	0.259316171439639	0.469290992643573	0.552570101503289	7.91196502061697E-4	99.817986119409
772	0.3489192613011		0.512556392910422		1.23883104324341	0.348669819840534	0.628832095629975	0.554472047886217	6.58715876393976E-4	99.848440032547
770	0.435816593717547		0.638088873793096		1.23221707344055	0.435567152256981	0.780158102988514	0.558306259447251	8.56555447034366E-4	99.8029651885764
768	0.433337731727941		0.631575781778106		1.22665858268738	0.433088290267374	0.76864949518574	0.56344054472152	0.00105953615140271	99.7563301433706
766	0.370535246322149		0.539211071148642		1.22236526012421	0.370285804861582	0.653055797436956	0.56700485060364	0.00104097305523271	99.760594130143
764	0.32816751730443		0.47932498740356		1.2186872959137	0.327918075843864	0.578108414060052	0.567225917956975	8.30017780894065E-4	99.8090638584923
762	0.328908500883012		0.480975625214347		1.214359998703	0.328659059422446	0.578060143600885	0.568555128840304	7.69031813148647E-4	99.8230805683611
760	0.345602716209372		0.505136187251595		1.20898902416229	0.345353274748805	0.604713304422386	0.571102491417287	5.93057316458621E-4	99.8635367023363
758	0.368978765920653		0.538915604536053		1.2031888961792	0.368729324460087	0.642455210570078	0.573937791138619	5.99496198325921E-4	99.8620561291865
756	0.395142494148628		0.576590795120373		1.19780671596527	0.394893052688061	0.684708935838673	0.576731267869861	6.9533405706026E-4	99.8400215187707
754	0.419617838899462		0.611554318845412		1.1931779384613	0.419368397438895	0.723780667088834	0.579413649062587	7.44922877125544E-4	99.8286221885382
752	0.444935659538043		0.647694476782058		1.18890511989594	0.444686218077476	0.764155997984888	0.581931201548025	5.86538819851473E-4	99.8650356046655
750	0.485709963574335		0.706371893539782		1.1848680973053	0.485460522113769	0.831086244217454	0.584127731016503	7.24972535167916E-4	99.833208157226
748	0.540002326333468		0.783994779887331		1.18107759952545	0.539752884872902	0.920106178133829	0.586620215905555	5.78084153143634E-4	99.8669797551107
746	0.591709705277246		0.857527123648686		1.17750906944275	0.59146026381668	1.00391115369061	0.589155984214674	6.94262682674301E-4	99.8402678174877
744	0.640232239263047		0.925619736596816		1.174187541008	0.639982797802481	1.08103280961482	0.592010521892031	6.69659814014641E-4	99.8459239486988
742	0.711359770411941		1.0259966404926		1.17108881473541	0.711110328951375	1.19573019168653	0.594708015148787	5.77520112024412E-4	99.8671094577018
740	0.813952644147508		1.17127214955567		1.16803753376007	0.813703202686942	1.36230195473449	0.597300179933702	5.09751316336128E-4	99.8826942788022
738	0.919264536426898		1.31870288779713		1.16498303413391	0.919015094966331	1.53049374885788	0.600469682187293	6.74047275760025E-4	99.8449152599468
736	0.982122991070747		1.40384912006188		1.16204738616943	0.981873549610181	1.62558100482456	0.604013916683376	7.26995849900851E-4	99.8327430499341
734	0.998396913735212		1.42409186595268		1.15931880474091	0.998147472274646	1.64523180486806	0.606691087129023	6.47747706619404E-4	99.8509617511432
732	0.99814598600184		1.4237403385493		1.15665113925934	0.997896544541273	1.64103942844156	0.608088097852067	5.85382071167775E-4	99.8653015967679
730	1.00042822018461		1.42869774056806		1.15388596057892	1.00017877872405	1.6428365106588	0.608812119912628	5.26658836953245E-4	99.8788058208299
728	1.00943416039521		1.44513355745795		1.15089321136475	1.00918471893464	1.65749147641882	0.608862689969962	3.69603325179011E-4	99.9149318927597
726	1.02284604388654		1.46879371666517		1.1476241350174	1.02259660242598	1.67993639321112	0.608711500363018	4.42937599535788E-4	99.898061840896
724	1.04016908001117		1.49701849529995		1.14410185813904	1.0399196385506	1.70707237038794	0.609183100019524	4.40342538750708E-4	99.8986587683913
722	1.0318809422269		1.48747547013056		1.14027833938599	1.03163150076634	1.69048573356566	0.61025744274716	5.33877243661411E-4	99.8771457494257
720	0.987145149864156		1.42376082499941		1.13600122928619	0.98689570840359	1.61176491602075	0.61230747647747	7.13290102350235E-4	99.835893686245
718	0.900459661318933		1.29844357849087		1.13137769699097	0.900210219858367	1.4634238847185	0.615139761800136	7.12410404317209E-4	99.8360959119972
716	0.769002008035618		1.1088364686528		1.12621939182281	0.768752566575052	1.24321247308584	0.618359760071333	8.33371658949442E-4	99.8082930770285
714	0.637026796465797		0.91988280882433		1.12039887905121	0.636777355005231	1.02508384949159	0.62119538350063	8.14818454753595E-4	99.8125570114638
712	0.5211531717457		0.755711647065775		1.11375534534454	0.520903730285133	0.836158988229025	0.622972111306728	6.19484221923499E-4	99.8574601711783
710	0.437212412803767		0.638273547864624		1.10628998279572	0.4369629713432	0.700633726539932	0.623668194651626	5.09708356520968E-4	99.882704159062
708	0.374413127166028		0.551452280511349		1.09837675094604	0.374163685705462	0.60025967019618	0.623336373045312	4.55821426923662E-4	99.8950982980747
706	0.327740274264145		0.488178812746599		1.09038031101227	0.327490832803579	0.526897495785119	0.621545624003377	4.59325828897904E-4	99.8942922294234
704	0.295969070777815		0.446114997607061		1.0826700925827	0.295719629317249	0.477630501671839	0.619138912364576	4.34587943475689E-4	99.8999824788744
702	0.281374585362499		0.428841612055965		1.07555782794952	0.281125143901933	0.455914331514366	0.616618352329805	4.59734201079522E-4	99.894198297696
700	0.279312794904429		0.42910178966723		1.0694442987442	0.279063353443863	0.453601135114941	0.615217493609554	4.24046807957935E-4	99.9024072668405
698	0.293610931749152		0.452599361899998		1.0649927854538	0.293361490288586	0.476737785908448	0.615351874677964	3.81394351577739E-4	99.9122192550077
696	0.319981860598857		0.493285149701293		1.06259047985077	0.319732419138291	0.518894738651307	0.6161797284153	4.09162155520059E-4	99.905831298585
694	0.347014695879023		0.534022597658631		1.06203079223633	0.346765254418456	0.561885850563433	0.617145375828091	3.3779939606029E-4	99.9222490563436
692	0.367947952326139		0.564959890015481		1.06277585029602	0.367698510865573	0.595159443670717	0.617815133030147	3.21009752562053E-4	99.9261120834792
690	0.382079592894672		0.586157845253044		1.06392598152161	0.381830151434106	0.618356577865232	0.617491856805838	3.41268697158547E-4	99.9214508445352
688	0.39086349788887		0.599472762192027		1.06461536884308	0.390614056428304	0.632932516797205	0.617149610838305	2.96057691471271E-4	99.9318534276262
686	0.393122505143027		0.602912406038147		1.0645604133606	0.392873063682461	0.636561553473243	0.617180006456319	2.72867034061979E-4	99.937189777384
684	0.387757911658604		0.594947116763334		1.06376242637634	0.387508470198037	0.627611215972632	0.617433946902146	2.69900117112093E-4	99.9378725084971
682	0.385734677108583		0.592351523511986		1.06245732307434	0.385485235648016	0.624083508537084	0.617682137686402	2.80596496962115E-4	99.9354111364872
680	0.391666950949625		0.602167235447862		1.06094348430634	0.391417509489058	0.633608200856679	0.617759538086528	4.53264448468317E-4	99.8956864482279
678	0.401120872420638		0.616856345191414		1.05921316146851	0.400871430960071	0.648133729630906	0.618501109621862	2.46716877294568E-4	99.9432074726795
676	0.407814446917817		0.62758041436243		1.05730748176575	0.407565005457251	0.658306280638266	0.61911152520388	2.56366739995243E-4	99.9409867962594
674	0.4146907591462		0.6385330159422		1.05524814128876	0.414441317685634	0.668581795824471	0.619881247551109	2.56938461288881E-4	99.9408552303404
672	0.420402088774258		0.647871193395121		1.05312037467957	0.420152647313691	0.677067915075324	0.620547271490408	2.8510426934953E-4	99.9343738593223
670	0.425924654975335		0.65680658306889		1.0509113073349	0.425675213514769	0.68503797242775	0.621389223149472	3.54949547594504E-4	99.9183032362873
668	0.429768174552262		0.66320759164927		1.0485315322876	0.429518733091696	0.690198372144655	0.622312005397885	3.79479422038889E-4	99.9126597977493
666	0.433006924234145		0.66856408729437		1.04595601558685	0.432757482773579	0.694105691000143	0.62347490934704	2.36789791885153E-4	99.945491996516
664	0.437873103108744		0.676479135480516		1.04322910308838	0.437623661648177	0.700553296294857	0.62468289559512	1.20126683484615E-4	99.9723436340119
662	0.444731452690714		0.687504278869079		1.04042720794678	0.444482011230148	0.710142615840175	0.625905277778997	2.15341827751939E-4	99.9504280027287
660	0.452941590597361		0.70052882715688		1.03775990009308	0.452692149136795	0.721838401293968	0.627137803039154	2.59925512291153E-4	99.9401678455874
658	0.464113773780258		0.718080990783034		1.03528940677643	0.463864332319692	0.738291560404358	0.62829423658268	1.88130544572714E-4	99.9566907224293
656	0.4797403880977		0.742650792015424		1.03309750556946	0.479490946637134	0.762111459523257	0.629161181931423	2.54027605210298E-4	99.9415250855492
654	0.497832204736835		0.771013299531487		1.03115320205688	0.497582763276268	0.789923245867016	0.62991279960387	2.12146916947579E-4	99.9511632961534
652	0.510945586642444		0.791418844493896		1.02945709228516	0.510696145181878	0.809630560249204	0.630776764435233	2.7834057289371E-4	99.9359302480445
650	0.515977948988058		0.79935417924002		1.02793705463409	0.515728507527492	0.816592130549062	0.63156193677831	2.63385432431384E-4	99.9393716493736
648	0.51634730323463		0.800362141272125		1.02666783332825	0.516097861774063	0.816618704655065	0.631993681790647	2.80106103362525E-4	99.9355239809181
646	0.521128417412303		0.8081189649716		1.02560043334961	0.520878975951736	0.823725089067544	0.632345648887993	2.48352418374377E-4	99.9428310900164
644	0.528949469932321		0.82058787666494		1.02465677261353	0.528700028471754	0.835743529786629	0.632610375825147	1.09570126752565E-4	99.9747737283093
642	0.539944854104694		0.838181475532628		1.02378344535828	0.539695412644127	0.853043250818751	0.632670632029651	2.6507281015609E-4	99.9389833526096
640	0.553605750351377		0.859716595075484		1.02288675308228	0.553356308890811	0.874324091774035	0.632896101224926	2.77115734015643E-4	99.9362120973205
638	0.568618343370003		0.883297603892392		1.02184903621674	0.568368901909437	0.89753332260746	0.633256601836515	2.62962723039588E-4	99.9394689228443
636	0.582969316823402		0.905767093853878		1.02063095569611	0.582719875362835	0.919396487867635	0.63380694080564	2.18944599801918E-4	99.9495988484802
634	0.598642067615269		0.930293366338883		1.01923584938049	0.598392626154702	0.943137815695957	0.63446997479699	1.87851477671506E-4	99.9567549521492
632	0.610810692444575		0.949630620595112		1.0177036523819	0.610561250984008	0.961399609642815	0.635075409704866	3.31218583358686E-4	99.9237631777871
630	0.626489000487396		0.974141564100687		1.01619136333466	0.62623955902683	0.984878796472691	0.635854443480442	2.11516607367133E-4	99.9513083595243
628	0.643202713494342		1.00043426419094		1.01451146602631	0.642953272033776	1.00992490864946	0.636634730490582	1.8155602859499E-4	99.9582039164989
626	0.658851274528005		1.0250016087583		1.01275491714478	0.658601833067438	1.03305700005244	0.637527099699251	2.5854125668017E-4	99.9404863920216
624	0.673408702448352		1.04775788002968		1.01092803478241	0.673159260987785	1.05419844788393	0.638550798797895	1.70116835979033E-4	99.9608368217162
622	0.683857721266463		1.06430858797135		1.0092089176178	0.683608279805896	1.06910886997241	0.639418771096288	2.38861871308275E-4	99.9450151437997
620	0.694683243073792		1.08127389094311		1.00772297382355	0.694433801613226	1.08463105596582	0.640248864158568	2.34224814219944E-4	99.9460822842641
618	0.701571684513552		1.09230890066465		1.0068142414093	0.701322243052986	1.09476317523951	0.640615485535996	2.48807000734583E-4	99.942726478454
616	0.710462974761228		1.106438073887		1.00664889812469	0.710213533300661	1.10880650526544	0.640520712972047	2.74529591238609E-4	99.9368072006279
614	0.717926382629355		1.11821996470906		1.00700271129608	0.717676941168788	1.12106062041065	0.640176747004011	2.28790901630089E-4	99.9473328220791
612	0.725372731171378		1.13006132666126		1.00780045986176	0.725123289710811	1.13388245578802	0.639504814638719	2.49568935754255E-4	99.9425511370679
610	0.737797680767726		1.14966941221523		1.00835275650024	0.73754823930716	1.15427571522896	0.638970593919895	2.43286133944815E-4	99.9439969850104
608	0.748832408201661		1.16685331107235		1.0085117816925	0.748582966741095	1.17178791807692	0.638838270298631	2.55333026122401E-4	99.9412246774939
606	0.762964782717945		1.18906684095185		1.00798010826111	0.762715341257378	1.19356096398255	0.639025038748278	2.67888466462005E-4	99.9383354214748
604	0.779688737424068		1.21490841341939		1.00688087940216	0.779439295963502	1.21827873952336	0.639787325081655	2.01296412763352E-4	99.9536605281211
602	0.79581549364625		1.24005848961284		1.00539457798004	0.795566052185684	1.24176613460592	0.640673014035902	2.79759227646766E-4	99.9356038005376
600	0.813303071396197		1.26719679364259		1.00393652915955	0.813053629935631	1.26721042848943	0.641609011144918	2.68259725610543E-4	99.9382499886476
598	0.836054258439077		1.30202911161864		1.00287997722626	0.835804816978511	1.30080943896878	0.642526716012375	2.06481357802551E-4	99.9524672107656
596	0.853651382087024		1.32945678484889		1.00218975543976	0.853401940626458	1.32740190343418	0.642911493812524	2.60030544719923E-4	99.94014367545
594	0.8749957133616		1.36223000401725		1.00178515911102	0.874746271901033	1.35969773954115	0.643338770421307	2.38138392891202E-4	99.9451816394025
592	0.895822025534241		1.39446611228688		1.00154709815979	0.895572584073675	1.39166060610742	0.643528012608373	2.29841272314573E-4	99.9470910929626
590	0.912156513384011		1.41953745312908		1.00122630596161	0.911907071923445	1.41631694782953	0.643858052620863	2.60354013660805E-4	99.9400692385835
588	0.929184983164602		1.44561777529049		1.00070452690125	0.928935541704035	1.44167754488896	0.644343490676745	2.11276776373227E-4	99.9513635557776
586	0.944192551464009		1.46864096245435		0.999973237514496	0.943943110003443	1.46364657465557	0.644925575851927	2.09894256449383E-4	99.951681738433
584	0.956526868431325		1.48778284012445		0.999053955078125	0.956277426970759	1.48142480265035	0.645511959338014	2.67709201947068E-4	99.9383766732099
582	0.971135813075099		1.50987536933305		0.998229086399078	0.970886371614533	1.50225506983487	0.646285967749307	2.13944593081549E-4	99.9507495689327
580	0.98652896486906		1.53346483914846		0.997582137584686	0.986279523408493	1.52481389724882	0.646819605453499	3.28668478595969E-4	99.924349915181
578	1.00149884395963		1.55628658588344		0.997147619724274	1.00124940249907	1.54690638295245	0.647259209434552	1.81256292240634E-4	99.9582729045225
576	1.01892932484702		1.58303409096455		0.996688485145569	1.01867988338645	1.57285304339819	0.647663739255361	2.69005604106217E-4	99.9380783499769
574	1.03985437816917		1.61516322291624		0.996220171451569	1.0396049367086	1.60412169679231	0.648083582927311	3.23537707069733E-4	99.9255304322245
572	1.06010345950915		1.64571309614622		0.9957315325737	1.05985401804859	1.63375435864986	0.648722993415271	1.8289933149542E-4	99.9578947393319
570	1.07701480435125		1.67148278598466		0.995352268218994	1.07676536289068	1.65878199690318	0.649130123729892	2.5098665691029E-4	99.9422248827778
568	1.09655366077952		1.70120712210856		0.995181918144226	1.09630421931895	1.68807922564637	0.649438843072769	2.73616912480894E-4	99.9370172200979
566	1.11970481119971		1.73631008522513		0.995282471179962	1.11945536973914	1.72318715280131	0.649642360621882	2.8045396302645E-4	99.9354439349463
564	1.14527291717664		1.77521265617564		0.995623111724854	1.14502347571608	1.76250922121123	0.649655310699139	2.47774600090569E-4	99.9429640616196
562	1.17002195577404		1.81272276497351		0.996170461177826	1.16977251431348	1.80084463303277	0.649568815019583	2.82482588736653E-4	99.9349771292514
560	1.20197341591248		1.86101840839626		0.99668163061142	1.20172397445192	1.8499040891849	0.649614205124235	3.11250168893895E-4	99.9283576754683
558	1.2322182171222		1.90664735718854		0.997178435325623	1.23196877566163	1.89632639389101	0.649660722769244	3.00354924626332E-4	99.9308646323107
556	1.26380195417861		1.95421460858539		0.997675478458405	1.26355251271805	1.94472829720679	0.649732157717293	2.47348467244319E-4	99.9430621264176
554	1.29199577120463		1.99681028407436		0.99818366765976	1.29174632974406	1.98823719736681	0.649694277651998	3.75129978518979E-4	99.9136604244322
552	1.32442938923909		2.04492473548123		0.998678505420685	1.32417994777852	2.03727371088896	0.64997645662483	2.91105221443514E-4	99.9329930053814
550	1.3518458487853		2.08568552023047		0.999059557914734	1.35159640732474	2.078773497954	0.650189358607382	3.11382236174383E-4	99.928327287644
548	1.37981636106367		2.12733484257381		0.999196529388428	1.37956691960311	2.12067435698699	0.650532183339628	3.71536974167069E-4	99.914487033373
546	1.41052776688578		2.17251509141671		0.99907249212265	1.41027832542522	2.16554944662736	0.651233490706754	3.69783536669938E-4	99.9148904328382
544	1.43254847907806		2.20435478855511		0.998806416988373	1.4322990376175	2.19677440665924	0.652000967088687	3.49569696922749E-4	99.9195409883257
542	1.4586088259588		2.24248750324649		0.998482644557953	1.45835938449823	2.23413715552337	0.652761797051174	3.26504808587067E-4	99.9248477429606
540	1.47830953236201		2.2703806916116		0.99831360578537	1.47806009090144	2.26160507526552	0.653544735580288	4.30292595240004E-4	99.9009705350284
538	1.50146658640766		2.3034463653076		0.998360693454742	1.5012171449471	2.294723217792	0.654204016112923	4.14359716305653E-4	99.9046356501358
536	1.52424290315015		2.33588816205297		0.998661279678345	1.52399346168958	2.32781247881937	0.654689102131856	3.88466028473248E-4	99.9105923838188
534	1.54246390527461		2.3609021390038		0.999168038368225	1.54221446381404	2.35398686562709	0.655149986745232	3.39781928058117E-4	99.9217929174513
532	1.56216447282284		2.38853293723324		0.999805629253387	1.56191503136227	2.38311442352173	0.655409163716991	4.89348446870231E-4	99.8873868123904
530	1.5851029264055		2.42047215829702		1.0004802942276	1.58485348494493	2.4166771012109	0.655798610476686	4.50456361113288E-4	99.8963323618477
528	1.60212855194782		2.44312270752292		1.00102841854095	1.60187911048725	2.44067494824701	0.656326280415908	3.96251103423723E-4	99.9088014228209
526	1.62667324484291		2.47695737535647		1.0014044046402	1.62642380338234	2.47547385072954	0.657015141930513	4.06990484567328E-4	99.9063308746638
524	1.64885060071132		2.50736107396545		1.00163662433624	1.64860115925076	2.50650135636166	0.65773000882944	4.53076004267224E-4	99.8957297938556
522	1.67719692628165		2.54649074910207		1.00181710720062	1.67694748482108	2.54615377568982	0.658619876313933	3.76064690591096E-4	99.9134453850799
520	1.71094057696469		2.59389414246734		1.0020604133606	1.71069113550412	2.59427321089113	0.659410554109102	4.78173066542976E-4	99.8899571740836
518	1.74458328160321		2.6406029313432		1.00242054462433	1.74433384014264	2.64202741832216	0.660225487459322	4.30656571367689E-4	99.9008868094581
516	1.78638183032535		2.69981377095036		1.00289297103882	1.78613238886478	2.70265470277353	0.660880721104257	4.51447675536797E-4	99.8961043401568
514	1.83036754639715		2.76128070185709		1.00349617004395	1.83011810493658	2.76596206852214	0.661656978511791	4.98040176125552E-4	99.885387741551
512	1.88083434154462		2.83209626553897		1.00418245792389	1.88058490008405	2.83896544809365	0.662419086976509	4.09094056026074E-4	99.9058469643081
510	1.9374055266213		2.91263853816636		1.00497353076935	1.93715608516074	2.92214477470681	0.662922693607848	5.08713026577083E-4	99.8829330736911
508	2.01747977862068		3.02666937267165		1.00580215454102	2.01723033716011	3.03924660925763	0.663727099675154	4.98404729479192E-4	99.8853038962817
506	2.09975736007902		3.14363655970427		1.00663805007935	2.09950791861846	3.15951606771714	0.664503004137409	5.26042972719413E-4	99.8789474570477
504	2.1876964756334		3.26838361731128		1.00742840766907	2.18744703417283	3.28767047794534	0.665348625674887	5.22679362122575E-4	99.8797210224533
502	2.28654751283606		3.40889188090999		1.00814700126648	2.2862980713755	3.43166854130038	0.666235110955423	5.95147013523558E-4	99.8630561895825
500	2.40208441422987		3.5729702127739		1.00866842269897	2.4018349727693	3.59894405903261	0.667372132873584	4.72463219443529E-4	99.8912704768202
498	2.5833178119432		3.83470898125929		1.00904226303101	2.58306837048263	3.86438340621917	0.668429630022102	5.41637482994686E-4	99.8753610994646
496	2.79153861189244		4.13394704158703		1.00876116752625	2.79128917043187	4.1651666147559	0.670150663491635	4.99037333464904E-4	99.8851584010061
494	2.9828666872998		4.40481519236016		1.00816118717194	2.98261724583924	4.43576805722791	0.672401533930337	5.52167832922746E-4	99.8729394482695
492	3.06891530756144		4.51833854395733		1.00794267654419	3.06866586610087	4.54923167192157	0.674545964550687	6.50015368119748E-4	99.8504403823485
490	3.10566068094977		4.56008579720848		1.00791668891907	3.1054112394892	4.59119213307598	0.676384509617256	6.409539588718E-4	99.8525237501569
488	3.20463262879648		4.69428485673085		1.00887954235077	3.20438318733592	4.73096874194284	0.677320726921563	5.76387560221185E-4	99.8673698911798
486	3.4084715806187		4.98031716759963		1.00954282283783	3.40822213915813	5.02284094932828	0.678544706778726	7.06905104310125E-4	99.8373614844742
484	3.6220454078903		5.27427969083908		1.01009511947632	3.62179596642974	5.32251893504256	0.680466525461177	6.49529769413068E-4	99.8505520284178
482	3.70726601301853		5.38048446336393		1.01073944568634	3.70701657155796	5.43325945182186	0.682282266184608	7.23168040904348E-4	99.8336229652266
480	3.69799889879774		5.34895644835319		1.01162850856781	3.69774945733718	5.40614399654059	0.683990189625615	7.72486416595608E-4	99.8222865269882
478	3.78789667675884		5.46306202651053		1.0127238035202	3.78764723529828	5.52755468923042	0.685230169260545	7.54134913063526E-4	99.8265046965131
476	4.03589356297493		5.80558919799342		1.01399922370911	4.03564412151436	5.88183835483275	0.686119522172607	6.74755255556497E-4	99.8447524945236
474	4.48836521644038		6.4362859239889		1.01552999019623	4.48811577497981	6.53120921090354	0.687179912639625	6.76633280210506E-4	99.8443207356384
472	5.03628948182911		7.20382887746492		1.01726651191711	5.03604004036854	7.3231730994014	0.687685511732638	8.09012613603656E-4	99.8138913588903
470	5.4969063256917		7.8384774344993		1.01911818981171	5.49665688423113	7.98328498323791	0.688520689887956	7.88314397735113E-4	99.818648542756
468	5.70056666423338		8.09709330260655		1.02110064029694	5.70031722277281	8.26288738167643	0.689869891657206	8.60617154421766E-4	99.8020317930066
466	5.54910208964329		7.84338918985077		1.02326714992523	5.54885264818272	8.0208119923708	0.691806846172265	9.66094609140191E-4	99.7777957354529
464	5.34209062806812		7.52111693772054		1.02553856372833	5.34184118660756	7.70811369691472	0.693015359743033	7.95030033687015E-4	99.8171050266629
462	5.17820658331281		7.27693375998531		1.027627825737	5.17795714185225	7.47288750003345	0.69289911588112	9.4187331444434E-4	99.7833606571581
460	5.03527423525113		7.06691640242606		1.02919805049896	5.03502479379056	7.26815668584086	0.692751272630009	9.76216264460138E-4	99.7754703439716
458	4.85523262220101		6.81229378381457		1.03004312515259	4.85498318074044	7.01185229243535	0.692396670417342	8.50180614109711E-4	99.8044301666603
456	4.65677988861899		6.5449358625196		1.03006207942963	4.65653044715842	6.73658606425538	0.691230009198009	9.64784952880284E-4	99.7780966253266
454	4.51113256254081		6.36072562155645		1.02918720245361	4.51088312108024	6.54127756320394	0.68960276910659	0.00103213671809677	99.7626239215571
452	4.35392088104009		6.16011269511197		1.02735614776611	4.35367143957952	6.32353887670595	0.688486545977785	9.08937905528044E-4	99.7909281730747
450	4.08223218583664		5.7954087292841		1.02460694313049	4.08198274437608	5.93293887365675	0.688020360786249	0.00102067933415055	99.765255854061
448	3.70822572981157		5.28522722497502		1.02102768421173	3.707976288351	5.39130390140305	0.687769852370227	0.00106642301669641	99.7547482605943
446	3.42498050389258		4.90108368402952		1.01675081253052	3.42473106243201	4.97814259819377	0.68795358808617	0.00101328176050496	99.7669552242897
444	3.27402929599966		4.69849039870623		1.0121191740036	3.27377985453909	4.7504169523481	0.689156317725096	0.00111437814331781	99.7437338736283
442	3.22719111259306		4.63457289407882		1.00782012939453	3.2269416711325	4.66582188743894	0.691612699537436	0.00106847922194727	99.7542759641224
440	3.1916032343173		4.58174342651647		1.0045450925827	3.19135379285673	4.5975901367348	0.694136210045731	0.00116271299928114	99.7326335006361
438	3.1559985225455		4.52324706444553		1.00285410881042	3.15574908108494	4.53118754508823	0.696450775802855	0.00119152480706911	99.7260172937238
436	3.12458356905775		4.46709939621285		1.00277864933014	3.12433412759718	4.47454291422017	0.698246544394065	0.00124641241179688	99.7134143789571
434	3.1085095945126		4.43020066589154		1.00421047210693	3.10826015305204	4.44387782249473	0.699447706981985	0.00130137331350527	99.7007962301311
432	3.11802039769726		4.4271947454934		1.00665414333344	3.11777095623669	4.45166574524768	0.700360524499178	0.00137891030137718	99.6829976862699
430	3.12856796845589		4.42658737244895		1.00962591171265	3.12831852699532	4.46419439728318	0.700757684051383	0.00142475745023557	99.6724750105224
428	3.13892482876607		4.42949655212482		1.01240730285645	3.1386753873055	4.47943796055364	0.700685089277936	0.00146751235445801	99.6626630567854
426	3.12517827120381		4.40537555612746		1.01423370838165	3.12492882974324	4.46305464007631	0.700177139146523	0.00148097639797165	99.6595733522463
424	3.1002895750142		4.37563393026974		1.01462960243225	3.10004013355363	4.43462000628941	0.699054288565196	0.00142084002423951	99.6733740809043
422	3.07444558097684		4.35366848846297		1.01337480545044	3.07419613951627	4.40687646651263	0.697590722788976	0.00147197673325165	99.661638568538
420	3.45236025231833		4.90871661856933		1.01114857196808	3.45211081085776	4.95843133955073	0.696210267816384	0.00157582142719191	99.6378111989451
418	3.23843603442313		4.63283836039434		1.0079870223999	3.23818659296256	4.6648461508031	0.694167929290676	0.00169279933340816	99.6109772108165
416	3.05446630859574		4.39824680859735		1.00422537326813	3.05421686713517	4.41185488952188	0.692275005324611	0.00161596321320628	99.6286021138074
414	2.90060581116366		4.20384892119053		1	2.90035636970309	4.19889370526032	0.69074298453175	0.00167584850456605	99.6148651754298
412	2.7764957408588		4.04735519622991		0.995681941509247	2.77624629939823	4.02494466074175	0.689760116822725	0.0017086300279441	99.6073463053404
410	2.6806401870426		3.92721856340917		0.991583049297333	2.68039074558203	3.88924985024035	0.689179365891442	0.00182748383041407	99.5800903936322
408	2.58204146917486		3.79861029976291		0.988153755664825	2.58179202771429	3.74871451878624	0.688713961753008	0.00184343874434262	99.5764321325821
406	2.53319090784662		3.73714449190305		0.985654711723328	2.53294146638605	3.6786499449059	0.688551915599799	0.00184988626436411	99.5749538354798
404	2.50057694313319		3.69555168201065		0.98426741361618	2.50032750167262	3.63253383837001	0.688314992488706	0.00188171745230505	99.5676558543893
402	2.52606870328523		3.73446783175749		0.984128773212433	2.52581926182467	3.67032067529439	0.688174000388147	0.00189493173691854	99.564626353944
400	2.55847120559717		3.78008122268851		0.985299050807953	2.5582217641366	3.71962807113937	0.687762785743518	0.0019965523518793	99.5413319411952
398	2.61353979668572		3.85423598313439		0.987817049026489	2.61329035522515	3.80238516833405	0.687276601273436	0.00208651383924174	99.5207146889914
396	2.63781666426449		3.87942006506501		0.991658091545105	2.63756722280393	3.84214441805161	0.686483103136833	0.00211105967277591	99.5150900495673
394	2.64183957684607		3.87302574136009		0.996615350246429	2.64159013538551	3.85497846147919	0.685241217760762	0.00223438411760441	99.4868352560852
392	2.64557309733897		3.864359445008		1.0025714635849	2.6453236558784	3.86932854651227	0.683664781648702	0.00227836448895343	99.4767608789055
390	2.66187887119959		3.87240765054225		1.0093150138855	2.66162942973903	3.90347780774195	0.681861037985177	0.00232870053529436	99.4652318890459
388	2.68703589014204		3.89350661286028		1.01699423789978	2.68678644868147	3.95463436445502	0.679401987913422	0.00232847726235334	99.4652830246267
386	2.71847531872735		3.92363287006412		1.02549052238464	2.71822587726679	4.01856679459481	0.676416746617959	0.00244919357938773	99.4376395371948
384	2.74906888549964		3.95274102424469		1.03449034690857	2.74881944403907	4.08394631036397	0.673079231493151	0.0024785463312189	99.4309190518003
382	2.7826947154434		3.98792373894786		1.04369103908539	2.78244527398283	4.15698855643268	0.669341576530726	0.00252731888191131	99.4197532934369
380	2.79513468121401		3.99433477407849		1.0526317358017	2.79488523975344	4.19934752906543	0.665552260299696	0.00260065445989642	99.4029665512041
378	2.80283348489418		3.99601547475537		1.06117713451386	2.80258404343361	4.2352218891322	0.66173251763389	0.00271580731069498	99.3766134243116
376	2.80341707864185		3.98758096551173		1.06922745704651	2.80316763718128	4.25833280259299	0.658278196451525	0.00278328632465795	99.3611738660678
374	2.80499138283478		3.98229925166564		1.07646524906158	2.80474194137421	4.28147263803155	0.655088138707274	0.00285342700735562	99.3451278463636
372	2.80641805519236		3.97759305051257		1.08239138126373	2.80616861373179	4.29994895303417	0.652605099358605	0.00294191154710173	99.324889015714
370	2.8207952401935		3.99218080680194		1.08660447597504	2.82054579873294	4.33253717376343	0.651014794705821	0.00306460615517783	99.2968322304023
368	2.83555450527125		4.00820223007776		1.08728444576263	2.83530506381068	4.35266821102834	0.651394713850892	0.003161482588377	99.2746849305409
366	2.85726844561417		4.03494761571308		1.08414971828461	2.8570190041536	4.36911512491371	0.653912502296453	0.00325243094212996	99.2538973677013
364	2.88346562568527		4.06865071616435		1.07767069339752	2.8832161842247	4.37932554749371	0.658369914032714	0.00342933329647539	99.2134762402986
362	2.91705805719167		4.11229921452509		1.06871128082275	2.9168086157311	4.38956486551799	0.664486960574144	0.00348440766581839	99.2008954376066
360	2.95868133583394		4.16789068158812		1.05907070636749	2.95843189437338	4.40884300417661	0.671022282165816	0.0035952118559075	99.1755889388129
358	2.99668542503755		4.21869733421714		1.04836678504944	2.99643598357699	4.41754727757587	0.678303093390158	0.00373322222077802	99.1440778668479
356	3.03926047369556		4.2764036816428		1.03684234619141	3.03901103223499	4.42881864882512	0.68618999178058	0.00381438426273927	99.1255513041282
354	3.08200018299743		4.33417279762291		1.02479386329651	3.08175074153687	4.43655561059403	0.694626870939693	0.00391080412271624	99.1035463943706
352	3.10605318583101		4.36631508265072		1.01273274421692	3.10580374437044	4.4168919463414	0.703164981643494	0.00403402353226184	99.0754324099587
350	3.1367232418608		4.4091128119719		1.00126516819	3.13647380040024	4.40972959613596	0.711262160643271	0.00418398417048817	99.0412278531901
348	3.16077202106158		4.44241975763959		0.990810453891754	3.16052257960102	4.39668625669963	0.718841963031826	0.00424757511113164	99.0267269464789
346	3.17498000440325		4.4628690617571		0.981342911720276	3.17473056294268	4.37474215366189	0.725695469911356	0.00438629096659665	98.9951023595177
344	3.19332608587291		4.49049961584591		0.972720801830292	3.19307664441234	4.36318234533137	0.731822874152613	0.00456568226255513	98.9542195180812
342	3.19924025821256		4.50116643709235		0.964752793312073	3.19899081675199	4.33773233493726	0.737479994094256	0.00468359128478805	98.927357533763
340	3.19960229434393		4.50500297272155		0.957048177719116	3.19935285288336	4.30676250528615	0.742867257935968	0.00486282159067773	98.8865393260519
338	3.18866956733683		4.49521876865909		0.950148642063141	3.18842012587626	4.26641781713095	0.747329554333332	0.00504970157333836	98.8439969036269
336	3.17674943798993		4.48632150306964		0.944044172763824	3.17649999652936	4.23060772939423	0.750837751857508	0.00521542628284472	98.8062857000131
334	3.13773530240364		4.44285260675896		0.938558220863342	3.13748586094307	4.16522507951029	0.753257219250188	0.00536680681868664	98.7718511341044
332	3.09069644761112		4.39234193801547		0.933434963226318	3.09044700615056	4.09534016358929	0.754625228357584	0.00559076829287733	98.7209285747023
330	3.02440727551272		4.31844215803732		0.928119659423828	3.02415783405215	4.00343203163758	0.755391326779972	0.00566706252220565	98.703587401966
328	2.93908148239663		4.2231930861523		0.923022568225861	2.93883204093607	3.89352875235997	0.754799111000468	0.00600991847084671	98.62569611161
326	2.85615446856784		4.13294380672776		0.918195605278015	2.85590502710727	3.79030098270809	0.753477109109891	0.00618883192000335	98.5850742983978
324	2.76563111687877		4.03217713232571		0.913534343242645	2.7653816754182	3.67900552848675	0.751665539506721	0.00638362468061209	98.5408661549781
322	2.67199084625685		3.92659001116559		0.908978700637817	2.67174140479628	3.56468250054911	0.749503330067887	0.00661722703155479	98.4878763309575
320	2.5919668597602		3.83812773124563		0.904343068599701	2.59171741829963	3.46650299497238	0.747646092346816	0.00690232455567315	98.4232440673436
318	2.52237528288984		3.7621028047916		0.899914681911469	2.52212584142927	3.38111227732463	0.745945604452079	0.00715491909068089	98.3660157438828
316	2.46664598623752		3.7053747288464		0.895963847637177	2.46639654477695	3.31544210466407	0.743911812336368	0.00745552754646042	98.297952653111
314	2.41720918223584		3.65659748294755		0.892610192298889	2.41695974077527	3.2594931061691	0.741513990687939	0.00772937937251121	98.235988733249
312	2.36314934358466		3.60125534449681		0.88999992609024	2.3628999021241	3.2007068486226	0.738243148741022	0.00806041323379325	98.1611384888522
310	2.30418950495307		3.53889719044911		0.888025283813477	2.3039400634925	3.1382298249025	0.734152752360666	0.0083864323643007	98.0874778703892
308	2.24657943438249		3.48000740796958		0.887133359909058	2.24632999292192	3.08283472698322	0.728657288456109	0.00869948439407177	98.016799054703
306	2.17624244735885		3.40252208113076		0.887335538864136	2.17599300589829	3.01478182515966	0.721774619887477	0.00909240340610398	97.9281604720517
304	2.11111368785347		3.33301964000222		0.888603985309601	2.1108642463929	2.95733131059749	0.713773339777216	0.0094487767279115	97.8478355531016
302	2.02680669356144		3.23585247730455		0.891015827655792	2.02655725210087	2.87878059741429	0.703963773384161	0.00993622843870405	97.7380728464358
300	1.94233492876225		3.13714143033569		0.894482612609863	1.94208548730168	2.80168610824201	0.693184536836031	0.0104755220053245	97.6167800299064
298	1.85610804922398		3.03439990242592		0.900495111942291	1.85585860776342	2.72800013208893	0.680300043219689	0.0108920805477152	97.5231946626322
296	1.76080542509307		2.91671484430241		0.909423410892487	1.76055598363251	2.64802237293329	0.664856914211904	0.0114683966324633	97.3938655723475
294	1.66056765693892		2.7904927867013		0.92107892036438	1.66031821547835	2.56569993832025	0.647120963243017	0.0121566498261168	97.2396417558396
292	1.55733779895297		2.65620616614414		0.934718489646912	1.5570883574924	2.4781732838589	0.628321016788532	0.0127724241642629	97.1018660089026
290	1.44436780428718		2.50424159155604		0.948803901672363	1.44411836282662	2.37133266459037	0.608990203859094	0.0134927972194078	96.9409346835704
288	1.33113396684902		2.34930943885481		0.962523102760315	1.33088452538845	2.25649510061863	0.589801646377864	0.0141943020953047	96.7844748441255
286	1.21251811038939		2.18329698834629		0.97529125213623	1.21226866892883	2.12451767480033	0.570608888458769	0.0149413135316901	96.6181430832826
284	1.10634285446599		2.03491260173217		0.986907541751862	1.10609341300542	2.00338025348285	0.552113564602874	0.0157120962435923	96.4468179785439
282	1.00529322413246		1.89089509742482		0.996903836727142	1.00504378267189	1.88010070369871	0.534569122119191	0.0164331510740389	96.286821138448
280	0.905300031477814		1.74447771519738		1.00535523891449	0.905050590017248	1.74883805784787	0.517515378828733	0.0172676922387998	96.1019738443458
278	0.817614759611391		1.61536267359904		1.00982344150543	0.817365318150824	1.62622720112915	0.502614467144134	0.0180144020777125	95.9368816390655
276	0.742445254601695		1.50410730142397		1.01022160053253	0.742195813141128	1.51447581924918	0.490067786958183	0.018801875829675	95.7630840706196
274	0.674071629691797		1.40229793140841		1.00653350353241	0.67382218823123	1.40647225904576	0.479086724887409	0.0195759262133837	95.5925559226423
272	0.62669178521559		1.33501603928224		0.99854451417923	0.626442343755023	1.32812493868288	0.471674257074246	0.0203246284952812	95.4279010368984
270	0.584797718000178		1.27267581736337		0.988452672958374	0.584548276539611	1.253081817051	0.466488515422948	0.0209180553450431	95.2975958892206
268	0.551316426935232		1.22591963316299		0.972882628440857	0.551066985474665	1.18785507147018	0.463917693925927	0.0216456909518225	95.1380638893739
266	0.521285994926321		1.18356434311007		0.953488886356354	0.521036553465755	1.12379070412415	0.46364198560606	0.0223752930531358	94.9783688874745
264	0.493286313946894		1.1429790664778		0.931065678596497	0.493036872486327	1.05957494866909	0.465315712782395	0.0230285743575646	94.835606426544
262	0.466253948637429		1.10293094499476		0.906938552856445	0.466004507176863	0.995796518789302	0.467971617076384	0.0235362191849104	94.7248182837896
260	0.435542190337296		1.05323943670943		0.883175373077393	0.43529274887673	0.925818807777831	0.470170561690714	0.0241030516608265	94.6012659911144
258	0.403645132359282		0.998478935829611		0.859192788600922	0.403395690898715	0.853628415441526	0.472565912288739	0.0246596305894212	94.4801054685594
256	0.371223960919006		0.940853072412412		0.834685504436493	0.37097451945844	0.781180374438877	0.474889707418611	0.0252833862250806	94.3445057774775
254	0.337804416069634		0.877826005098337		0.80953711271286	0.337554974609067	0.70662129843456	0.477702802557583	0.0258267066548394	94.2265506820961
252	0.305589691466912		0.814793050943466		0.784095585346222	0.305340250006346	0.634990271280235	0.480858154552092	0.0264511350493423	94.0911691425085
250	0.275210995909588		0.753515979044763		0.758817315101624	0.274961554449022	0.568020868457006	0.484069458919596	0.0272062390808663	93.9277157852113
248	0.246929504933729		0.69431642941559		0.735633492469788	0.246680063473162	0.507117197049459	0.486436005145184	0.0277992260774339	93.7995541146219
246	0.218242636762223		0.631700116494405		0.715051770210266	0.217993195301656	0.448155050618684	0.486423604957066	0.028631069402216	93.6200633352758
244	0.191369576261692		0.570790929420892		0.697206974029541	0.191120134801126	0.394504605600683	0.484456029379229	0.0296247955224681	93.4060925126042
242	0.165949224190415		0.51004940286917		0.681808710098267	0.165699782729849	0.344377616074983	0.481157238436107	0.0305734608034922	93.2022805581978
240	0.142105295757859		0.450324483979401		0.667849898338318	0.141855854297292	0.297439820389662	0.476922875059076	0.0319022569490359	92.9175485055966
238	0.119134005642738		0.389259468049088		0.657016694545746	0.118884564182172	0.252494309427019	0.470840568454611	0.0334304799698375	92.5911589283163
236	0.100114291935473		0.3355421022359		0.649702370166779	0.0998648504749069	0.214783083578861	0.46495677783786	0.0348416321648353	92.2907909169012
234	0.0816355192737151		0.280780749915653		0.645702123641968	0.0813860778131487	0.178101133049079	0.456965525259861	0.0372147873097884	91.7878532643233
232	0.0654968194251773		0.230766350396263		0.644411623477936	0.0652473779646109	0.145515319760662	0.448388376371143	0.0399333083323186	91.2150901449081
230	0.050925029932622		0.183936065129591		0.644490897655487	0.0506755884720556	0.115351528163649	0.43931440942995	0.0427735239199974	90.6205045913344
228	0.0391112730370784		0.14514855517563		0.646355271339417	0.038861831576512	0.0906147038279511	0.428868935557065	0.0463956769701574	89.8678440577676
226	0.029982893633246		0.114617898673784		0.649210751056671	0.0297334521726796	0.071194192626844	0.417638729727915	0.0504107092205607	89.0408486836653
224	0.022991668227832		0.0909319997968709		0.652522802352905	0.0227422267672656	0.0561018119459623	0.405374193424824	0.0550614281006092	88.092426324734
222	0.0181645831812784		0.0741907484904747		0.655378818511963	0.017915141720712	0.0453755015283914	0.394819696031404	0.05914313858237	87.2683694241741
220	0.0145677991761802		0.0617203067220668		0.656985223293304	0.0143183577156138	0.0372938258491513	0.383933731377674	0.0657579981227398	85.9492322925864
218	0.0118397415164877		0.0521721313299216		0.657121121883392	0.0115903000559213	0.0310272324193303	0.373552494121276	0.072536010877171	84.6182402053649
216	0.00988788562638351		0.0453116235829818		0.655903518199921	0.00963844416581712	0.0264699097613618	0.364128334879569	0.0804494730347092	83.0903382569422
214	0.00842913114040638		0.0402031444850471		0.654084265232086	0.00817968967983999	0.0230551154497423	0.354788493584899	0.0894065417060973	81.3941998730951
212	0.00731116516052907		0.0363534239270045		0.652615189552307	0.00706172369996268	0.0204909474634294	0.344626509465503	0.100653580788046	79.313372905049
210	0.00635173837984737		0.033120131741743		0.652986526489258	0.00610229691928098	0.0183913105446339	0.331803266791201	0.114245326793167	76.8696092099692
208	0.00543849919053384		0.0302619627220205		0.655270755290985	0.00518905772996745	0.0165827710842259	0.312918613156486	0.132969796816146	73.6258299092876
206	0.0045576136406937		0.0275712343067925		0.661797821521759	0.00430817218012731	0.0149672316931169	0.287840281253115	0.158800638793544	69.3744193529347
204	0.00367680157145935		0.0249826533272983		0.668592393398285	0.00342736011089296	0.0133901923029521	0.255960484610615	0.196722754972931	63.5736644066852
202	0.00281229523488689		0.0223904697954045		0.687935590744019	0.0025628537743205	0.0119943316675231	0.213672078225076	0.251546749643976	56.0342096073996
200	0.0019880307118133		0.0196030006102231		0.715800225734711	0.00173858925124691	0.0104848875804653	0.165818587743957	0.328511588576861	46.9340910405408
