Wavelength	I1	I1 dark	R1	R1dark	XCorrect	I1c	R1c	I1c/R1c	Abs	Percent T
nm	uA	uA	uA	uA		uA	uA	uA/uA	OD	T*100
	Abs Detector Raw	Dark Offset for Abs Detector	Ref Detector Raw	Dark Offset for Ref Detector	Linear interp	Dark subtracted Abs Detector	Corrected Ref Detector	Corrected Intensity 	-Log(T)	% Transmittance
800	0.142502379038743	2.16902436343384E-4	0.209489778635271	0.00492880071577912	1.35067892074585	0.142285476602399	0.276296200883015	0.514974422911604	4.5825492538475E-4	99.8945385537145
798	0.146593080507077		0.215684670730879		1.34199333190918	0.146376178070734	0.282832972220982	0.517535762967438	3.58627518893789E-4	99.9174570475588
796	0.159786002283585		0.23497452222393		1.33337259292603	0.159569099847241	0.306736660178861	0.520215287452745	4.39373046296732E-4	99.8988817762995
794	0.166863651944025		0.24491963460332		1.32502686977386	0.166646749507681	0.317994303400427	0.52405576994829	4.39252890797484E-4	99.8989094151532
792	0.159598159533786		0.234242660540148		1.31713449954987	0.159381257097443	0.302037195999618	0.527687514016136	4.94689130400523E-4	99.8861584669617
790	0.150716483467591		0.221602375289447		1.30966234207153	0.150499581031247	0.283769221141161	0.530359072862174	3.35397955604955E-4	99.9228015800451
788	0.149953002330505		0.220874966883235		1.30193436145782	0.149736099894161	0.281147733958492	0.532588677795525	3.26962100422938E-4	99.9247425268114
786	0.153907301287788		0.226678058099976		1.29363858699799	0.153690398851444	0.286863395990346	0.535761623823964	4.15391786288151E-4	99.9043982341489
784	0.158106588304089		0.23276878702614		1.28498160839081	0.157889685867746	0.292770192064827	0.539295632366785	3.52785827240722E-4	99.9188010455251
782	0.164740170392756		0.242395853027711		1.27644824981689	0.164523267956413	0.303114403312742	0.542776147086167	1.20266879907767E-4	99.9723113615256
780	0.17488164393164		0.257328457948512		1.268270611763	0.174664741495296	0.32011106768733	0.545637933599662	3.62138407681586E-4	99.9166493060923
778	0.188364634524127		0.276859767570481		1.26044166088104	0.188147732087783	0.342753119507328	0.548930764972252	2.64473156333098E-4	99.9391213438513
776	0.206205265747089		0.302721255809428		1.25292003154755	0.205988363310746	0.373110132230556	0.552084613943047	2.67965171223054E-4	99.9383177704436
774	0.232700039696702		0.341115088053475		1.24577045440674	0.232483137260359	0.418810943941996	0.555102822939978	1.27206757579138E-4	99.9707138508571
772	0.300196055738647		0.439501453932315		1.23883104324341	0.299979153302304	0.538362093349298	0.557207048951109	1.62625168831474E-4	99.9625611811258
770	0.399281011893321		0.583446468310753		1.23221707344055	0.399064109456978	0.712859347297532	0.559807640833834	7.70427349192324E-5	99.9822618281049
768	0.445781181080074		0.648418538363637		1.22665858268738	0.445564278643731	0.789342209556994	0.56447542428245	9.21472519377337E-5	99.9787845619252
766	0.399094723441917		0.578930734991394		1.22236526012421	0.398877821005574	0.70164002370261	0.568493540178429	1.80908430831377E-4	99.9583529691816
764	0.339868434310898		0.493511017925488		1.2186872959137	0.339651531874555	0.595428941122819	0.57043168112397	1.07382802176446E-5	99.9975274501727
762	0.322702371452244		0.470124366407609		1.214359998703	0.322485469015901	0.564914886550173	0.57085673734898	6.68128833019326E-5	99.9846169484016
760	0.333147792247909		0.485262864271923		1.20898902416229	0.332930889811565	0.580718610770651	0.573308455483706	-3.11639121223586E-5	100.007176013413
758	0.353776669423781		0.515067788164059		1.2031888961792	0.353559766987437	0.61379356520587	0.576023906130152	1.03239740252382E-4	99.9762309965843
756	0.379935028083905		0.552344957814911		1.19780671596527	0.379718125647562	0.65569874940124	0.579104544570668	-1.94418700489017E-4	100.044776581874
754	0.404736590484803		0.587676732576076		1.1931779384613	0.40451968804846	0.695321975979657	0.581773195760887	-1.16616158156455E-4	100.026855468173
752	0.426323316777941		0.618399654206243		1.18890511989594	0.426106414341598	0.729358638621742	0.584220699910822	-4.49190155449182E-5	100.010343520464
750	0.4601243206712		0.666552464682779		1.1848680973053	0.459907418234856	0.783936771856739	0.586663918246333	-2.44364336601993E-4	100.0562828007
748	0.507498134873993		0.734181099056103		1.18107759952545	0.50728123243765	0.861303553972208	0.588969162031367	-2.61193779268168E-4	100.060160179234
746	0.563573343695338		0.81371755351124		1.17750906944275	0.563356441258994	0.952356091679945	0.591539704718263	-2.39745777250198E-4	100.05521874522
744	0.610289491885134		0.879337766566906		1.174187541008	0.610072589448791	1.02672011344808	0.594195615200288	-1.65317607345682E-4	100.038073031768
742	0.667881894303932		0.959597298411732		1.17108881473541	0.667664991867588	1.11800159943199	0.597195023877247	-4.81798574477121E-4	100.110999780749
740	0.75433233035986		1.08150500513897		1.16803753376007	0.754115427923517	1.25748141471924	0.599703040614631	-4.77641173531055E-4	100.110041445816
738	0.864876676536799		1.23683298455981		1.16498303413391	0.864659774100456	1.43514747385688	0.602488447947951	-3.37543377026253E-4	100.077752446373
736	0.951953200541886		1.35712343818072		1.16204738616943	0.951736298105543	1.57131424405846	0.605694438082199	-1.70612189193274E-4	100.039292625883
734	0.986174672573112		1.40200385944914		1.15931880474091	0.985957770136769	1.61965538722409	0.608745402209659	-1.71005440690707E-4	100.039383211007
732	0.993311441648599		1.41120233811111		1.15665113925934	0.993094539212256	1.62656788913857	0.610546012769376	-1.26734475204265E-4	100.029185949607
730	0.989469533399791		1.40681961260372		1.15388596057892	0.989252630963447	1.61762212610208	0.611547415802978	-4.23495051256126E-5	100.009751809378
728	0.990694795846066		1.4112932270878		1.15089321136475	0.990477893409723	1.61857527101644	0.611944288996656	-1.1734406825724E-4	100.02702312082
726	1.00235448818229		1.43147666359163		1.1476241350174	1.00213758574595	1.63714075719381	0.612126710145371	-1.80806719664946E-4	100.04164095318
724	1.01894110005449		1.45910459011697		1.14410185813904	1.01872419761815	1.66372522271471	0.612315173028326	-1.12255126641948E-4	100.025851038927
722	1.01949429829447		1.46304722773549		1.14027833938599	1.01927739585812	1.66266085859015	0.613039869551279	-1.02837020012171E-4	100.023681902649
720	0.996047339464816		1.43122610969858		1.13600122928619	0.995830437028472	1.62027549633206	0.614605626810262	-3.84555686605825E-5	100.008855113956
718	0.929926696113298		1.33699085311712		1.13137769699097	0.929709793676955	1.50706529709489	0.616900804145062	5.43720170509393E-5	99.9874811640779
716	0.819154983299084		1.17749338518755		1.12621939182281	0.81893808086274	1.32056497319677	0.620142209951466	1.36679458231483E-4	99.9685333434869
714	0.685279909065956		0.985556491728414		1.12039887905121	0.685063006629612	1.09869416577713	0.623524751444413	1.90508687775729E-4	99.9561433733754
712	0.561432138869909		0.809400791748704		1.11375534534454	0.561215236433566	0.895984980192888	0.626366790560203	6.50262220786822E-5	99.9850282799127
710	0.46410099454447		0.672593007261181		1.10628998279572	0.463884092108126	0.738630223572428	0.628032914581432	5.98361403455207E-5	99.9862231686144
708	0.391867983968841		0.572401897432033		1.09837675094604	0.391651081532497	0.62329925622049	0.628351594557258	-1.12566885097676E-4	100.025922842547
706	0.339455566575731		0.501068943310327		1.09038031101227	0.339238664139388	0.540981442987915	0.627080038579007	-3.16290357400838E-5	100.007283119826
704	0.301173698747741		0.44992549563871		1.0826700925827	0.300956796311398	0.481784612891206	0.62467083476441	-4.87377599752781E-5	100.01122291368
702	0.281248045751188		0.425019669932565		1.07555782794952	0.281031143314845	0.451832022836233	0.621981464595538	-1.79098600116089E-4	100.041247481115
700	0.271069319595571		0.413857084527949		1.0694442987442	0.270852417159228	0.437326021718176	0.619337527858729	-8.39211848574292E-6	100.001932375363
698	0.276923973502841		0.425159690683958		1.0649927854538	0.276707071066498	0.447542866040939	0.618280598491735	1.29679732133967E-4	99.9701445958055
696	0.299023553797837		0.459657735895232		1.06259047985077	0.298806651361493	0.483190637434364	0.618403230965093	8.5838786897703E-5	99.9802368420583
694	0.325913698038533		0.500412858107871		1.06203079223633	0.32569679560219	0.526219326012593	0.618937350838376	1.96913941468391E-5	99.995465991727
692	0.350925715760856		0.537540818164593		1.06277585029602	0.350708813324513	0.566047189722042	0.619575222159002	-6.20679781943071E-5	100.014292701444
690	0.367365815792821		0.562050678296148		1.06392598152161	0.367148913356477	0.592736440431855	0.619413432872426	1.72906078995001E-4	99.9601948283632
688	0.379969992073023		0.580833704344142		1.06461536884308	0.37975308963668	0.613117211394847	0.619380899082474	7.60308890474576E-6	99.998249339407
686	0.385416511521475		0.589118051845219		1.0645604133606	0.385199609085132	0.621904750663174	0.619386825192074	8.16470526983641E-5	99.9812018384328
684	0.381728857422441		0.583584383349264		1.06376242637634	0.381511954986097	0.615552066618412	0.61978827734584	1.67435578020519E-5	99.9961447276577
682	0.378142109695073		0.578536742378223		1.06245732307434	0.37792520725873	0.609433958192862	0.620124957229789	1.18299741297856E-4	99.9727641875392
680	0.379372619638887		0.580880147520226		1.06094348430634	0.379155717202544	0.611051828669636	0.620496821076585	7.54620767035331E-5	99.9826257242117
678	0.387396484352919		0.593618039620207		1.05921316146851	0.387179581916576	0.623547389862447	0.620930482929271	6.19381016709807E-5	99.9857392419832
676	0.39462919764189		0.605013561120083		1.05730748176575	0.394412295205546	0.634474106869076	0.621636550547103	3.75170551757707E-5	99.9913617519201
674	0.401837196270314		0.616446121804381		1.05524814128876	0.401620293833971	0.645302516444627	0.62237521720316	2.51906919491775E-5	99.9941997970418
672	0.407233241170628		0.625078593998891		1.05312037467957	0.407016338734285	0.653092382659766	0.623214034554623	-1.60616364102812E-6	100.00036983353
670	0.413530927913042		0.63516694539901		1.0509113073349	0.413314025476698	0.662324392561376	0.624035638908464	-4.49650606481673E-5	100.010354123838
668	0.41706771531346		0.641083667482301		1.0485315322876	0.416850812877117	0.667028437222914	0.624937093555742	2.97889227756296E-5	99.9931410822826
666	0.420712510525947		0.647084077919751		1.04595601558685	0.420495608089604	0.671666175132337	0.626048509896682	1.01293108091689E-4	99.9766791196687
664	0.424312765333338		0.653035101760718		1.04322910308838	0.424095862896995	0.676123355145038	0.627246285267014	5.04858051885532E-5	99.9883758894086
662	0.429543725395444		0.661640629985609		1.04042720794678	0.429326822959101	0.68326085495283	0.628349802051429	8.7613451887727E-5	99.9798282919364
660	0.435832839750197		0.671555890260931		1.03775990009308	0.435615937313854	0.691798861845716	0.629685825373624	-2.49002001509611E-5	100.005733647335
658	0.444701043450113		0.685671017768006		1.03528940677643	0.44448414101377	0.704765206059671	0.630684002547277	1.51617354032895E-4	99.9650949073219
656	0.460096183464281		0.709369941928681		1.03309750556946	0.459879281027937	0.727756385807551	0.631913769492568	-1.24043054432682E-4	100.028566048121
654	0.475633195120948		0.733818621945735		1.03115320205688	0.475416292684605	0.751597073107939	0.632541437021174	5.47011210734669E-5	99.9874053945916
652	0.492717153487742		0.760276901258958		1.02945709228516	0.492500251051399	0.777598459248297	0.633360631305131	4.52442132565425E-6	99.9989582189167
650	0.502313166327817		0.775160664322044		1.02793705463409	0.502096263891473	0.791749873260754	0.63416020747011	-2.15351885355314E-5	100.004958783353
648	0.503667298402484		0.777483080999776		1.02666783332825	0.503450395966141	0.793156629067635	0.634742719805485	-3.75608505165804E-5	100.008649079459
646	0.505447271234727		0.780685755852702		1.02560043334961	0.505230368798384	0.795616669362401	0.635017324615973	3.11580296305843E-5	99.9928258558986
644	0.509485906472496		0.787467967129312		1.02465677261353	0.509269004036152	0.801834056700969	0.635130174105433	7.02260074717352E-5	99.9838311715015
642	0.52013672582691		0.804262844686715		1.02378344535828	0.519919823390566	0.818344961528729	0.635330878581225	2.04467774438622E-5	99.9952920663325
640	0.532415619820814		0.82348147101373		1.02288675308228	0.532198717384471	0.837286683147897	0.635623052529147	-5.58656570975365E-5	100.012864370313
638	0.546477704725562		0.8455490383694		1.02184903621674	0.546260802289219	0.858986979670636	0.635936067970057	4.4667856224592E-5	99.989715374916
636	0.561513710830032		0.869007462653106		1.02063095569611	0.561296808393689	0.881905430529706	0.636459181407413	2.91693584689927E-5	99.9932837325531
634	0.57662297285462		0.892695817050639		1.01923584938049	0.576406070418276	0.904843968946047	0.637022614064244	3.7459598302116E-5	99.9913749807122
632	0.587798863923244		0.910320209680411		1.0177036523819	0.587581961486901	0.921420143738498	0.637691682214469	9.98278330890177E-5	99.9770164335927
630	0.601404675941632		0.931481955811673		1.01619136333466	0.601187773505289	0.941555313878923	0.638504997681524	3.14306167476975E-5	99.9927630949179
628	0.618200818452643		0.957811795794355		1.01451146602631	0.6179839160163	0.966710724288704	0.639264570558071	-1.4157985933732E-5	100.003260049874
626	0.632843030308198		0.980756558886266		1.01275491714478	0.632626127871855	0.988274360373523	0.64013208602594	5.8266976767563E-5	99.9865844327558
624	0.648648573763109		1.00538781489136		1.01092803478241	0.648431671326765	1.01139206508087	0.641127900558444	2.93575776071305E-5	99.993240396415
622	0.66282215616497		1.02739930009393		1.0092089176178	0.662605253728627	1.03188634597356	0.642130072089942	-4.37999624658491E-5	100.01008582265
620	0.672009964355796		1.04187358745065		1.00772297382355	0.671793061919453	1.04495308417929	0.64289303710423	-1.53128659400925E-5	100.003525979846
618	0.679724574615498		1.05418104437168		1.0068142414093	0.679507672179154	1.05640210174343	0.643228247139732	3.1629673710771E-5	99.9927172636858
616	0.686051396489631		1.06412985872402		1.00664889812469	0.685834494053288	1.06624357793651	0.643224970583717	-4.39013032739109E-5	100.010109159589
614	0.695235597502737		1.07847488582735		1.00700271129608	0.695018695066394	1.08106381840864	0.642902558786476	-4.97042661779558E-5	100.011445485182
612	0.70043867670558		1.08682120079644		1.00780045986176	0.700221774269236	1.09033165832223	0.642209889921678	-1.09232258195751E-4	100.025154820234
610	0.710573741362348		1.10283178880619		1.00835275650024	0.710356838926004	1.10707350441082	0.641652822595598	-6.63173726025017E-6	100.001527025595
608	0.721425905015273		1.11980117960753		1.0085117816925	0.72120900257893	1.12436192919588	0.641438476216217	-2.35513603077736E-5	100.005423048158
606	0.735397390860325		1.14141814576871		1.00798010826111	0.735180488423982	1.14555865306405	0.641765907365442	-1.30497891048399E-4	100.030052764798
604	0.748787132322936		1.16243959038686		1.00688087940216	0.748570229886592	1.16547548182151	0.642287411071627	-2.39769778243345E-6	100.000552091841
602	0.764610951229433		1.18687129500115		1.00539457798004	0.76439404879309	1.18831857523872	0.64325683761994	8.56839208030771E-6	99.9980270742749
600	0.781006019523297		1.2119379605504		1.00393652915955	0.780789117086954	1.21176058658815	0.644342723908321	-9.37887116619538E-5	100.021597980965
598	0.801981522979522		1.24427459677373		1.00287997722626	0.801764620543179	1.24291508372606	0.645067898073632	-6.52319939883795E-5	100.015021349786
596	0.818612783594219		1.2700027231968		1.00218975543976	0.818395881157876	1.26784412498447	0.64550197065266	5.40611560707443E-5	99.9875527335286
594	0.839634914857875		1.30232735838258		1.00178515911102	0.839418012421532	1.29971462052265	0.645847941668902	-2.2924442156206E-5	100.005278687195
592	0.858331684497522		1.33096624071444		1.00154709815979	0.858114782061178	1.32808895008189	0.646127491692681	-3.53161459777339E-5	100.00813217377
590	0.876445437171725		1.3588160132472		1.00122630596161	0.876228534735382	1.35554749249149	0.646401944298445	2.76638245934377E-5	99.993630371857
588	0.894156670621462		1.38590904597585		1.00070452690125	0.893939768185119	1.38195318299295	0.646866897653566	-2.31188586795944E-5	100.005323455627
586	0.907475249669806		1.40631062060136		0.999973237514496	0.907258347233463	1.40134431542494	0.647420007522095	4.37864999433006E-5	99.9899182940338
584	0.92373191464391		1.4310458728829		0.999053955078125	0.923515012207567	1.424767901353	0.64818628446821	1.56588252016051E-5	99.9963944872519
582	0.936946044229781		1.4511176242065		0.998229086399078	0.936729141793438	1.4436277480337	0.648871665891233	1.69938032233158E-5	99.9960871087581
580	0.951470151532586		1.47345770590435		0.997582137584686	0.951253249096242	1.46497820434291	0.649329284405914	-6.67099550489867E-6	100.001536065278
578	0.964975495106551		1.49375703596239		0.997147619724274	0.964758592670207	1.48458153095445	0.649852212596201	-4.54533043364551E-5	100.010466557805
576	0.981765555464265		1.5192855652183		0.996688485145569	0.981548653027922	1.50934194958196	0.650315624832252	-9.85122822212911E-6	100.002268354852
574	0.996245334459141		1.54129245905126		0.996220171451569	0.996028432022798	1.53055646711893	0.650762290330711	-3.44752895839146E-5	100.007938543873
572	1.01594297231989		1.57117703229611		0.9957315325737	1.01572606988354	1.55956275202233	0.651289003001915	-2.75233232010823E-5	100.006337680194
570	1.03598322492536		1.60160135621018		0.995352268218994	1.03576632248901	1.58925164971437	0.651732104651373	-5.48745183378347E-6	100.001263540462
568	1.05425418737676		1.62914885213282		0.995181918144226	1.05403728494042	1.61639442625752	0.652091635443743	-3.39887536422811E-5	100.007826506002
566	1.07445537290395		1.65978622688833		0.995282471179962	1.07423847046761	1.64705058857153	0.652219475176709	1.58389655060279E-5	99.996353009918
564	1.09588256245457		1.69215296717648		0.995623111724854	1.09566566001822	1.67983937478897	0.652244301724302	-3.88828133996198E-5	100.008953499453
562	1.12138389139319		1.7307460563167		0.996170461177826	1.12116698895685	1.71920817142062	0.652141496064671	1.73620360471963E-5	99.9960023233706
560	1.14991186826895		1.77360844170451		0.99668163061142	1.14969496583261	1.76281050860987	0.652194300077799	-2.91279806053238E-5	100.006707190315
558	1.17822759386381		1.81643650397235		0.997178435325623	1.17801069142747	1.8063964171137	0.652132987126781	2.39706454273462E-5	99.9944807072355
556	1.20420049567653		1.85529609701776		0.997675478458405	1.20398359324019	1.84606607766186	0.652188785552628	8.81113584842228E-6	99.9979711815751
554	1.23549378626194		1.90213520663284		0.99818366765976	1.2352768838256	1.89376044856588	0.652287824873021	7.37415932213802E-6	99.9983020514825
552	1.26230177107914		1.94207707506455		0.998678505420685	1.26208486864279	1.93458834340489	0.652379030890632	1.48935687241613E-5	99.9965706878697
550	1.29203314913417		1.98637995879866		0.999059557914734	1.29181624669782	1.97958771802392	0.652568327705807	6.23205277641587E-6	99.9985650271137
548	1.31943802268189		2.02701299238874		0.999196529388428	1.31922112024554	2.02045950645082	0.652931234718439	3.44353972070651E-5	99.9920712711123
546	1.34942356791119		2.07107171108476		0.99907249212265	1.34920666547485	2.06422654654388	0.653613658701278	-8.39682748240662E-6	100.00193345967
544	1.37510643371433		2.1083840491925		0.998806416988373	1.37488953127799	2.10094460002642	0.654414938528458	6.40230186896954E-6	99.9985258263816
542	1.39767251028432		2.14124215452996		0.998482644557953	1.39745560784797	2.13307180712085	0.655137629770755	7.84878827152759E-5	99.9819291301063
540	1.41890052686209		2.17154530382293		0.99831360578537	1.41868362442575	2.16296273357099	0.655898320579726	7.43702519849394E-5	99.9828770827806
538	1.44109765659517		2.20306423680246		0.998360693454742	1.44088075415883	2.19453201827894	0.656577685883499	5.90333611791905E-5	99.9864079900533
536	1.45928264645171		2.22845902429864		0.998661279678345	1.45906574401537	2.22055353848674	0.657072985959028	4.03839762466137E-5	99.9907016781506
534	1.48239532946482		2.26116081860157		0.999168038368225	1.48217842702848	2.25435491941452	0.657473414795491	2.65184950421247E-5	99.9938940772818
532	1.50211561289433		2.28844253235974		0.999805629253387	1.50189871045798	2.28306988337504	0.657841760076892	7.12624536473218E-5	99.9835925598219
530	1.52404150086824		2.31888170460139		1.0004802942276	1.5238245984319	2.31506428210829	0.658221290099199	1.21452019276233E-5	99.9972035030117
528	1.53894723963924		2.33908258342692		1.00102841854095	1.5387303372029	2.33655426973872	0.658546799931578	1.27458134537497E-4	99.9706559861415
526	1.55967652727614		2.36709200714313		1.0014044046402	1.5594596248398	2.36548063939536	0.659256980956906	2.03849271524748E-5	99.9953063072189
524	1.57926554239562		2.39373019063044		1.00163662433624	1.57904863995928	2.39271096040384	0.659941240747593	1.4656925064698E-4	99.9662568771096
522	1.6036957073981		2.42688583014639		1.00181710720062	1.60347880496176	2.42635798498839	0.660858296624943	4.75026298637728E-5	99.9890627134246
520	1.63261148334457		2.46690112539666		1.0020604133606	1.63239458090823	2.46704500535207	0.661680097998566	1.21852254454057E-5	99.9971942875143
518	1.66389365790219		2.51013394993094		1.00242054462433	1.66367675546585	2.51126911007193	0.662484458074744	2.88586968730268E-5	99.9933552602503
516	1.70035650260512		2.56126623732428		1.00289297103882	1.70013960016878	2.56373284677806	0.663150063512044	6.83159879552115E-5	99.9842708996048
514	1.74052202215899		2.61748302176762		1.00349617004395	1.74030511972264	2.62168815485766	0.663810879451118	4.17593143057663E-5	99.990385024807
512	1.78681906024304		2.68252863918349		1.00418245792389	1.78660215780669	2.68879878712911	0.664461084391624	1.28937473572968E-4	99.970315456275
510	1.83708160581856		2.75269725462576		1.00497353076935	1.83686470338222	2.76143456486255	0.665184946532908	8.01063251325865E-5	99.9815565380051
508	1.9010087341642		2.84319325035791		1.00580215454102	1.90079183172785	2.85473249860723	0.665838859737372	7.72701494657924E-5	99.9822094732726
506	1.97377794011122		2.9464234745548		1.00663805007935	1.97356103767488	2.96102046279209	0.6665138125435	8.11793761201481E-5	99.9813095047595
504	2.05632277010365		3.06383066402707		1.00742840766907	2.05610586766731	3.08162463337164	0.667214898726229	1.33592872783681E-4	99.9692438349383
502	2.15019593104447		3.19595543156553		1.00814700126648	2.14997902860813	3.21702392885265	0.668313035947767	1.16656798383881E-4	99.9731423868073
500	2.24141052571173		3.32467806288712		1.00866842269897	2.24119362327539	3.34852625203045	0.669307466804657	1.52506842527468E-4	99.9648901667267
498	2.36996291777619		3.50777313051488		1.00904226303101	2.36974601533985	3.53451796958581	0.670458047103249	1.44133096588153E-4	99.9668176346039
496	2.54951349078921		3.76531197225924		1.00876116752625	2.54929658835287	3.79332851847223	0.672047405316637	1.52779228599281E-4	99.9648274695561
494	2.76406959344751		4.07191242269428		1.00816118717194	2.76385269101117	4.10017503654267	0.674081634656673	9.85927973289576E-5	99.9773007461299
492	2.92577231496935		4.29844475821489		1.00794267654419	2.925555412533	4.32761796598684	0.676019795538001	2.21127349974908E-4	99.9490965062562
490	2.9826350344687		4.36902398156568		1.00791668891907	2.98241813203235	4.39864436480989	0.678031203407201	2.46502724034367E-4	99.9432567552974
488	3.02573720714803		4.420114789467		1.00887954235077	3.02552030471169	4.45439081972486	0.679222014223388	1.59412869544146E-4	99.9633005661859
486	3.13897265591432		4.57398987430136		1.00954282283783	3.13875575347797	4.61266281394604	0.680465032906412	1.27053504200552E-4	99.9707491284234
484	3.35057647586957		4.86894305915795		1.01009511947632	3.35035957343323	4.91311706351566	0.681921381094841	1.66430091686001E-4	99.9616853971052
482	3.53485599173479		5.12048332914893		1.01073944568634	3.53463908929844	5.17049274844677	0.683617454131476	1.86302432949261E-4	99.9571114792668
480	3.59538627713745		5.18955029664639		1.01162850856781	3.59516937470111	5.24491091141689	0.685458616060627	1.87188617780997E-4	99.9569075153913
478	3.56722027383203		5.13275426415849		1.0127238035202	3.56700337139569	5.19307090712545	0.686877463294671	2.57769547176263E-4	99.940663979108
476	3.69170884755335		5.29581920491317		1.01399922370911	3.691491945117	5.36495876258611	0.688074616875073	2.65578449622128E-4	99.938866995928
474	3.97953720333684		5.69269653487029		1.01552999019623	3.97932030090049	5.77609871130436	0.688928721580294	1.40691310453777E-4	99.9676098753174
472	4.46765592697235		6.37403990372981		1.01726651191711	4.467439024536	6.47908343577565	0.689517131368934	2.30135418576242E-4	99.9470233991408
470	4.99286854694401		7.10559198820902		1.01911818981171	4.99265164450767	7.23641501410073	0.689934399116011	2.65635483626272E-4	99.9388538713924
468	5.40304295936754		7.6674023619407		1.02110064029694	5.40282605693119	7.82415665962511	0.690531426193359	3.19362695728796E-4	99.9264910528299
466	5.51119781733381		7.7839005670416		1.02326714992523	5.51098091489747	7.95996626867707	0.692337219641683	3.10347128556053E-4	99.9285654594385
464	5.31584352123941		7.47243417424319		1.02553856372833	5.31562661880306	7.65821473540091	0.694107804816574	3.52040319247512E-4	99.9189725658457
462	5.11433572175162		7.16462934148874		1.027627825737	5.11411881931528	7.35750749964254	0.69508849560313	2.95810164230046E-4	99.9319103840557
460	4.96343719940537		6.94234778720115		1.02919805049896	4.96322029696902	7.13997809638524	0.695131025609414	2.95384933073106E-4	99.9320082305273
458	4.81135139679041		6.72256454833327		1.03004312515259	4.81113449435407	6.91945451911266	0.69530545812028	2.42179684346328E-4	99.9442516120913
456	4.60139664909419		6.43340079216449		1.03006207942963	4.60117974665785	6.62172522706677	0.694861171202061	3.27706063546331E-4	99.9245713520372
454	4.43854520931523		6.21753884234344		1.02918720245361	4.43832830687889	6.393938748678	0.694146203354943	2.47786131571933E-4	99.9429614079124
452	4.29273528558145		6.03385793487427		1.02735614776611	4.29251838314511	6.19385741042395	0.693028285720787	1.94993144020082E-4	99.9551112473509
450	4.1196329303161		5.81171145138692		1.02460694313049	4.11941602787976	5.94966982112734	0.692377249784798	2.76426908633357E-4	99.9363706041792
448	3.84976150805461		5.45079011493847		1.02102768421173	3.84954460561827	5.56037516619904	0.692317422935643	3.0874508194756E-4	99.9289340814711
446	3.50101330388173		4.97590508265633		1.01675081253052	3.50079640144539	5.05424417373298	0.692644890335751	2.51496885212452E-4	99.9421074663153
444	3.25097590253708		4.63788272072575		1.0121191740036	3.25075900010074	4.68910149471724	0.693258400092867	3.72799635594369E-4	99.9141965438765
442	3.1238450924982		4.46693656662366		1.00782012939453	3.12362819006186	4.49690124399668	0.694617920336113	4.57887353624319E-4	99.894623101017
440	3.07795395498626		4.40348888621312		1.0045450925827	3.07773705254992	4.41855194831651	0.696548798916476	3.80591683491081E-4	99.912403914098
438	3.05624526366675		4.3691259468973		1.00285410881042	3.05602836123041	4.37665303970687	0.69825694052163	5.23411175027428E-4	99.8795527191241
436	3.0211602052132		4.31053739732672		1.00277864933014	3.02094330277685	4.31757237305376	0.699685620009696	4.96661879880067E-4	99.8857047427543
434	2.9989104006146		4.26842683841296		1.00421047210693	2.99869349817826	4.28144937726287	0.700392141526458	5.74679257065866E-4	99.867762721588
432	2.97644226105594		4.22249356222931		1.00665414333344	2.9762253586196	4.24562904195469	0.701009280181799	5.91559395691851E-4	99.8638811412589
430	2.99037103297294		4.22595047139519		1.00962591171265	2.9901541305366	4.26165285261853	0.701641882608839	5.79454984368804E-4	99.8666645299263
428	3.0014612184755		4.22714248799199		1.01240730285645	3.00124431603916	4.27459997121887	0.702111153382003	6.18803973991531E-4	99.8576165809113
426	2.99737092308169		4.21147992701941		1.01423370838165	2.99715402064535	4.26642594832795	0.702497607352111	5.98523444272365E-4	99.8622798053618
424	2.99125809351627		4.19939407501692		1.01462960243225	2.99104119107993	4.25582863368005	0.702810533161329	5.04953096042463E-4	99.8837978199204
422	2.96726025425669		4.17279842082632		1.01337480545044	2.96704335182035	4.22361406542232	0.702489220336394	5.43046049933943E-4	99.8750371697132
420	3.42170893408143		4.82937220970669		1.01114857196808	3.42149203164509	4.87822906354196	0.701379944868933	6.2906109386149E-4	99.8552581824268
418	3.26740720129955		4.63379296244131		1.0079870223999	3.26719029886321	4.66583500347134	0.700236998614922	5.51220250061222E-4	99.8731573602922
416	3.07473155509679		4.38733313676596		1.00422537326813	3.07451465266045	4.40092163018185	0.698606998946583	5.53194637954802E-4	99.8727033183627
414	2.89723183656776		4.16106775681069		1	2.89701493413142	4.15613895609491	0.697044772741054	5.76928239466357E-4	99.8672455603793
412	2.74493624391459		3.96907782837863		0.995681941509247	2.74471934147825	3.94703160029534	0.695388235876518	6.93725753728327E-4	99.8403912525419
410	2.63764937910891		3.83478418877852		0.991583049297333	2.63743247667257	3.79761968406307	0.694496209754943	5.78956540640357E-4	99.8667791478716
408	2.53567634484841		3.70521121566346		0.988153755664825	2.53545944241206	3.65644796535106	0.693421447929352	6.98686229763851E-4	99.8392508902751
406	2.45643318110255		3.60325523462554		0.985654711723328	2.4562162786662	3.54670740390176	0.692534229342997	7.73424098099898E-4	99.8220710017751
404	2.40443717300953		3.53712455862025		0.98426741361618	2.40422027057319	3.47662518301868	0.691538530617687	8.29046239303828E-4	99.8092871373252
402	2.38606295433295		3.51566806456537		0.984128773212433	2.38584605189661	3.45501952480101	0.690544882531168	8.89067700799053E-4	99.7954939956147
400	2.39899505877346		3.53595242727728		0.985299050807953	2.39877815633712	3.4791142276315	0.689479562724835	9.25612797657697E-4	99.787096738213
398	2.44921389402202		3.60663646019797		0.987817049026489	2.44899699158567	3.5578282316458	0.688340423464683	9.60056466755577E-4	99.7791829893803
396	2.49631557840412		3.6688164160042		0.991658091545105	2.49609867596778	3.63332380021266	0.687001438138181	0.00101713569235812	99.7660698956552
394	2.51747119355396		3.68990411123243		0.996615350246429	2.51725429111762	3.67250295974	0.685432882890265	0.00103191049897418	99.762675886802
392	2.52574094449748		3.68988196767783		1.0025714635849	2.52552404206114	3.69442888984296	0.683603370741422	0.00111679993038492	99.7431776671341
390	2.52310647185176		3.67240906735703		1.0093150138855	2.52288956941541	3.7016428962498	0.68155941567767	0.00120193689725759	99.7236264186784
388	2.54127787070493		3.68438895012166		1.01699423789978	2.54106096826859	3.74198977052764	0.679066786414619	0.00119739229188315	99.72466996613
386	2.55913347366093		3.69493901111466		1.02549052238464	2.55891657122458	3.78407049826662	0.676233852513254	0.00122499764950191	99.7183313000842
384	2.58605341984242		3.71907035867448		1.03449034690857	2.58583651740608	3.84224358876024	0.673001713105973	0.00127691569719328	99.7064111126232
382	2.62284083424621		3.75824329552968		1.04369103908539	2.62262393180986	3.91730070510657	0.669497730514032	0.00133598668425083	99.6928503702388
380	2.65604421546119		3.79340474558449		1.0526317358017	2.65582731302485	3.98787000989012	0.665976400042694	0.00139502018170858	99.6793000768216
378	2.66602133944476		3.79710761422204		1.06117713451386	2.66580443700842	4.02417344688072	0.662447698191234	0.00143255819945846	99.6706847206809
376	2.66978248444926		3.79263312693523		1.06922745704651	2.66956558201292	4.04991746476768	0.659165428736967	0.00146068757309385	99.6642292319459
374	2.66705666658906		3.78083073440426		1.07646524906158	2.66683976415272	4.06462721548009	0.656109311573786	0.00156741998666679	99.6397387142064
372	2.66866606599669		3.77538103960182		1.08239138126373	2.66844916356035	4.0811050068368	0.653854571026739	0.0015840298729625	99.6359279978571
370	2.67290228424148		3.77517762163388		1.08660447597504	2.67268538180514	4.09676924434922	0.652388558494391	0.00165707691477175	99.6191709400138
368	2.68697998193914		3.7899837861255		1.08728444576263	2.6867630795028	4.11543141199231	0.652850894726032	0.00172339513376267	99.6039599210562
366	2.70567006975508		3.8115574188518		1.08414971828461	2.70545316731874	4.12695534396629	0.655556685699102	0.00179455998707073	99.5876398415523
364	2.72795863167774		3.83928186942461		1.07767069339752	2.7277417292414	4.13216993028636	0.660123319045681	0.00183748698039579	99.5777967814654
362	2.75118790404586		3.86845617350726		1.06871128082275	2.75097100160951	4.12899528706975	0.666256755057188	0.00191919417572862	99.5590641990494
360	2.78534061387033		3.91365115623682		1.05907070636749	2.78512371143398	4.13961334605608	0.672798031750344	0.00201807640939607	99.5363986980822
358	2.82055444429603		3.96007688847319		1.04836678504944	2.82033754185968	4.14644588515667	0.680181924465926	0.0020847395025843	99.5211212877863
356	2.86427100906275		4.01816490093639		1.03684234619141	2.86405410662641	4.16109313397279	0.68829368014937	0.00212217860951959	99.5125422671914
354	2.89994731507254		4.06628609215036		1.02479386329651	2.8997304126362	4.16205402891669	0.696706576245707	0.00219133162677069	99.4966980762393
352	2.93378370409749		4.11186353337449		1.01273274421692	2.93356680166115	4.15922728212524	0.705315339286337	0.00234196798183538	99.4621933298546
350	2.96675366246184		4.15658294237549		1.00126516819	2.9665367600255	4.15690668241563	0.713640451101397	0.00240793172476243	99.4470874498761
348	2.99856341575271		4.20017155304116		0.990810453891754	2.99834651331636	4.1566903756176	0.721330251323053	0.00248290402402275	99.4299213710913
346	3.01698386245645		4.22595585469595		0.981342911720276	3.0167669600201	4.14227497960295	0.728287468812432	0.0026070867810875	99.4014943080606
344	3.03715513923131		4.2548651807523		0.972720801830292	3.03693823679497	4.13400152331686	0.734624363263013	0.0027066308512866	99.3787132324639
342	3.0571364379796		4.28386270260909		0.964752793312073	3.05691953554325	4.1281134342493	0.740512484511986	0.00281101103007094	99.3548310008882
340	3.06331278072836		4.29456465569133		0.957048177719116	3.06309587829201	4.10538817808293	0.746116017638646	0.00287634358081522	99.339885804501
338	3.06329451900968		4.29838402823466		0.950148642063141	3.06307761657334	4.07942065418596	0.750860937429991	0.00303207785989641	99.304269759032
336	3.05734631346704		4.29494270744763		0.944044172763824	3.0571294110307	4.04996262972597	0.754853733363349	0.00315037002697619	99.2772251657776
334	3.04439746097972		4.28407277340903		0.938558220863342	3.04418055854338	4.01622575382908	0.757970479035211	0.0032429917467184	99.2560546300037
332	3.01570422378968		4.25478362557685		0.933434963226318	3.01548732135334	3.96696308216138	0.760150084308414	0.00335739727631826	99.2299112033034
330	2.97284183382424		4.20930705105153		0.928119659423828	2.97262493138789	3.90216610979057	0.761788413858023	0.003413959614779	99.2169883811716
328	2.9058519048927		4.13500910212966		0.923022568225861	2.90563500245635	3.81215732679008	0.762202279018469	0.00363939908401243	99.1654988464375
326	2.8327928719815		4.05557541104081		0.918195605278015	2.83257596954516	3.71928591613474	0.761591346676813	0.0037382513459066	99.1429297862086
324	2.74445036745169		3.95669753057654		0.913534343242645	2.74423346501534	3.61007645128017	0.760159376691929	0.00390446769836365	99.1049923411464
322	2.66323112949497		3.8694538419603		0.908978700637817	2.66301422705863	3.51277095057275	0.758095037942746	0.00407826044635734	99.0653411737843
320	2.58250089300115		3.78182091994718		0.904343068599701	2.5822839905648	3.41560620887575	0.756025089735026	0.004351650329885	99.0029988221425
318	2.50455567846885		3.69500088855582		0.899914681911469	2.50433877603251	3.32075004915896	0.754148532397607	0.00456674729019294	98.9539768512875
316	2.44237345215482		3.62977765883597		0.895963847637177	2.44215654971848	3.24773353002459	0.751957180951353	0.00481291278232535	98.8979039487618
314	2.3931038478595		3.58175849398878		0.892610192298889	2.39288694542316	3.19271464033279	0.749483500715786	0.0050465745293055	98.844708611135
312	2.34741064735849		3.53816039845987		0.88999992609024	2.34719374492215	3.14457586085194	0.746426179168799	0.0052755557876532	98.7926065905375
310	2.28966291809705		3.47703254225881		0.888025283813477	2.28944601566071	3.08331591051358	0.742527227863382	0.00552155007502559	98.7366640528209
308	2.24400708331855		3.43441157074943		0.887133359909058	2.2437901808822	3.04240857253017	0.737504555154534	0.00583423770159986	98.6656002408132
306	2.17148661241692		3.351648631627		0.887335538864136	2.17126970998057	2.9696634445889	0.731150095118321	0.00613219266486772	98.5979322773354
304	2.11845546028507		3.29944185693327		0.888603985309601	2.11823855784873	2.92751743140937	0.723561381777651	0.00642984248037911	98.5303799529154
302	2.0450269937816		3.21855108577212		0.891015827655792	2.04481009134526	2.86338832009257	0.714122522955304	0.00687067881117598	98.4304161370924
300	1.97797642031905		3.14610622522175		0.894482612609863	1.97775951788271	2.80972858934322	0.703896997519257	0.00714745962031231	98.3677052994997
298	1.8944134323717		3.04871497805231		0.900495111942291	1.89419652993536	2.74091457448906	0.691081928479461	0.00757765607432341	98.270314041664
296	1.81038790780511		2.9497216312799		0.909423410892487	1.81017100536877	2.67806354034336	0.675925338626087	0.00805203728044861	98.1630316767215
294	1.71670477829664		2.8353200204089		0.92107892036438	1.71648787586029	2.60701368884376	0.658411531633182	0.00861328282165855	98.0362559926451
292	1.62318788413906		2.71925472546252		0.934718489646912	1.62297098170272	2.53713062878873	0.639687591678144	0.00915064788651712	97.9150279258085
290	1.52031282351497		2.58645841251658		0.948803901672363	1.52009592107863	2.44936536795935	0.620608072998548	0.0097665293553547	97.7762711265363
288	1.41419723556008		2.4454194482364		0.962523102760315	1.41398033312374	2.34902863030908	0.601942571018257	0.0105259927514997	97.6054363318752
286	1.29523335664091		2.28179765933942		0.97529125213623	1.29501645420457	2.22061028007704	0.583180428291829	0.0111572026804096	97.4636782099348
284	1.1853853346189		2.12988562381362		0.986907541751862	1.18516843218256	2.09713591461233	0.565136681854807	0.0119259625741514	97.2913069401693
282	1.0769995196223		1.97579520694886		0.996903836727142	1.07678261718596	1.9647642820504	0.548046718389164	0.0126694791968503	97.1248857194525
280	0.982419838603741		1.84379996821848		1.00535523891449	0.982202936167397	1.84871876193764	0.531288455761628	0.0134004964453556	96.9615397674027
278	0.886891636165628		1.70457368703652		1.00982344150543	0.886674733729285	1.71634124844152	0.516607483817341	0.0142176274709198	96.7792768190526
276	0.803773805076853		1.58330311104404		1.01022160053253	0.803556902640509	1.59450782201925	0.503952938671009	0.0149446200716829	96.6174074751842
274	0.723124340982608		1.46358627039691		1.00653350353241	0.722907438546265	1.46818761341187	0.492380831947168	0.0159317294465425	96.3980548259496
272	0.660034726366538		1.36974144197551		0.99854451417923	0.659817823930194	1.36282617581237	0.484154058412387	0.0167430866341005	96.2181302732813
270	0.612349233087841		1.30085700011209		0.988452672958374	0.612132330651498	1.28096369265542	0.477868603272086	0.0175810598802296	96.0326559325754
268	0.570858536537321		1.24080875206102		0.972882628440857	0.570641634100978	1.20236613550211	0.474598890680397	0.0183556967383482	95.8615182978584
266	0.537850975939232		1.19438127879682		0.953488886356354	0.537634073502889	1.1341297186993	0.474049894503678	0.0191605882203894	95.6840196946669
264	0.507826240036256		1.15139347226693		0.931065678596497	0.507609337599913	1.06743390740469	0.47554170246858	0.0199133406271513	95.5183164809501
262	0.480983553681112		1.1129350236291		0.906938552856445	0.480766651244769	1.00489356036495	0.478425447437606	0.0206186796704958	95.363310787365
260	0.452628347495586		1.06999433929141		0.883175373077393	0.452411445059242	0.940639654383405	0.480961485039455	0.0212833270047082	95.2174777252469
258	0.424613497754012		1.02536124468216		0.859192788600922	0.424396595317668	0.876748197110325	0.484057562611976	0.0218177150730306	95.1003871477902
256	0.394083859204127		0.97360255806036		0.834685504436493	0.393866956767784	0.808537943783554	0.487134784206518	0.0225190246332543	94.9469405989223
254	0.362860438613558		0.917835836176259		0.80953711271286	0.362643536177214	0.739032125661933	0.490700638828662	0.0230706448229146	94.8264200679324
252	0.331652246294412		0.859915806195294		0.784095585346222	0.331435343858069	0.670391536524873	0.494390704238509	0.0236804045611993	94.6933749494227
250	0.300967314471222		0.800298547217204		0.758817315101624	0.300750412034879	0.60354033555327	0.498310376818773	0.0242602029145257	94.5670403246461
248	0.271982803783816		0.742186430445014		0.735633492469788	0.271765901347472	0.542351405007715	0.501088222208269	0.0248060784004823	94.4482513405508
246	0.243244309025602		0.682401221028142		0.715051770210266	0.243027406589259	0.484427853412989	0.501679259103359	0.0253942765572664	94.3204194524277
244	0.215305113885777		0.621879059404742		0.697206974029541	0.215088211449434	0.430142022987275	0.500039986690156	0.0259167907003148	94.2070076555497
242	0.188896572121183		0.562489247935509		0.681808710098267	0.18867966968484	0.380149569320697	0.496330089290903	0.0268727886961181	93.9998609796701
240	0.163897499955449		0.503465714540985		0.667849898338318	0.163680597519106	0.332947827216062	0.491610348947818	0.0274966070469736	93.8649369900883
238	0.139299849907252		0.442723269410164		0.657016694545746	0.139082947470909	0.287638274711996	0.483534215361877	0.0286715797329306	93.6113310050075
236	0.117211972721952		0.384746319568587		0.649702370166779	0.116995070285608	0.246768342229534	0.474108912142321	0.0303193452725716	93.2568312799112
234	0.0960736347174271		0.325803134379307		0.645702123641968	0.0958567322810837	0.207189238668741	0.462653045578016	0.0321370063830702	92.8673373038069
232	0.0778760523545331		0.272380809458495		0.644411623477936	0.0776591499181897	0.172349183156329	0.450591923303456	0.0344120871900869	92.3821175588996
230	0.061258895629245		0.221325377533596		0.644490897655487	0.0610419931929016	0.139465624042889	0.437684867592386	0.037589830112639	91.7086224300064
228	0.0475126928338303		0.177461869865849		0.646355271339417	0.0472957903974869	0.111517658725515	0.424110324212407	0.0418972266736518	90.8035386179814
226	0.0357903892994325		0.139141523377429		0.649210751056671	0.0355734868630891	0.0871323424805301	0.408269602886415	0.048796316063807	89.3724541904896
224	0.0270814617982209		0.110071334208309		0.652522802352905	0.0268645593618775	0.0686079006010298	0.39156655613325	0.0575923203033178	87.5805523174342
222	0.0206781665929418		0.0881801613145196		0.655378818511963	0.0204612641565984	0.0545611783487159	0.375015070712451	0.0680359061237351	85.4996021537383
220	0.0158024990404025		0.0712509940161374		0.656985223293304	0.0155855966040591	0.0435727009747376	0.357691771577237	0.0820447550025111	82.7856846845671
218	0.0122434527384769		0.0586510186712817		0.657121121883392	0.0120265503021335	0.035302004132984	0.340676134330193	0.0978864723841698	79.820331592919
216	0.00964041400872002		0.0493430377895903		0.655903518199921	0.00942351157237663	0.0291314543548781	0.323482358881909	0.116590498748792	76.4556352767352
214	0.00781493903852097		0.0426792574130803		0.654084265232086	0.00759803660217758	0.0246919797310299	0.307712734456415	0.135601646258854	73.181002363273
212	0.00649379093436398		0.0377803257386247		0.652615189552307	0.0062768884980206	0.0214394042298667	0.292773457262232	0.154889239824469	70.0020502777865
210	0.0054747782488453		0.0339675209595484		0.652986526489258	0.00525787581250192	0.0189618930656722	0.277286439402011	0.175282990229395	66.7908560457641
208	0.0046442253404056		0.030887264557443		0.655270755290985	0.00442732290406222	0.0170098222077208	0.260280375067803	0.196220434330388	63.6472385381221
206	0.00390314668049449		0.0281860041445764		0.661797821521759	0.00368624424415111	0.0153915665638664	0.239497664442099	0.221324084839625	60.0725289193625
204	0.00318994635261005		0.0256726231026022		0.668592393398285	0.00297304391626667	0.013869161857835	0.214363632549802	0.253272620316677	55.8119735425179
202	0.00249553822473902		0.0232205859686928		0.687935590744019	0.00227863578839563	0.0125835700937259	0.181080231716733	0.296489640630439	50.5254696803395
200	0.00183959449986675		0.0208196922424007		0.715800225734711	0.00162269206352337	0.0113747037418815	0.142657962822244	0.361559995799995	43.4950670030782
