Wavelength	I1	I1 dark	R1	R1dark	XCorrect	I1c	R1c	I1c/R1c	Abs	Percent T
nm	uA	uA	uA	uA		uA	uA	uA/uA	OD	T*100
	Abs Detector Raw	Dark Offset for Abs Detector	Ref Detector Raw	Dark Offset for Ref Detector	Linear interp	Dark subtracted Abs Detector	Corrected Ref Detector	Corrected Intensity 	-Log(T)	% Transmittance
800	0.140405852328981	2.31125830680471E-4	0.206262828384188	0.00493618703777109	1.35067892074585	0.1401747264983	0.271927650651166	0.515485373269815	4.55364575462857E-4	99.8952033817161
798	0.145291681281321		0.213584543137647		1.34199333190918	0.14506055545064	0.280004702599846	0.518064711427172	3.45594829557942E-4	99.9204555031461
796	0.157287789097766		0.231176216346163		1.33337259292603	0.157056663267086	0.30166225450259	0.520637437806251	3.72448632931775E-4	99.9142772959115
794	0.164756601438223		0.241686379611356		1.32502686977386	0.164525475607542	0.313700366584137	0.524466953606237	4.07539485723943E-4	99.9062045809648
792	0.157995483530058		0.231676277570056		1.31713449954987	0.157764357699378	0.298647195671132	0.528263315330463	4.25359451208723E-4	99.90210531499
790	0.14908575170073		0.219053735048472		1.30966234207153	0.14885462587005	0.280421689406308	0.530824224706713	4.79891669232694E-4	99.8895618874369
788	0.14835256269304		0.218352896199343		1.30193436145782	0.14812143686236	0.277854546966702	0.533089843154917	3.04194938609274E-4	99.9299810516137
786	0.151938410533326		0.223624642241511		1.29363858699799	0.151707284702646	0.282903824182538	0.536250385236077	3.72519473200397E-4	99.9142609983209
784	0.156513722175811		0.230288885722267		1.28498160839081	0.15628259634513	0.289574073210813	0.539698166387136	2.74961425854044E-4	99.9367078299174
782	0.162668969458039		0.239258634946374		1.27644824981689	0.162437843627359	0.299100478525747	0.543087876114433	1.96572472589689E-4	99.9547477574094
780	0.172832212711191		0.254103754744844		1.268270611763	0.172601086880511	0.316011903527349	0.546185396669949	2.57694766539459E-4	99.9406811877704
778	0.18658852960416		0.274112269450661		1.26044166088104	0.18635740377348	0.339280748385955	0.549271966240435	2.37032185281987E-4	99.9454362138119
776	0.203766679903257		0.298969502589557		1.25292003154755	0.203535554072576	0.368400230997173	0.5524848709287	2.61058795874914E-4	99.93990705387
774	0.230725905831605		0.338090123160777		1.24577045440674	0.230494780000924	0.415033330391351	0.555364504782259	1.29379333787717E-4	99.9702137444541
772	0.296869937091965		0.434407649021029		1.23883104324341	0.296638811261284	0.532042579291991	0.557547126502606	1.0603467101293E-4	99.9755875950311
770	0.394133554028147		0.57582492445693		1.23221707344055	0.393902428197467	0.703458849282807	0.559950917667835	5.45503077761446E-5	99.9874401162691
768	0.44264967627081		0.643616821769054		1.22665858268738	0.44241855044013	0.783443082189351	0.564710520136038	1.95366566156361E-4	99.9550253023604
766	0.398107031185122		0.577066327650211		1.22236526012421	0.397875905354441	0.699352008154624	0.568920801992567	2.65018020619292E-4	99.9389959606698
764	0.337578593621806		0.48977375750341		1.2186872959137	0.337347467791125	0.590865387708135	0.570937940872857	2.60112550001029E-5	99.9940108665544
762	0.319243559515381		0.464727682164036		1.214359998703	0.319012433684701	0.558352399425183	0.571346042415364	-1.68364975983289E-5	100.003876821986
760	0.330763577474721		0.481466624052717		1.20898902416229	0.33053245164404	0.57612006803033	0.573721468814794	-4.62275596616231E-5	100.010644855501
758	0.351300943115314		0.511007772311141		1.2031888961792	0.351069817284633	0.608899712072723	0.576564268834312	-2.38703459030613E-4	100.054978610342
756	0.376201339744332		0.546755506238124		1.19780671596527	0.375970213913652	0.648994819377914	0.579311579519284	-8.27332432653497E-6	100.001905021472
754	0.400414898607541		0.581052741208501		1.1931779384613	0.40018377277686	0.687409562418862	0.582162068518062	-1.61664770495755E-4	100.037231618308
752	0.424501830884341		0.615218210432334		1.18890511989594	0.42427070505366	0.725567422194247	0.584743322364983	-2.87818515144095E-4	100.066294627427
750	0.456523080146039		0.660773375350403		1.1848680973053	0.456291954315358	0.777080561458044	0.587187451271736	-2.66736984168342E-4	100.061437325348
748	0.501593244455693		0.725344754181743		1.18107759952545	0.501362118625013	0.850858421159973	0.589242706138475	-2.12206177136798E-4	100.048874217567
746	0.558416980800903		0.805985098097802		1.17750906944275	0.558185854970222	0.943242357840424	0.591773524938174	-1.15042027747839E-4	100.026492914569
744	0.607433463148988		0.874557366500558		1.174187541008	0.607202337318307	1.02109835432188	0.594656072794822	-2.45837926956854E-4	100.056622298965
742	0.660568249923976		0.948792362236645		1.17108881473541	0.660337124093296	1.10533940949435	0.597406659367528	-2.82844637340813E-4	100.065148597043
740	0.74674840705032		1.07023998748379		1.16803753376007	0.74651728121964	1.24431482377819	0.59994244780669	-2.26229090948109E-4	100.05210474305
738	0.858986840439728		1.22804019132102		1.16498303413391	0.858755714609048	1.42489541397124	0.60267982210404	-1.95225969784754E-4	100.044962545903
736	0.944347542613292		1.34561547008705		1.16204738616943	0.944116416782612	1.55793285655893	0.606005844737058	-9.67336369835949E-5	100.022276223833
734	0.97617614356033		1.387393256175		1.15931880474091	0.97594501772965	1.60270847699779	0.608934832339441	-2.2823809921366E-5	100.005255514546
732	0.98532363040122		1.39914321340344		1.15665113925934	0.985092504570539	1.61261114540923	0.610867974821392	-6.25824254756605E-5	100.014411174308
730	0.978628871822014		1.39086026360744		1.15388596057892	0.978397745991333	1.59919833438204	0.611805130705946	-7.52579114725023E-5	100.017330276028
728	0.982674840433777		1.39942318929343		1.15089321136475	0.982443714603096	1.60490562423242	0.612150459048314	-8.49743812235213E-5	100.01956798863
726	0.993212734068427		1.41828074537043		1.1476241350174	0.992981608237746	1.62198832623806	0.61220021881465	-2.31655240186236E-4	100.053354818899
724	1.00957084557533		1.44593132051629		1.14410185813904	1.00933971974465	1.64864520978208	0.612223729978909	-1.92874257917046E-4	100.044420802228
722	1.01248925224091		1.45320565825578		1.14027833938599	1.01225812641023	1.65143030762389	0.612958428664599	-1.36273960586508E-4	100.031383162505
720	0.987863349019002		1.41963387494266		1.13600122928619	0.987632223188321	1.60709831252829	0.614543749743958	-1.09030695773667E-4	100.025108397107
718	0.927042369952948		1.33252915727313		1.13137769699097	0.926811244122268	1.50200907720628	0.617047698437433	3.41630122522915E-5	99.9921339851128
716	0.816175425510697		1.17284048451034		1.12621939182281	0.815944299680016	1.31531646760681	0.620340670686357	3.68176339024198E-5	99.9915227858378
714	0.683780453810717		0.983080432778347		1.12039887905121	0.683549327980036	1.09591171647813	0.623726635733688	8.19228125852376E-5	99.9811383543286
712	0.561113802384365		0.808512286198055		1.11375534534454	0.560882676553684	0.894987175830883	0.626693534500061	-9.98539856832343E-5	100.022994873307
710	0.462546166669823		0.670228010932741		1.10628998279572	0.462315040839143	0.736005680410896	0.628140587965357	8.86143817289248E-5	99.9795978660791
708	0.389865400663854		0.569708594525315		1.09837675094604	0.389634274833174	0.620332881960144	0.628105145098866	3.10009217283041E-5	99.9928620287412
706	0.339449131944409		0.500949595166273		1.09038031101227	0.339218006113729	0.540843254221411	0.627202065415536	-1.15053867639251E-5	100.002649248297
704	0.300625830402762		0.44908568698728		1.0826700925827	0.300394704572082	0.480867380230896	0.624693453791444	1.88288865382095E-5	99.9956645826359
702	0.279519269207803		0.422466201620014		1.07555782794952	0.279288143377123	0.44907767558781	0.621915001701108	-1.24474690052194E-5	100.002866176732
700	0.269581136007768		0.411603864932461		1.0694442987442	0.269350010177087	0.434908429608019	0.619325797892332	-2.73837547867924E-5	100.006305541347
698	0.275413626524013		0.422984031512964		1.0649927854538	0.275182500693333	0.445217938340591	0.618084935478988	-4.07225501909652E-5	100.009377153329
696	0.296090941199691		0.455484508983196		1.06259047985077	0.295859815369011	0.478748357611948	0.617986068599366	2.37719919708164E-5	99.9945264463701
694	0.324079474107874		0.497904883874728		1.06203079223633	0.323848348277194	0.523547935649464	0.618564846169164	-1.02726491158559E-4	100.023656446416
692	0.347504057449333		0.532837255256141		1.06277585029602	0.347272931618652	0.561040506647956	0.618980140477737	1.53797370697201E-5	99.9964587473727
690	0.365512556522882		0.559391535240368		1.06392598152161	0.365281430692202	0.589899450546352	0.619226599302451	-1.40116649727136E-4	100.032268255976
688	0.376474516317948		0.576006069170561		1.06461536884308	0.376243390487267	0.607969773201974	0.618852132246179	5.10988397347685E-5	99.9882347494956
686	0.382976991267551		0.585840195413004		1.0645604133606	0.382745865436871	0.618407411278765	0.618921860340281	-5.53318082485084E-5	100.012741431336
684	0.379615037545633		0.580747440306401		1.06376242637634	0.379383911714953	0.61252637591184	0.619375632845493	-1.85984692691669E-5	100.004282547508
682	0.375142660549344		0.574246576684916		1.06245732307434	0.374911534718663	0.604867992582915	0.619823729005251	-2.36456638114515E-5	100.005444763522
680	0.377257905597044		0.578048874643356		1.06094348430634	0.377026779766364	0.608040171688437	0.620068866041229	-7.7502442802041E-5	100.017847189368
678	0.384042015067006		0.588918421108712		1.05921316146851	0.383810889236326	0.618561668391723	0.620489288051497	-4.34088646852711E-5	100.009995760016
676	0.392171592671241		0.601635202674109		1.05730748176575	0.39194046684056	0.630894333594557	0.621245818784672	-1.04330231532327E-4	100.024025809323
674	0.398444515924984		0.611738306271435		1.05524814128876	0.398213390094304	0.640326808451402	0.621890860789293	5.05172879055288E-5	99.988368641088
672	0.405990711878718		0.623629071604781		1.05312037467957	0.405759586048037	0.65155808240679	0.622752747612618	-1.31850002443935E-4	100.030364194002
670	0.410600015143991		0.631240248637356		1.0509113073349	0.410368889313311	0.658190020164778	0.623480874429811	-4.25312808663515E-5	100.009793668879
668	0.415146070728853		0.638503610729915		1.0485315322876	0.414914944898173	0.66431542157143	0.624575211451056	-1.01731393773072E-4	100.023427262834
666	0.417180334331565		0.642193311032555		1.04595601558685	0.416949208500884	0.666542922317921	0.62553992329696	-3.49286051228085E-5	100.008042931974
664	0.42170088637649		0.649507138517979		1.04322910308838	0.421469760545809	0.67243517558952	0.62678125096045	-7.39464349603618E-5	100.017028245523
662	0.42570855390198		0.656053377200317		1.04042720794678	0.425477428071299	0.677440040206969	0.628066548799373	-1.95777802134829E-4	100.045089667209
660	0.433176907143622		0.667973239518411		1.03775990009308	0.432945781312942	0.688073265340318	0.629214653615133	-7.19647779459707E-5	100.016571875476
658	0.44260569738915		0.682924350298513		1.03528940677643	0.442374571558469	0.701913963343653	0.630240449201443	-2.83214436670026E-5	100.006521466038
656	0.455839288034513		0.703450113155949		1.03309750556946	0.455608162203833	0.721632994678218	0.631357165711349	-2.14454711793565E-4	100.04939221619
654	0.472924218386167		0.73028411878603		1.03115320205688	0.472693092555487	0.747944842427556	0.631989240037136	-8.05708049833937E-5	100.01855383446
652	0.489497307919554		0.755854168732685		1.02945709228516	0.489266182088873	0.773037841980285	0.632913624041384	-1.42942866221544E-4	100.03291922848
650	0.498315992271523		0.769782134985626		1.02793705463409	0.498084866440842	0.78621349098234	0.633523683011986	-5.15111044196583E-5	100.011861573545
648	0.500357270339538		0.773023138390644		1.02666783332825	0.500126144508858	0.788570166153153	0.634218952193691	-1.30736555410174E-4	100.030107735829
646	0.502119980903784		0.776322453257832		1.02560043334961	0.501888855073103	0.791134088915232	0.634391643724102	-7.51271982983397E-5	100.017300172995
644	0.506844324756977		0.784053141703504		1.02465677261353	0.506613198926296	0.798327464256268	0.634593223469098	-8.43372171259084E-5	100.019421247574
642	0.51613609107727		0.798782499554805		1.02378344535828	0.51590496524659	0.812726712913652	0.634782832961222	-1.21441326157973E-4	100.027966808711
640	0.528104871547024		0.817580013822955		1.02288675308228	0.527873745716343	0.831242605392652	0.635041734256382	-9.06691765570877E-5	100.020879528904
638	0.54277267849525		0.840511608579958		1.02184903621674	0.542541552664569	0.853831939189276	0.635419603979349	-1.79774927728067E-4	100.041403275659
636	0.557931389677355		0.86424799459351		1.02063095569611	0.557700263846674	0.877040231386563	0.635889032097164	-1.63698742608604E-4	100.037700133162
634	0.572209940340515		0.886534102902897		1.01923584938049	0.571978814509835	0.898556200588864	0.636553188476126	-1.41183431783167E-4	100.032513971186
632	0.586194344276335		0.908504290193038		1.0177036523819	0.585963218445655	0.919564558756898	0.637218140766301	-1.28937386005643E-4	100.029693337894
630	0.597227483270335		0.925893641014667		1.01619136333466	0.596996357439655	0.935869010729995	0.637905893447616	-4.2379781918598E-5	100.009758781547
628	0.614025983264247		0.952191284952556		1.01451146602631	0.613794857433566	0.96100115808642	0.638703556461655	-9.588153268636E-5	100.022079976054
626	0.629407367480129		0.976082437811193		1.01275491714478	0.629176241649449	0.983533140737496	0.639710260477512	-2.16488195307345E-4	100.049860675437
624	0.645911328595824		1.0019343832035		1.01092803478241	0.645680202765143	1.00789342713143	0.640623487944374	-1.63514176890096E-4	100.037657619322
622	0.656976306578954		1.01937930195703		1.0092089176178	0.656745180748273	1.0237850379925	0.641487379065493	-6.81962907944162E-5	100.015704009209
620	0.668300242996108		1.03708022962068		1.00772297382355	0.668069117165428	1.04011526400591	0.642302964185355	-7.19062890178747E-5	100.016558405671
618	0.676048817794248		1.04921861153019		1.0068142414093	0.675817691963567	1.0513984170324	0.642779826386921	-1.8234632948358E-4	100.041995609691
616	0.682574441852645		1.05961427646667		1.00664889812469	0.682343316021965	1.06169053659986	0.64269510982665	-7.36883097120293E-5	100.016968799885
614	0.691802508832373		1.0742721178998		1.00700271129608	0.691571383001693	1.07682418166439	0.642232404117049	-1.27428818439792E-4	100.029345874835
612	0.697580040242393		1.08337407098843		1.00780045986176	0.697348914411712	1.08685019537782	0.641623765057425	-1.50692086887608E-4	100.034704155789
610	0.708172807534051		1.09993151568546		1.00835275650024	0.70794168170337	1.10414155799678	0.641169310742882	-2.14870695366254E-4	100.049488047303
608	0.716338557623492		1.11284308789949		1.0085117816925	0.716107431792812	1.11733716253747	0.640905409578011	-1.73439735684076E-4	100.039943950464
606	0.730057185498363		1.13438524632171		1.00798010826111	0.729826059667682	1.13846218505243	0.641063066696474	-1.04986300165945E-4	100.024176911117
604	0.743631359943635		1.15531969295437		1.00688087940216	0.743400234112954	1.15829915608705	0.641803311524719	-1.90103496027818E-4	100.043782529361
602	0.759368341081925		1.17979154954604		1.00539457798004	0.759137215251244	1.18119321137659	0.642686740780138	-1.22646314508689E-4	100.028244345514
600	0.774683889726782		1.20323151527269		1.00393652915955	0.774452763896101	1.20301245273626	0.643761219706912	-1.89280546331714E-4	100.043592955406
598	0.793982606385508		1.23313786280944		1.00287997722626	0.793751480554827	1.23173886862714	0.644415387686448	-1.31465862093385E-4	100.030275715599
596	0.813135664170304		1.26261915999389		1.00218975543976	0.812904538339623	1.26043699108764	0.644938655472309	-1.71054943910551E-4	100.039394614034
594	0.831829559054103		1.29142114352138		1.00178515911102	0.831598433223422	1.28878153682487	0.645259424861259	-7.11973178369026E-5	100.016395132126
592	0.853665188239313		1.32501061177095		1.00154709815979	0.853434062408632	1.32211670944647	0.645505844008235	-1.72680695326293E-4	100.039769105303
590	0.87149669146396		1.3523736914956		1.00122630596161	0.87126556563328	1.34908987510244	0.645817288909032	-1.5070864430689E-4	100.034707969599
588	0.886591654477374		1.37554012664473		1.00070452690125	0.886360528646694	1.37156956695336	0.64623811289102	-1.75614158563901E-4	100.04044483108
586	0.90187800085184		1.39887046102416		0.999973237514496	0.901646875021159	1.39389696884059	0.646853314969994	-1.35923288348795E-4	100.031302391931
584	0.913729650279581		1.41707236677418		0.999053955078125	0.9134985244489	1.41080023547457	0.647503807753201	-9.91186635921048E-5	100.022825520348
582	0.92965554895862		1.44121215702196		0.998229086399078	0.929424423127939	1.43373244933427	0.64825513544002	-1.77404732137841E-4	100.040857293484
580	0.943463590285281		1.46226899897884		0.997582137584686	0.943232464454601	1.45380918170847	0.648800734183109	-1.76047225786509E-4	100.040544588873
578	0.95892021711561		1.4859452455273		0.997147619724274	0.958689091284929	1.47678465746292	0.649173247054132	-1.48171590448614E-4	100.03412359031
576	0.974882594981515		1.51020552680243		0.996688485145569	0.974651469150834	1.50028461798611	0.649644379117308	-1.53535208057917E-4	100.035359037967
574	0.994267577203861		1.53981053767046		0.996220171451569	0.99403645137318	1.52907278874392	0.650090995465134	-1.25020517040905E-4	100.028791181751
572	1.01021527458887		1.56399745773983		0.9957315325737	1.00998414875819	1.55240646845246	0.650592592393024	-9.35039016668686E-5	100.021532386897
570	1.02934927109444		1.59309076664458		0.995352268218994	1.02911814526376	1.58077326309402	0.65102198353829	-6.55961093542598E-5	100.015105203077
568	1.04991764717192		1.62423396110021		0.995181918144226	1.04968652134124	1.61149586483814	0.651374008611978	-1.31959398594165E-4	100.030389391048
566	1.06770839111939		1.65083518017117		0.995282471179962	1.06747726528871	1.63813441719842	0.651642047246855	-1.66653746714234E-4	100.038380806835
564	1.08957159903984		1.68415415891987		0.995623111724854	1.08934047320916	1.67186822242955	0.651570774894051	-1.20482212940435E-4	100.027745903213
562	1.11560264751981		1.72337406385348		0.996170461177826	1.11537152168913	1.71185705225295	0.651556460407255	-1.51719035744108E-4	100.034940701844
560	1.14473721619002		1.76744598903138		0.99668163061142	1.14450609035934	1.75666114341961	0.651523542059672	-1.41261617789372E-4	100.032531980035
558	1.17366447132345		1.81115147286553		0.997178435325623	1.17343334549277	1.80111893258295	0.651502421225439	-9.31200265978622E-5	100.021443977403
556	1.20074696633242		1.85172737602371		0.997675478458405	1.20051584050174	1.84249828308432	0.651569584364603	-1.682436629638E-4	100.03874703976
554	1.22943641781691		1.89467194677497		0.99818366765976	1.22920529198623	1.88630337156228	0.651647720360152	-8.35220111982208E-5	100.019233503193
552	1.25811594498502		1.93750218189435		0.998678505420685	1.25788481915434	1.93001211937021	0.65174969966759	-1.46588438130825E-4	100.03375893229
550	1.28635916691807		1.97952600374792		0.999059557914734	1.28612804108739	1.97273282934538	0.651952470175179	-8.24310935279127E-5	100.018982262119
548	1.31103675471009		2.0158655375993		0.999196529388428	1.31080562887941	2.0093136279264	0.652364872591915	-9.03293413612929E-5	100.020801262651
546	1.33927696760994		2.05755585420517		0.99907249212265	1.33904584177926	2.0507158462569	0.652965082521488	-1.16582518057831E-4	100.026847720174
544	1.36519360263822		2.09548496324551		0.998806416988373	1.36496247680754	2.08805353270348	0.653700901547419	-5.64349022846204E-5	100.012995460809
542	1.39030353600956		2.13164317995894		0.998482644557953	1.39007241017888	2.12348002249182	0.654619961315995	-1.19112205991777E-4	100.027430360427
540	1.40980327195459		2.1593387364889		0.99831360578537	1.40957214612391	2.15076937745575	0.655380423814369	-1.33932595655153E-4	100.030843875568
538	1.42738436166706		2.18431189312739		0.998360693454742	1.42715323583638	2.17580304123005	0.655920232113272	-6.22401957671129E-5	100.014332361681
536	1.45132248260412		2.21821273527708		0.998661279678345	1.45109135677344	2.21031358994674	0.656509267903658	-1.48318245517371E-4	100.034157370416
534	1.46523848901824		2.23688498862044		0.999168038368225	1.46500736318756	2.23009190581567	0.656926900351996	-9.68003375295636E-5	100.022291585624
532	1.48640466325007		2.26681501779772		0.999805629253387	1.48617353741939	2.26143918768287	0.657180412152566	-7.77919534258165E-5	100.017913863572
530	1.50474950570607		2.29194206847857		1.0004802942276	1.50451837987539	2.28810431716414	0.657539242677569	-5.68961897751652E-5	100.013101690039
528	1.52494677277624		2.3194656279389		1.00102841854095	1.52471564694556	2.31690974589174	0.658081588913479	-3.60050233169145E-5	100.008290806665
526	1.54680599357513		2.34955284705696		1.0014044046402	1.54657486774445	2.34790945053601	0.658702944183549	-8.63159157663038E-5	100.019876949297
524	1.56739378188398		2.37789095729529		1.00163662433624	1.5671626560533	2.37683840578333	0.659347582166323	4.18623947084694E-6	99.9990360873855
522	1.59050190709682		2.40938182631009		1.00181710720062	1.59027078126614	2.40881477475694	0.660188071715311	-3.35973773591501E-5	100.00773638127
520	1.62145782738328		2.45248141109881		1.0020604133606	1.6212267015526	2.45258817894135	0.661026875801217	1.28390603466315E-5	99.997043740802
518	1.65150650585208		2.49392896952694		1.00242054462433	1.6512753800214	2.49501750058882	0.661829177403246	-8.19943375872171E-5	100.018881676308
516	1.69086283198876		2.54955847369919		1.00289297103882	1.69063170615808	2.55198380524146	0.662477443111408	-7.89870223573361E-7	100.000181874506
514	1.73207412180212		2.60721747005082		1.00349617004395	1.73184299597144	2.61137930088064	0.663190902749135	-9.4257489619075E-5	100.021705944449
512	1.77503024193077		2.66711172029978		1.00418245792389	1.77479911610009	2.67330997041588	0.663895745626529	-1.62813771759864E-5	100.003748995911
510	1.83034742310621		2.74537304811206		1.00497353076935	1.83011629727553	2.7540665081243	0.664514198141846	7.99389759859152E-6	99.9981593539955
508	1.89828808445583		2.84179274987522		1.00580215454102	1.89805695862515	2.85331644302573	0.665210815738475	-7.22353997288452E-5	100.01663419879
506	1.97135384954473		2.94558310590581		1.00663805007935	1.97112272371405	2.96016708038116	0.6658822526532	-4.46707603025174E-5	100.010286351685
504	2.06008017212721		3.07161657708189		1.00742840766907	2.05984904629653	3.08946094217211	0.666734127685173	-9.0915731126982E-5	100.020936312061
502	2.14831339015844		3.19584435978863		1.00814700126648	2.14808226432776	3.21690450567548	0.667748222099216	-3.61839651158747E-5	100.008332012961
500	2.23410069908079		3.3168588978793		1.00866842269897	2.23386957325011	3.34063185684544	0.668696722349871	2.38620098849525E-5	99.9945057201161
498	2.36512726105723		3.50339711734877		1.00904226303101	2.36489613522655	3.53009493424657	0.669924231295862	-5.87223118067513E-7	100.000135213211
496	2.54491958211616		3.76155380577035		1.00876116752625	2.54468845628548	3.78952997502234	0.671505034412738	-9.48254294832367E-5	100.021836745907
494	2.75385703245316		4.0602732869986		1.00816118717194	2.75362590662248	4.08843346507891	0.673516135248965	1.63226751018861E-5	99.9962416357915
492	2.91277105769708		4.28233244138474		1.00794267654419	2.9125399318664	4.31137022924657	0.675548555795306	1.48741244813308E-5	99.9965751649186
490	2.9749976443625		4.36085794155925		1.00791668891907	2.97476651853182	4.39040623200782	0.677560654147349	7.2610886977181E-5	99.9832821229985
488	3.00748189716238		4.39682774122021		1.00887954235077	3.0072507713317	4.43088954123778	0.678701363088283	4.30940331203991E-5	99.9900777244643
486	3.11169564186315		4.53842627581066		1.00954282283783	3.11146451603247	4.5767523815271	0.679841131145987	7.54706084348114E-5	99.9826237600494
484	3.32753029676244		4.83919760029243		1.01009511947632	3.32729917093176	4.88306385980122	0.681395792982156	3.04834306216033E-5	99.9929811770376
482	3.49484051337906		5.06585387380082		1.01073944568634	3.49460938754838	5.11526913738308	0.68317214474783	6.21676087914267E-5	99.985686403566
480	3.56802173867258		5.15368170548112		1.01162850856781	3.5677906128419	5.20861774981804	0.684978392389523	4.51436213937509E-5	99.989605837264
478	3.52687579157136		5.07744796555136		1.0127238035202	3.52664466574068	5.13705342173731	0.686511191574877	4.49688694191555E-5	99.9896460712189
476	3.65609009769567		5.24871061135141		1.01399922370911	3.65585897186499	5.31718319555969	0.687555579224344	6.59126257901925E-5	99.9848242086813
474	3.93017544816298		5.62644159128738		1.01552999019623	3.9299443223323	5.70880732806565	0.68840023782409	1.14350295493019E-4	99.973673337496
472	4.42055900333241		6.3109365592554		1.01726651191711	4.42032787750173	6.41488300279385	0.689073810945042	1.28328332190903E-4	99.9704556747244
470	4.94416843727533		7.03975193720257		1.01911818981171	4.94393731144465	7.16930869296683	0.689597494427141	1.24987810994295E-4	99.9712246338627
468	5.37566760547302		7.63197488405491		1.02110064029694	5.37543647964234	7.78797409709371	0.690222696252716	1.87277511205295E-4	99.9568870557464
466	5.47888575691605		7.74412024493493		1.02326714992523	5.47865463108537	7.91925281367122	0.691814589076815	1.8717646399816E-4	99.9569103126973
464	5.31621338207777		7.4760731024513		1.02553856372833	5.31598225624709	7.66193902165092	0.693816831643442	1.12810515144265E-4	99.9740277923115
462	5.11993688139721		7.17609763978276		1.027627825737	5.11970575556653	7.36928505169332	0.694735747043755	1.53687637855466E-4	99.9646183743836
460	4.96765299528696		6.9505708340433		1.02919805049896	4.96742186945628	7.14843363817613	0.694896549494117	1.34804349460147E-4	99.9689649683088
458	4.81722377225523		6.73330462397395		1.03004312515259	4.81699264642455	6.93050965195977	0.695041618629364	2.14400958949792E-4	99.9506445386168
456	4.61292041613799		6.45014483506634		1.03006207942963	4.61268929030731	6.63896502234612	0.694790419106208	1.32908726552193E-4	99.9694013171034
454	4.44082937678657		6.22161927445604		1.02918720245361	4.44059825095589	6.3981306752807	0.694046195103865	1.32032435610497E-4	99.9696030290128
452	4.29375093499146		6.03669383574184		1.02735614776611	4.29351980916077	6.19676330223141	0.692864903782062	2.71844326791585E-4	99.9374251168026
450	4.12706507139969		5.82280416374494		1.02460694313049	4.12683394556901	5.96102792315072	0.692302401326071	1.78519520377597E-4	99.9589028085672
448	3.85352563157473		5.45603490251517		1.02102768421173	3.85329450574405	5.56572269787343	0.69232599518771	1.82389311021143E-4	99.958012126508
446	3.50171919987501		4.97739092249414		1.01675081253052	3.50148807404433	5.05574739254648	0.692575756297962	2.43647956463936E-4	99.9439137189888
444	3.24180147630421		4.62522938825678		1.0121191740036	3.24157035047353	4.67628733847223	0.693193150002748	2.34955049847198E-4	99.9459142320973
442	3.11083831764783		4.4488669744107		1.00782012939453	3.11060719181715	4.47868290115053	0.694536152809136	2.28155168619142E-4	99.9474791280259
440	3.07109694817772		4.39395977248167		1.0045450925827	3.07086582234704	4.4089721039874	0.696503799506873	2.03611780828249E-4	99.9531276433936
438	3.04244901128047		4.34994058320443		1.00285410881042	3.04221788544979	4.35740551149509	0.698171854197238	2.69341724054043E-4	99.9380010034526
436	3.01615953384646		4.30466886707674		1.00277864933014	3.01592840801578	4.31168012937013	0.69947869914375	3.02587481597784E-4	99.9303509237918
434	2.98030610381394		4.24251775648524		1.00421047210693	2.98007497798326	4.25542378844648	0.700300399239717	3.33444004787925E-4	99.9232511475325
432	2.96649244420117		4.20835235134832		1.00665414333344	2.96626131837049	4.23138629795795	0.70101406713965	3.59761331725342E-4	99.9171961933418
430	2.96407793005066		4.18965829624723		1.00962591171265	2.96384680421998	4.22500387477467	0.701501558830653	5.02063669290382E-4	99.8844623641171
428	2.9743808230759		4.18912626499936		1.01240730285645	2.97414969724522	4.23610459146779	0.702095435328873	3.91661773672229E-4	99.9098571969018
426	2.98784970729942		4.19727531281836		1.01423370838165	2.98761858146874	4.25201165833394	0.702636498094499	4.35788110895687E-4	99.899706406892
424	2.96579819371566		4.16391684127197		1.01462960243225	2.96556706788498	4.21982488772906	0.702770173356868	4.62221557733233E-4	99.8936261702627
422	2.9566868778341		4.15760440233235		1.01337480545044	2.95645575200342	4.20820934477436	0.702544837907045	4.27419805311428E-4	99.9016313664761
420	3.41579693459334		4.81813546658752		1.01114857196808	3.41556580876266	4.86685957811452	0.701800771923214	4.15057503741378E-4	99.9044751319933
418	3.26294332192286		4.62463228132557		1.0079870223999	3.26271219609218	4.65659371047362	0.700664992256826	4.07417032371006E-4	99.9062327504488
416	3.06300323483116		4.36762453088768		1.00422537326813	3.06277210900048	4.38112233055518	0.699083905427575	4.11827552737521E-4	99.9052181480185
414	2.89038381413419		4.14833472463501		1	2.89015268830351	4.14339853759724	0.697531908185572	4.494126367085E-4	99.896572439421
412	2.74667507447405		3.96822275025705		0.995681941509247	2.74644394864337	3.94617286002368	0.695976594554676	4.54233331827904E-4	99.8954635875554
410	2.63126486985708		3.82314622495784		0.991583049297333	2.6310337440264	3.78607235225846	0.694924317137504	4.15495056531699E-4	99.9043744780323
408	2.52896634731662		3.69293927967734		0.988153755664825	2.52873522148594	3.64431410689528	0.693885089844867	4.97312655607557E-4	99.8855550674852
406	2.44868092283274		3.5890213601707		0.985654711723328	2.44844979700206	3.53267043811619	0.693087521152329	5.23644394308569E-4	99.8794990830955
404	2.39861539568904		3.52578078425152		0.98426741361618	2.39838426985836	3.46545260544408	0.692083991017682	5.19905875617322E-4	99.8803588752341
402	2.37223088651713		3.49246775948229		0.984128773212433	2.37199976068645	3.43218016792945	0.691105840786154	5.47804627305515E-4	99.8739428419979
400	2.38997225607514		3.51973541074052		0.985299050807953	2.38974113024446	3.46312833889485	0.690052720081138	5.84185500747927E-4	99.8655767465464
398	2.43999952638306		3.5903541848724		0.987817049026489	2.43976840055238	3.54173702614747	0.688862098608783	6.71919446069777E-4	99.8454044521987
396	2.48455652083392		3.64830621100803		0.991658091545105	2.48432539500324	3.61297736476299	0.687611668767323	6.15615209981557E-4	99.8583497782144
394	2.51238340060554		3.67926279047417		0.996615350246429	2.51215227477486	3.66189029480354	0.68602608831285	6.44129306325513E-4	99.8517936803284
392	2.51483276583013		3.67062681638759		1.0025714635849	2.51460163999945	3.6751168193167	0.684223594412703	7.41128834321452E-4	99.8294943058131
390	2.52307483122688		3.66831000731481		1.0093150138855	2.5228437053962	3.69749819828069	0.6823110033074	7.14152350292473E-4	99.8356954723325
388	2.53263956507538		3.66788217528527		1.01699423789978	2.5324084392447	3.72519496378583	0.679805611213186	7.25713629540198E-4	99.833037798705
386	2.54944604694182		3.67675153560139		1.02549052238464	2.54921492111114	3.76541183989846	0.677008260849332	7.43965007748813E-4	99.8288423683691
384	2.58364172551612		3.71123312726049		1.03449034690857	2.58341059968544	3.83412840743717	0.673793447990507	8.55754884888394E-4	99.8031491617858
382	2.61138712335447		3.73656290010849		1.04369103908539	2.61115599752379	3.89466536164357	0.67044425003484	7.75539953654482E-4	99.8215846760728
380	2.64752263346399		3.77573931596758		1.0526317358017	2.64729150763331	3.96926704297185	0.666947191754385	8.41086399612879E-4	99.8065201135435
378	2.66192165684395		3.78530498975748		1.06117713451386	2.66169053101327	4.01164093347567	0.66349171701845	9.26669401322287E-4	99.7868539645002
376	2.66256578525935		3.77618114946191		1.06922745704651	2.66233465942867	4.03231866107221	0.660249073350949	9.26736606454546E-4	99.7868385229312
374	2.66585418856652		3.77205495318933		1.07646524906158	2.66562306273584	4.05517244084991	0.657339016186736	9.84068679445461E-4	99.7736663345996
372	2.66812539217073		3.76762660848046		1.08239138126373	2.66789426634005	4.07270368253317	0.655067118627361	0.00100859497040036	99.7680318884452
370	2.6703048355214		3.76404128134635		1.08660447597504	2.67007370969071	4.08466042113627	0.653683154632462	0.00103674400137679	99.7615655792334
368	2.68034106595004		3.77229053668448		1.08728444576263	2.68010994011936	4.09618578604708	0.654294038431723	0.00111464439298449	99.7436727245028
366	2.7008227064932		3.7954648774122		1.08414971828461	2.70059158066252	4.10950061181915	0.657158091884807	0.00111695534084244	99.743141974463
364	2.71515791151405		3.8118408294952		1.07767069339752	2.71492678568337	4.10258956573534	0.661759296703312	0.00121398226544762	99.7208605738666
362	2.74460445680654		3.84923824145514		1.06871128082275	2.74437333097586	4.10844897244593	0.667982820130298	0.00127828131804367	99.7060975904729
360	2.78088404650532		3.89612063872875		1.05907070636749	2.78065292067464	4.12103946585856	0.674745520811296	0.00131218786685398	99.6983135687108
358	2.81506228123203		3.94074532116762		1.04836678504944	2.81483115540135	4.12617156851593	0.682189557234959	0.00138618931385514	99.6813269588405
356	2.85424509357547		3.99223398062985		1.03684234619141	2.85401396774479	4.13419919927183	0.690342634735035	0.0013905648151335	99.6803226781171
354	2.89455183169566		4.0455502645965		1.02479386329651	2.89432070586498	4.14079651063167	0.69897680275611	0.00144401476733191	99.6680554703659
352	2.93204802295208		4.09572240795071		1.01273274421692	2.9318168971214	4.14287315550992	0.707677205424974	0.0015265411615874	99.6491179426389
350	2.95578026162679		4.12673446837366		1.00126516819	2.9555491357961	4.12701304940705	0.716147271746753	0.00153656950841333	99.6468169592746
348	2.99356635766721		4.17817359170328		0.990810453891754	2.99333523183653	4.13488724711468	0.723921851539065	0.00162493606663888	99.6265437325778
346	3.01320272233484		4.2044840041958		0.981342911720276	3.01297159650416	4.12119648279839	0.731091470421297	0.0017042990442705	99.6083396404152
344	3.04169414067802		4.2438712598978		0.972720801830292	3.04146301484734	4.12330032297895	0.737628301750764	0.00170253152652377	99.6087450332388
342	3.05438344726794		4.26206905035243		0.964752793312073	3.05415232143726	4.10708082138344	0.743630927722649	0.00176382896849283	99.5946869904786
340	3.06180441891798		4.27390010499265		0.957048177719116	3.0615732930873	4.08560413842738	0.749356322677349	0.00184123555897482	99.5769372872729
338	3.05676685790295		4.2694913281548		0.950148642063141	3.05653573207227	4.05196127633573	0.754334882202121	0.00193572515748898	99.5552746557319
336	3.06233498532211		4.28128277097878		0.944044172763824	3.06210385949143	4.03706007328799	0.758498462718562	0.00200906043010383	99.5384651010925
334	3.04889288332504		4.26833827640159		0.938558220863342	3.04866175749436	4.00145107981837	0.76188904891791	0.00194337649958835	99.553520719668
332	3.01577448746128		4.23267874285268		0.933434963226318	3.0155433616306	3.94632271711743	0.764140081233217	0.00215957078988086	99.5039747377797
330	2.97169212679758		4.1849125565201		0.928119659423828	2.9714610009669	3.87951824444359	0.765935565639561	0.00225764612415847	99.4815066103571
328	2.91164190731097		4.11925081361841		0.923022568225861	2.91141078148029	3.79760525311569	0.766643868288223	0.00228235666126889	99.4758464612417
326	2.82726749358561		4.02318448099446		0.918195605278015	2.82703636775493	3.68953792442691	0.766230467245853	0.00238076321395992	99.4533088362723
324	2.75052840697818		3.94054385632468		0.913534343242645	2.7502972811475	3.59531276742273	0.764967461542721	0.00248751811629713	99.4288649994033
322	2.66365122226673		3.84507073658898		0.908978700637817	2.66342009643605	3.49060051312545	0.763026329257957	0.0025799903118864	99.40769635222
320	2.59136936220399		3.76818012410325		0.904343068599701	2.59113823637331	3.40326356993502	0.761368663674435	0.00266314118046237	99.3886653826978
318	2.51036378391439		3.67664811763306		0.899914681911469	2.51013265808371	3.3042274740922	0.759673078734794	0.00282100855358903	99.3525438642377
316	2.44352845703302		3.60480269555686		0.895963847637177	2.44329733120234	3.22535024795297	0.757529304841551	0.00305876214131955	99.2981684112476
314	2.3915799831195		3.55189605514326		0.892610192298889	2.39134885728882	3.16605252994608	0.7553092801431	0.00318463812339154	99.2693919847225
312	2.351630715701		3.51602212950536		0.88999992609024	2.35139958987032	3.12486622929263	0.752480079892125	0.00334058974338717	99.2337515520598
310	2.30195619197371		3.46629238116891		0.888025283813477	2.30172506614303	3.07377181667284	0.748827565422374	0.00356593463476486	99.1822749172046
308	2.24397517413899		3.40455939801715		0.887133359909058	2.24374404830831	3.01591916158095	0.743966906305317	0.00380734199768188	99.1271586790664
306	2.19185145608554		3.35235157351873		0.887335538864136	2.19162033025486	2.97028063576518	0.737849583593396	0.00394538865378566	99.0956547140585
304	2.12810138309809		3.28310631012354		0.888603985309601	2.12787025726741	2.91299503589688	0.730475071548572	0.00421337092110947	99.0345264063207
302	2.06119986969354		3.210908641955		0.891015827655792	2.06096874386286	2.85657220035975	0.721483162093123	0.00432330837961412	99.009459944136
300	1.98866211363573		3.13020175751186		0.894482612609863	1.98843098780505	2.79549571257732	0.711298171146829	0.00466813598834133	98.9308781376548
298	1.91233749235868		3.04402541508277		0.900495111942291	1.912106366528	2.73668499461099	0.698694358427538	0.00499102643687886	98.8573520740185
296	1.82623693117928		2.94172441451498		0.909423410892487	1.8260058053486	2.67078396690122	0.683696558006233	0.00535376609048337	98.7748170391691
294	1.7289300956306		2.82154780366706		0.92107892036438	1.72869896979992	2.59432158693067	0.666339507988727	0.00565800103656226	98.7056468581836
292	1.6379552058574		2.7091519178857		0.934718489646912	1.63772408002672	2.5276804436176	0.647915793375692	0.00612523702716249	98.5995114293071
290	1.53914630732644		2.58356762883673		0.948803901672363	1.53891518149576	2.44661557295388	0.628997541954567	0.00653478073819043	98.5065750054216
288	1.43170640297059		2.44100931641808		0.962523102760315	1.43147527713991	2.34477666704217	0.610495360714098	0.00702150130085364	98.3962389979609
286	1.31235429163109		2.27769828191439		0.97529125213623	1.31212316580041	2.21660498931998	0.591951733449336	0.00758952202414092	98.2676291015282
284	1.19873487069837		2.12038072883206		0.986907541751862	1.19850374486769	2.0877481724546	0.574065282719703	0.00815327960061592	98.1401506704284
282	1.09734389209961		1.98030216493867		0.996903836727142	1.09711276626892	1.96924992230966	0.557122157954517	0.00861145684349629	98.0366681840184
280	0.995286084585045		1.8360714282103		1.00535523891449	0.995054958754364	1.84094140787375	0.540514192629104	0.00920013752853978	97.9038707414674
278	0.901679892942475		1.70220092093272		1.00982344150543	0.901448767111795	1.71393771472759	0.525951882245071	0.00976220077110752	97.7772456609911
276	0.819028660362577		1.58353174568668		1.01022160053253	0.818797534531896	1.59473133185185	0.513439171964525	0.0103502725767898	97.644936521944
274	0.738425657754963		1.46561523157045		1.00653350353241	0.738194531924283	1.47022239622985	0.502097188709181	0.0109996690272569	97.4990380750355
272	0.672705620175771		1.36828916842175		0.99854451417923	0.67247449434509	1.36136864045087	0.493969432204914	0.0116579914712887	97.3513567563349
270	0.621918205827926		1.29411598146227		0.988452672958374	0.621687079997245	1.27429321372282	0.487868155697855	0.0122117853417217	97.2272975569153
268	0.581532831538614		1.23741743432554		0.972882628440857	0.581301705707933	1.19905959536539	0.484798010002823	0.0128308229905913	97.0888097671073
266	0.547427118784269		1.18946298658015		0.953488886356354	0.547195992953588	1.12943313895492	0.484487283116128	0.0134035489171233	96.9608582682474
264	0.516982444223303		1.14627617034646		0.931065678596497	0.516751318392622	1.06266248606862	0.486279816185449	0.0139954277260886	96.8288050392353
262	0.490632671684548		1.10998658919264		0.906938552856445	0.490401545853868	1.00221281256377	0.489318775120592	0.0146128890157339	96.6912358104675
260	0.462311961043318		1.06810451080775		0.883175373077393	0.462080835212637	0.938964080989616	0.492117690727455	0.0151998241635064	96.5606489494767
258	0.433614741309353		1.02301068469399		0.859192788600922	0.433383615478673	0.874722266644729	0.495452822003779	0.0156594959043759	96.4585000117879
256	0.402053936686929		0.970083708892291		0.834685504436493	0.401822810856248	0.805594646134771	0.498790319404662	0.0162247219833152	96.3330427507273
254	0.371281764263502		0.917055169065121		0.80953711271286	0.371050638432821	0.738394167161014	0.502510251211004	0.0167067916534153	96.2261717779663
252	0.339126059130759		0.85823453026207		0.784095585346222	0.338894933300079	0.669067463905418	0.506518328244378	0.0171767927352763	96.1220904618427
250	0.307872996816675		0.798965099956907		0.758817315101624	0.307641870985995	0.60252288781436	0.510589518187367	0.0177779360306146	95.989131882302
248	0.278302331956806		0.741177682585275		0.735633492469788	0.278071206126126	0.54160390267079	0.513421717891774	0.0184869071317824	95.8325606937669
246	0.248502344282913		0.680235338163261		0.715051770210266	0.248271218452232	0.482873853433772	0.514153368807913	0.0190993760886904	95.6975069385554
244	0.220382433201427		0.621036948202052		0.697206974029541	0.220151307370746	0.429549747388646	0.512516440084317	0.0199440756627264	95.5115568855649
242	0.1935544837847		0.562268264049674		0.681808710098267	0.193323357954019	0.379993864523873	0.508753893161541	0.0210002504905996	95.2795614473926
240	0.168478365415661		0.504846673092596		0.667849898338318	0.16824723958498	0.333865167289974	0.503937685235824	0.0221404383745722	95.0297445037521
238	0.142740868570261		0.442444300600244		0.657016694545746	0.14250974273958	0.287450134609761	0.495772050804742	0.0237917085388551	94.6691093894299
236	0.120441857428894		0.385554635605396		0.649702370166779	0.120210731598214	0.247288708163588	0.486114924093871	0.0257076290672697	94.2523898515318
234	0.0991367462011592		0.327858595491699		0.645702123641968	0.0989056203704787	0.20851168491028	0.474340900429807	0.0289539583176726	93.5504846335268
232	0.0802813839565552		0.273938928653929		0.644411623477936	0.0800502581258747	0.173348493444884	0.461788023276513	0.0328988435388424	92.704572698516
230	0.0632308749533355		0.223124956383827		0.644490897655487	0.0629997491226551	0.140620675814186	0.448011992247158	0.0387813959815048	91.4573480172487
228	0.0490538358635609		0.179405606315906		0.646355271339417	0.0488227100328804	0.11276922883795	0.432943547951712	0.0461915178495282	89.9101003008034
226	0.0369466936542482		0.141103204544822		0.649210751056671	0.0367155678235677	0.0884010917048994	0.415329348489628	0.0562020855150521	87.8613586018371
224	0.027858620723033		0.111657182247321		0.652522802352905	0.0276274948923526	0.0696378828640267	0.396730827476438	0.0679547907985078	85.5155728281023
222	0.0210194108123118		0.0891298464074655		0.655378818511963	0.0207882849816314	0.055178741003909	0.376744459975241	0.0826847752056069	82.663773192618
220	0.0159049661000821		0.0717849217407495		0.656985223293304	0.0156738402694017	0.0439186308957111	0.356883626600762	0.0991048109480539	79.5967231587095
218	0.0121915449132143		0.0589572196511984		0.657121121883392	0.0119604190825338	0.0354983615562347	0.336928763982156	0.119446082807825	75.954571359697
216	0.00951940508853399		0.0496013725206137		0.655903518199921	0.00928827925785352	0.0292960522992485	0.317048835214285	0.141525496968351	72.1895779957557
214	0.00762143132025427		0.0427670622070409		0.654084265232086	0.0073903054895738	0.0247445801881786	0.298663603640542	0.164419788203526	68.4825954989777
212	0.00628842332234584		0.0379213022624144		0.652615189552307	0.00605729749166537	0.0215265872247353	0.281386799887406	0.188581971432512	64.7765820393532
210	0.00525528843687139		0.0340561827252463		0.652986526489258	0.00502416260619092	0.0190149648353466	0.264221503941547	0.212932772928597	61.2445188485027
208	0.00442643697877279		0.0309336304859076		0.655270755290985	0.00419531114809232	0.0170353644038951	0.246270701854377	0.237853458083367	57.8291144512551
206	0.00372242911758746		0.0282229707543836		0.661797821521759	0.00349130328690698	0.0154111427339025	0.226544088727864	0.264485554517697	54.3894222403175
204	0.00305853880613806		0.0256779403614158		0.668592393398285	0.00282741297545759	0.0138677784979324	0.203883626774045	0.297954145866266	50.3553772721789
202	0.00241198071469692		0.0232323444391811		0.687935590744019	0.00218085488401645	0.0125865778502845	0.173268295001023	0.343900252180195	45.3001612389368
200	0.00181585664023565		0.0208357516409876		0.715800225734711	0.00158473080955518	0.011380911932066	0.139244624597275	0.407385389600001	39.1394402559593
