Wavelength	I1	I1 dark	R1	R1dark	XCorrect	I1c	R1c	I1c/R1c	Abs	Percent T
nm	uA	uA	uA	uA		uA	uA	uA/uA	OD	T*100
	Abs Detector Raw	Dark Offset for Abs Detector	Ref Detector Raw	Dark Offset for Ref Detector	Linear interp	Dark subtracted Abs Detector	Corrected Ref Detector	Corrected Intensity 	-Log(T)	% Transmittance
800	0.141519519240424	2.32070788409849E-4	0.208089173439147	0.00494131957940707	1.35067892074585	0.141287448452014	0.274387524003109	0.514919360730168	9.32489998648829E-4	99.7855165880714
798	0.144936170380336		0.213321277910428		1.34199333190918	0.144704099591926	0.279644514583742	0.517457314717301	8.55075194080153E-4	99.8033053584197
796	0.15772391981044		0.232112561252089		1.33337259292603	0.15749184902203	0.302903907547329	0.519939971383241	9.54636678745836E-4	99.7804281937669
794	0.165365380389342		0.24285694158788		1.32502686977386	0.165133309600933	0.315244591900189	0.523825987324839	9.38627968566691E-4	99.7841063095704
792	0.158482405601477		0.232691208481833		1.31713449954987	0.158250334813067	0.299977235942034	0.527541145967644	0.00101947366398262	99.7655328185742
790	0.149521988843458		0.219935718992701		1.30966234207153	0.149289918055048	0.281570068667877	0.530205212369859	9.86632883438391E-4	99.7730772428912
788	0.148259411982353		0.218518150219374		1.30193436145782	0.148027341193943	0.278063014621431	0.532351781467502	9.05891290644423E-4	99.791628217874
786	0.152366539727782		0.224551981219434		1.29363858699799	0.152134468939372	0.284096826013697	0.535502177458462	9.7889555894006E-4	99.7748548007091
784	0.156716358512281		0.230917341454009		1.28498160839081	0.156484287723871	0.290375032046182	0.538904073883954	9.14437298768284E-4	99.7896645464248
782	0.163002754132304		0.240081473154146		1.27644824981689	0.162770683343894	0.300144237492151	0.542308207227034	8.20503144434867E-4	99.8112505253742
780	0.172798619915		0.254437986310892		1.268270611763	0.17256654912659	0.316429290148369	0.545355801435688	9.17841543316657E-4	99.7888823419432
778	0.187009128586244		0.275142188880139		1.26044166088104	0.186777057797835	0.340572432472916	0.548420952458293	9.10427553621576E-4	99.7905858866374
776	0.203845291276844		0.299589213890791		1.25292003154755	0.203613220488434	0.369170249036038	0.551542874920449	0.00100217018401549	99.7695078294504
774	0.230347747073045		0.337998752006357		1.24577045440674	0.230115676284635	0.414913108938063	0.554611727919607	7.18449402218554E-4	99.8347076701313
772	0.296198876341777		0.434157609349176		1.23883104324341	0.295966805553367	0.531726464032548	0.556614773898579	8.32887178692004E-4	99.8084044189325
770	0.394169462536305		0.576826724990036		1.23221707344055	0.393937391747895	0.704686960598449	0.559024664530967	7.73541364353993E-4	99.8220440482695
768	0.443182589476688		0.645546587081168		1.22665858268738	0.442950518688279	0.785803949495778	0.563690878586833	9.80237657889964E-4	99.7745464672475
766	0.397605825742788		0.57762683485012		1.22236526012421	0.397373754954379	0.70003087884325	0.567651752178432	0.00123484886609138	99.716069388457
764	0.339314157274539		0.49342133744489		1.2186872959137	0.339082086486129	0.595304392080359	0.569594464608547	0.00104915552554139	99.7587145750399
762	0.320451027161924		0.467469523278568		1.214359998703	0.320218956373514	0.561675748844216	0.570113552227316	9.21022184733252E-4	99.78815152103
760	0.331001155293596		0.482811643578592		1.20898902416229	0.330769084505186	0.577739976687894	0.572522411209002	8.6238238050989E-4	99.8016261401617
758	0.351133303955827		0.51201155343506		1.2031888961792	0.350901233167417	0.610101274958111	0.575152433817664	8.26059191033743E-4	99.8099736212576
756	0.376030885338275		0.547713457589277		1.19780671596527	0.375798814549865	0.650136112147051	0.578030980787705	9.52820147402265E-4	99.7808455480321
754	0.400913893051347		0.583252251392584		1.1931779384613	0.400681822262938	0.690027845410482	0.580674859613211	9.49216656384124E-4	99.7816734675369
752	0.423540049577149		0.61538561460647		1.18890511989594	0.423307978788739	0.72576034776894	0.583261375590482	8.14234675440775E-4	99.8126911797472
750	0.455579282847564		0.661443465069405		1.1848680973053	0.455347212059154	0.777868448003579	0.585378174455867	0.00107350281772274	99.7531220874744
748	0.503305684939573		0.729808833448574		1.18107759952545	0.503073614151163	0.856124783254578	0.58761716047831	9.87538973974494E-4	99.7728690814926
746	0.558483054409037		0.808071165289173		1.17750906944275	0.558250983620627	0.945692677263406	0.590309089879033	9.61018786765138E-4	99.778961896546
744	0.606641710527639		0.875956681375338		1.174187541008	0.60640963973923	1.02273538584735	0.592929166361843	0.00101720650723444	99.7660536280727
742	0.659679002796182		0.950094226855466		1.17108881473541	0.659446932007772	1.10685799792565	0.595782777233967	8.99270228334839E-4	99.7931496086642
740	0.74683088538251		1.07324794035263		1.16803753376007	0.7465988145941	1.24782223062751	0.598321456589734	9.4878413876325E-4	99.7817728410158
738	0.859306425094213		1.23148987697618		1.16498303413391	0.859074354305803	1.42890825990867	0.601210293487081	8.65017781789282E-4	99.8010205222085
736	0.943216950271618		1.34754370952027		1.16204738616943	0.942984879483209	1.56016759789561	0.604412552058592	0.00104660426963798	99.759300607715
734	0.977262483888021		1.39261715599544		1.15931880474091	0.977030413099611	1.60875869204167	0.607319430771601	0.00113081720212661	99.7399584121786
732	0.985377171965948		1.40264501240068		1.15665113925934	0.985145101177538	1.61665556864871	0.609372287011622	0.0010020755899318	99.7695295603418
730	0.978629895686756		1.39421768546902		1.15388596057892	0.978397824898346	1.60306649396413	0.610328909363532	9.73915213341842E-4	99.7759989923321
728	0.980158753102522		1.39940143483796		1.15089321136475	0.979926682314112	1.60487468016996	0.610593895225721	0.00102074725500826	99.7652402514193
726	0.99315484985235		1.42165281109182		1.1476241350174	0.99292277906394	1.62585230001613	0.610709090274736	8.27440823302595E-4	99.8096560937119
724	1.00987166649698		1.4495897891296		1.14410185813904	1.00963959570857	1.65282499837009	0.610856924782846	7.77783235970966E-4	99.8210690641397
722	1.01214567008897		1.45615282316099		1.14027833938599	1.01191359930056	1.65478504340185	0.611507581202389	8.92901756365563E-4	99.7946129810123
720	0.988826627213395		1.42428521617163		1.13600122928619	0.988594556424985	1.61237641130862	0.613128888199643	8.91996474510394E-4	99.7948210019526
718	0.925535097620104		1.33367396165088		1.13137769699097	0.925303026831694	1.50329847650355	0.615515176323343	0.00111413427238076	99.7437898831004
716	0.81372234019335		1.17214382466205		1.12621939182281	0.81349026940494	1.31452609540824	0.618846801327519	0.00108392236691114	99.7507288493898
714	0.683597101150317		0.985342793914327		1.12039887905121	0.683365030361907	1.098440712865	0.622122816787742	0.00120008376141293	99.7240519405965
712	0.56001341481552		0.809176771363857		1.11375534534454	0.55978134402711	0.895721533340515	0.624950191762672	0.00110995453192918	99.744749842706
710	0.461901257004431		0.67110712317288		1.10628998279572	0.461669186216021	0.736972555396518	0.626440133808819	0.0012658974314818	99.7089407456547
708	0.39087380672672		0.572515128327577		1.09837675094604	0.39064173593831	0.623409875974887	0.626621025737562	0.00105838867320697	99.7565937165214
706	0.337926678642387		0.500242861465484		1.09038031101227	0.337694607853978	0.540067049286596	0.625282746466493	0.00131952916653959	99.6966282859305
704	0.300090874045037		0.449615482822566		1.0826700925827	0.299858803256627	0.481435417487607	0.622843256571056	0.0013070170828493	99.6995006008642
702	0.279069910078739		0.423078729083387		1.07555782794952	0.27883783929033	0.449730963950541	0.620010320928213	0.00131966643982173	99.6965967734849
700	0.269178598472755		0.412284292481011		1.0694442987442	0.268946527684345	0.435630620003134	0.617372873565247	0.00134424376193535	99.6909549655787
698	0.275838602108253		0.424780950756272		1.0649927854538	0.275606531319843	0.447126178250944	0.616395426449761	0.0011480284891373	99.7360057507777
696	0.295054442180396		0.455217380993541		1.06259047985077	0.294822371391986	0.478459056163359	0.616191432880571	0.00128680091301233	99.7041416659311
694	0.323182136770151		0.498025611413308		1.06203079223633	0.322950065981741	0.523670701095647	0.616704477271788	0.00120540695303407	99.7228296202436
692	0.348089965955293		0.535207404477628		1.06277585029602	0.347857895166883	0.563553989260848	0.617257444354408	0.00122575857331476	99.7181565845638
690	0.365191754217035		0.560508423663639		1.06392598152161	0.364959683428625	0.591082276513933	0.617443117362736	0.00111253293251783	99.7441576612048
688	0.375441299464166		0.57598071058912		1.06461536884308	0.375209228675756	0.607937311883732	0.617184076945609	0.00122327752986785	99.7187262574377
686	0.382573959347775		0.58686646951779		1.0645604133606	0.382341888559365	0.619494478163332	0.617183690955449	0.00116604911540346	99.7318673882803
684	0.379217808543314		0.581773786127495		1.06376242637634	0.378985737754904	0.613612704227845	0.617630200847635	0.00120699314498311	99.7224653990361
682	0.37517170260245		0.575866403948951		1.06245732307434	0.37493963181404	0.606583536815258	0.618117058999958	0.00117382329834437	99.7300821322503
680	0.376164071678075		0.578104859140202		1.06094348430634	0.375932000889665	0.608094122738982	0.618213508126652	0.00122393303597429	99.7185757462354
678	0.384403323354137		0.591094097064374		1.05921316146851	0.384171252565727	0.620860736543398	0.618772020766808	0.00116021167563529	99.733207913444
676	0.391994862325267		0.6032076437689		1.05730748176575	0.391762791536858	0.632551460654043	0.619337422969167	0.0012318258567083	99.7167634881407
674	0.39860220787992		0.613694365528755		1.05524814128876	0.398370137091511	0.642385520241919	0.620141837788446	0.00127365986853608	99.7071585966945
672	0.404714970306667		0.62368199976619		1.05312037467957	0.404482899518257	0.651608416947794	0.620745357177704	0.00127032237377735	99.7079248357598
670	0.410715078620094		0.633304889437212		1.0509113073349	0.410483007831684	0.66035438068089	0.621610183623581	0.00126248380306113	99.7097244779511
668	0.414645822012591		0.639665353889336		1.0485315322876	0.414413751224181	0.665528164274755	0.622684017701609	0.00121529335913017	99.7205595265395
666	0.417304730083021		0.644367105579533		1.04595601558685	0.417072659294611	0.668811247388183	0.62360293868165	0.0013119508108533	99.698367988214
664	0.420774571072574		0.650140695644353		1.04322910308838	0.420542500284164	0.673090766405416	0.624793150157201	0.0013057908523527	99.6997821028077
662	0.425765081611715		0.658330682794245		1.04042720794678	0.425533010823305	0.679804070871737	0.625964199181139	0.00126039015082304	99.7102051609892
660	0.432419943035319		0.668972653576917		1.03775990009308	0.432187872246909	0.68910509082793	0.627172659147901	0.00133974592791646	99.6919874348116
658	0.442523046632644		0.685049202279768		1.03528940677643	0.442290975844234	0.70410848642483	0.628157427969664	0.00140945188590596	99.6759877660925
656	0.454907331556303		0.704501812980848		1.03309750556946	0.454675260767894	0.722714200727968	0.62912180265714	0.00132592300428975	99.6951605275321
654	0.470910891367845		0.729830900709228		1.03115320205688	0.470678820579435	0.747472212719689	0.629694070990095	0.00149950930384199	99.6553206109363
652	0.488678420593724		0.757551341272291		1.02945709228516	0.488446349805314	0.774779724556624	0.630432540145307	0.00156288006822096	99.6407803084954
650	0.497766979517369		0.771749157682844		1.02793705463409	0.497534908728959	0.788230190570385	0.631205090443097	0.00154085100146662	99.6458345957647
648	0.499951134782079		0.775532194471927		1.02666783332825	0.499719063993669	0.791140863908422	0.631643600767807	0.00163637860844314	99.6239188641502
646	0.500071598343609		0.776125093029128		1.02560043334961	0.4998395275552	0.790926412242221	0.631967171431523	0.00158780784360278	99.6350612588375
644	0.505989226798968		0.785897059542816		1.02465677261353	0.505757156010558	0.800211588064914	0.632029282697079	0.00167389279168789	99.6153137616344
642	0.515367144241964		0.800872180027412		1.02378344535828	0.515135073453554	0.814860838576436	0.632175518894118	0.00166605817419931	99.6171108254966
640	0.527599283780489		0.820361813128246		1.02288675308228	0.527367212992079	0.834082821042918	0.632271999479226	0.0018076491533375	99.5846384229592
638	0.542222156646864		0.843340897814258		1.02184903621674	0.541990085858454	0.8567178009838	0.63263549004826	0.00172728300035505	99.6030682560892
636	0.55636824881446		0.865625240681757		1.02063095569611	0.55613617802605	0.878440652946964	0.633094764182808	0.00174891369748237	99.5981074973428
634	0.570189051066364		0.887582973748315		1.01923584938049	0.569956980277954	0.899620016085451	0.633553022483902	0.00191054727757969	99.5610464615326
632	0.583657036547216		0.908684020416929		1.0177036523819	0.583424965758806	0.919742247455827	0.63433529053674	0.00184032015551541	99.5771471752009
630	0.596355213071184		0.928818262585012		1.01619136333466	0.596123142282774	0.93883577026632	0.634959980395369	0.00196788083293383	99.5479037387063
628	0.612209593806173		0.953693395237081		1.01451146602631	0.611977523017763	0.962519859170968	0.635807684575846	0.00187768025962867	99.5685814375964
626	0.628665036550478		0.979783585257341		1.01275491714478	0.628432965762069	0.987276298005881	0.636532009358868	0.00194658038337127	99.5527862946468
624	0.643783801748856		1.00351081141986		1.01092803478241	0.643551730960446	1.00948189397993	0.637506957577228	0.00195441459682372	99.5509904837956
622	0.656166103029945		1.02319011279386		1.0092089176178	0.655934032241535	1.02762576246559	0.638300494401533	0.00209473916673906	99.5188298326246
620	0.667796446611402		1.04120348857637		1.00772297382355	0.667564375822992	1.04426519460246	0.639267093525152	0.00198567040571423	99.5438261404801
618	0.672860762387065		1.04960971412872		1.0068142414093	0.672628691598655	1.05178701718244	0.639510357715304	0.0020323088202096	99.5331368106675
616	0.68060927462417		1.0618746524342		1.00664889812469	0.68037720383576	1.06396077490954	0.639475833959767	0.00210717016233152	99.5159813036162
614	0.687363748474133		1.07278549528611		1.00700271129608	0.687131677685723	1.07532198017838	0.639000867044246	0.00206333804094914	99.5260256787653
612	0.69520867947306		1.0852764315155		1.00780045986176	0.69497660868465	1.088762222614	0.638318077399939	0.00209260530830696	99.5193188087105
610	0.703306498959746		1.09817353992344		1.00835275650024	0.703074428171336	1.10236372287879	0.637788067204607	0.00208146670757233	99.5218712707361
608	0.713313400470053		1.11426426098951		1.0085117816925	0.713081329681643	1.11876525611388	0.637382440851434	0.00222040254503247	99.4900381629969
606	0.727576970054172		1.13654536899375		1.00798010826111	0.727344899265762	1.14063437223737	0.637667000897985	0.0022018275325455	99.4942934973366
604	0.741929353419674		1.15893239435595		1.00688087940216	0.741697282631264	1.16193154819325	0.638331305991793	0.00216570583971178	99.5025691073676
602	0.75933212434623		1.1862649275109		1.00539457798004	0.75910005355782	1.18769635025414	0.639136470694206	0.00228309362915487	99.4756776577106
600	0.773622277792547		1.20864279149619		1.00393652915955	0.773390207004137	1.20843987786037	0.639990636831252	0.00236191038222186	99.4576262229134
598	0.792378637580882		1.23769827691475		1.00287997722626	0.792146566792472	1.23630726929798	0.640735993764948	0.00235531486418763	99.4591366716431
596	0.811255242730064		1.26719475659425		1.00218975543976	0.811023171941654	1.2650174633449	0.641116186488985	0.00241061112672551	99.4464739078891
594	0.830151202127215		1.29649716736584		1.00178515911102	0.829919131338806	1.2938614804755	0.641428115654084	0.00251516698963217	99.4225351732103
592	0.852979041696644		1.33201048509503		1.00154709815979	0.852746970908235	1.32912227177951	0.641586548517111	0.00247224778944989	99.4323611017555
590	0.870022156862918		1.35828887701883		1.00122630596161	0.869790086074509	1.35500717561724	0.641908103311921	0.00248610035099417	99.4291895879737
588	0.884329964728111		1.38061233579194		1.00070452690125	0.884097893939701	1.37664021345072	0.642214200414501	0.00253704916287543	99.4175258387113
586	0.897925364148884		1.40180315907152		0.999973237514496	0.897693293360474	1.39682445599738	0.642667222431674	0.00268373444256591	99.3839527087022
584	0.909943706691193		1.42034814953697		0.999053955078125	0.909711635902783	1.4140677915137	0.643329578229752	0.00270968871155762	99.3780135110494
582	0.925416735193819		1.44414789309422		0.998229086399078	0.925184664405409	1.43665786301924	0.643983991053423	0.00269348991156647	99.3817202921714
580	0.935772820357516		1.46036822078819		0.997582137584686	0.935540749569106	1.45190787920612	0.644352691357146	0.0028116385893569	99.3546874324011
578	0.955157747648222		1.49047271743304		0.997147619724274	0.954925676859812	1.48129409739542	0.644656370763153	0.00288416341103334	99.3380971240558
576	0.967349349162007		1.50915946510007		0.996688485145569	0.967117278373597	1.49923690478746	0.645073020338102	0.00291327171585051	99.331439275911
574	0.986999619164054		1.53966515955825		0.996220171451569	0.986767548375644	1.52892284699453	0.645400485914233	0.00301984202498602	99.3070676020122
572	1.00467385310222		1.56677181685961		0.9957315325737	1.00444178231381	1.55516387467716	0.645875202394556	0.00306699957589175	99.2962850016206
570	1.02345698290998		1.59577558719049		0.995352268218994	1.02322491212157	1.58344049662719	0.646203576516509	0.00316070048755262	99.2748637098855
568	1.04431321299022		1.62779195669147		0.995181918144226	1.04408114220181	1.61503160990276	0.646477218030842	0.00314524090937459	99.2783976595374
566	1.06169015536463		1.65444034678274		0.995282471179962	1.06145808457622	1.64171746800387	0.646553444952268	0.00323801562511772	99.2571919067771
564	1.08426606469825		1.68920613338698		0.995623111724854	1.08403399390984	1.67689297489178	0.646453894280162	0.00330355829884688	99.242213381521
562	1.10950189681177		1.72792255016343		0.996170461177826	1.10926982602336	1.71638300707163	0.646283388645239	0.00337734284645923	99.2253540380884
560	1.13519819797862		1.76733964290144		0.99668163061142	1.13496612719021	1.75655003467543	0.646133673840907	0.00346647617006182	99.2049914075829
558	1.16553589164402		1.81391493568408		0.997178435325623	1.16530382085561	1.80386948005259	0.64600229325995	0.00358885431407922	99.1770407591704
556	1.19293190288709		1.85563477804668		0.997675478458405	1.19269983209868	1.84639148165617	0.645962594578726	0.00358518907786552	99.1778777691497
554	1.22057538879958		1.89773993229738		0.99818366765976	1.22034331801117	1.88936066138413	0.645902787621903	0.00376219940779698	99.1374629528574
552	1.24866923634357		1.94026574542091		0.998678505420685	1.24843716555516	1.93276690510354	0.645932606905997	0.00374704284002738	99.1409228400036
550	1.27556819558667		1.98104408082926		0.999059557914734	1.27533612479827	1.97424435104836	0.645986969202186	0.00390974653654546	99.1037877298518
548	1.30461320737247		2.02480019942883		0.999196529388428	1.30438113658406	2.01823598259994	0.646297632105304	0.00396767375860573	99.0905699144895
546	1.33004110186315		2.06284126678171		0.99907249212265	1.32980903107474	2.05599122879047	0.646797035149348	0.00400535488899873	99.0819727923425
544	1.35450074074247		2.09965163040415		0.998806416988373	1.35426866995406	2.09221010018346	0.647290953157765	0.00422311186171728	99.0323051517078
542	1.37879547483728		2.13531551881145		0.998482644557953	1.37856340404888	2.12714166434724	0.648082554704656	0.00423980077110512	99.0284996476525
540	1.39567963462089		2.15992462515843		0.99831360578537	1.39544756383248	2.15134915419987	0.648638349153268	0.00435691059331024	99.0017996848716
538	1.41748287092293		2.19198135110456		0.998360693454742	1.41725080013452	2.18345480248673	0.649086392134346	0.00448628249714415	98.9723124490507
536	1.43300068549716		2.2144904452529		0.998661279678345	1.43276861470875	2.20659115735725	0.649313131674432	0.00463835702332934	98.9376619221313
534	1.45375860777749		2.24415183429453		0.999168038368225	1.45352653698908	2.23734757748141	0.649665055004695	0.00473073870182346	98.9166184698051
532	1.47404859945667		2.27335094306458		0.999805629253387	1.47381652866826	2.26796871101303	0.649839886022923	0.00480045441443683	98.9007410194469
530	1.49044221053619		2.29646781308939		1.0004802942276	1.49021013974778	2.29262710045721	0.650001101116963	0.00495068857758584	98.8665345051134
528	1.51106855933072		2.32601280808852		1.00102841854095	1.51083648854231	2.32345852146278	0.650253264513253	0.00516119453767446	98.8186247282696
526	1.53192600248468		2.35527196324505		1.0014044046402	1.53169393169627	2.3536314589276	0.650779001906342	0.00516975717611133	98.8166764193495
524	1.55215974568997		2.38378186303347		1.00163662433624	1.55192767490156	2.38273381177952	0.651322303494117	0.00532265405363044	98.7818933340648
522	1.57616644572832		2.41745588633642		1.00181710720062	1.57593437493991	2.41689836434787	0.652048260773732	0.00535433500833249	98.7746876460453
520	1.60188134583308		2.45446316157917		1.0020604133606	1.60164927504467	2.45456886953009	0.652517554071034	0.0056397567124396	98.7097934815347
518	1.63726606401445		2.50518125219682		1.00242054462433	1.63703399322604	2.50629187494584	0.653169732380596	0.00563786371475059	98.7102237375614
516	1.67292436617909		2.5564700093161		1.00289297103882	1.67269229539068	2.55891018834082	0.653673701801644	0.00580929252141273	98.6712675977905
514	1.70993742450288		2.60956103693599		1.00349617004395	1.70970535371447	2.61372591078827	0.654125723993315	0.0058830742752232	98.6545058817074
512	1.75974181578336		2.68134710842649		1.00418245792389	1.75950974499495	2.68759974344619	0.654677002885411	0.0060565186899806	98.6151140465024
510	1.80636707347059		2.7485734875524		1.00497353076935	1.80613500268218	2.75727770698018	0.655042833774002	0.0062425587139919	98.572879042448
508	1.86746970994519		2.8369399300704		1.00580215454102	1.86723763915678	2.848430304089	0.655532149224892	0.00629307082133578	98.5614148528046
506	1.9467934309417		2.95297822306376		1.00663805007935	1.94656136015329	2.96760612008544	0.655936563474011	0.00649092911427305	98.516521922896
504	2.0253131175176		3.06658248286373		1.00742840766907	2.02508104672919	3.0843842819816	0.656559255135406	0.00658784220231111	98.494540351475
502	2.11330788187546		3.19329796087302		1.00814700126648	2.11307581108705	3.21433218688822	0.657391858783802	0.00675223498080471	98.4572644299748
500	2.20580325046339		3.32697778211621		1.00866842269897	2.20557117967498	3.35083327881548	0.658215732074456	0.00688479830450707	98.4272160848917
498	2.32030902393163		3.49305256172604		1.00904226303101	2.32007695314322	3.51965166147954	0.659178002907237	0.00702239306059736	98.3960369559861
496	2.49674997781645		3.75117018764778		1.00876116752625	2.49651790702804	3.77905020677318	0.660620465574535	0.00700242387073669	98.4005613844549
494	2.70839664445122		4.05972138270393		1.00816118717194	2.70816457366281	4.08787188216072	0.662487634576101	0.00718655061989932	98.3588515860987
492	2.86619818190661		4.28483374752709		1.00794267654419	2.8659661111182	4.31388622914679	0.664358297572683	0.00726908045703332	98.3401620353605
490	2.92628493703761		4.36267523891527		1.00791668891907	2.9260528662492	4.39223274316731	0.66618802721715	0.00742396627066213	98.3050964729292
488	2.96356159704491		4.40636635202194		1.00887954235077	2.9633295262565	4.44050767242184	0.667340255858698	0.00737449193555594	98.3162959159925
486	3.06108085935056		4.54165119034855		1.00954282283783	3.06084878856215	4.58000288933253	0.668307174148579	0.00750678373425123	98.2863520428725
484	3.26582004310277		4.83275566916582		1.01009511947632	3.26558797231436	4.87655171225498	0.669651049553684	0.00758137743771588	98.269471990941
482	3.43786030120439		5.07169078783999		1.01073944568634	3.43762823041599	5.12116354898126	0.671259216296621	0.00770205643544968	98.2421692864997
480	3.50517933169712		5.15311145401856		1.01162850856781	3.50494726090871	5.20803567495602	0.672988335652733	0.00771447850728261	98.2393593179603
478	3.49083936593411		5.11622703033782		1.0127238035202	3.4906072951457	5.17632070587772	0.67434138908397	0.00781277420440441	98.2171269065554
476	3.59500925077177		5.25528067968453		1.01399922370911	3.59477717998336	5.32384003535596	0.675222613021845	0.00792674489884127	98.1913554404987
474	3.88701567050341		5.66742798028376		1.01552999019623	3.886783599715	5.75042502303137	0.675912403717606	0.00806494570211093	98.1601140458829
472	4.34280925999074		6.31544025796787		1.01726651191711	4.34257718920233	6.41945924351109	0.676470871528921	0.00814497184157363	98.1420280429405
470	4.86092874034231		7.05121209340678		1.01911818981171	4.8606966695539	7.18098271594608	0.676884607835115	0.00820602419603751	98.1282323789503
468	5.28199404627701		7.64278142698048		1.02110064029694	5.2817619754886	7.79900342415286	0.677235498978167	0.00843679873702535	98.0761030447444
466	5.38696787398255		7.76081102855964		1.02326714992523	5.38673580319414	7.93632669229964	0.678744211528075	0.0084707538389689	98.0684353122844
464	5.22266666614297		7.48854030210852		1.02553856372833	5.22243459535456	7.67471935206172	0.680472386778758	0.00854713546313831	98.0511890243117
462	5.03364287539437		7.19495794244177		1.027627825737	5.03341080460596	7.38866114916494	0.681234489305932	0.00867670618541129	98.0219400494541
460	4.87055155524527		6.95163169829687		1.02919805049896	4.87031948445686	7.14952019519591	0.681209277194496	0.00877440568355786	97.9998913759465
458	4.72557428531676		6.73998678947459		1.03004312515259	4.72534221452834	6.93738728385562	0.681141476060441	0.00898788544875606	97.9517308452435
456	4.53011182271888		6.46596215678048		1.03006207942963	4.52987975193047	6.65525255880548	0.68064731006144	0.00906459727575777	97.9344306193399
454	4.34775186251005		6.21965728715919		1.02918720245361	4.34751979172164	6.39610614071724	0.67971351570381	0.00919450441228665	97.9051406343286
452	4.20350264433644		6.03594312773703		1.02735614776611	4.20327057354803	6.19598678479928	0.678385981045019	0.00944354298916226	97.8490147370783
450	4.05117849943729		5.84025848496426		1.02460694313049	4.05094642864888	5.97890648302187	0.677539687257567	0.00953961820379061	97.8273708393906
448	3.76927745075902		5.45538589128729		1.02102768421173	3.76904537997061	5.5650547989753	0.677270128708277	0.00973110666627099	97.7842464516856
446	3.4340632431141		4.99179766071782		1.01675081253052	3.43383117232569	5.07039023682545	0.677232128483191	0.00997337966779691	97.7297123114016
444	3.16976585647487		4.62691408063286		1.0121191740036	3.16953378568646	4.67798725318456	0.677542202264186	0.0101528660879071	97.6893306517155
442	3.05443431396696		4.47085661055331		1.00782012939453	3.05420224317855	4.50083932641433	0.67858504196188	0.0103187299665798	97.6520286867109
440	3.00087518332159		4.39686029737242		1.0045450925827	3.00064311253318	4.41188065616281	0.680127897009563	0.0105365128744081	97.6030720173535
438	2.97185325960944		4.35364837127555		1.00285410881042	2.97162118882103	4.36111873480635	0.68138965470129	0.0108361430503131	97.535756541744
436	2.93203411914355		4.28973093989033		1.00277864933014	2.93180204835514	4.29669554811919	0.682338791641518	0.0110770191131626	97.4816745400848
434	2.90418674376654		4.24041431411083		1.00421047210693	2.90395467297813	4.25330633543457	0.682752297614939	0.011354647630404	97.4193779986398
432	2.89147641666889		4.20929750515313		1.00665414333344	2.89124434588048	4.23233257425735	0.68313259772309	0.0115814848107787	97.3685079834036
430	2.89526106020845		4.20214940947857		1.00962591171265	2.89502898942004	4.23761004441214	0.683174940374122	0.011998776532769	97.2749964143418
428	2.90500255186875		4.20345470732492		1.01240730285645	2.90477048108034	4.25060561489411	0.683378027569067	0.0121268002950711	97.2463253716272
426	2.9077580450218		4.19967201691035		1.01423370838165	2.90752597423339	4.25443727081631	0.683410234810093	0.0124850148154468	97.166147785012
424	2.89333682925911		4.17923373574201		1.01462960243225	2.8931047584707	4.23536065464702	0.683083447757015	0.0128017808608605	97.0953025046542
422	2.8726356452598		4.15821797654864		1.01337480545044	2.87240357447139	4.20882592423805	0.682471460254416	0.0130169721974299	97.0472040526164
420	3.31432027484257		4.81623683378261		1.01114857196808	3.31408820405416	4.86493458850299	0.681219478651603	0.0133418414752189	96.9746360892074
418	3.16853027298371		4.63043833598987		1.0079870223999	3.1682982021953	4.66244096469121	0.679536368650864	0.0137051311090712	96.8935502117156
416	2.9722948733772		4.37376446006236		1.00422537326813	2.97206280258879	4.38728304899393	0.677426728432835	0.0140788032107696	96.8102177119745
414	2.8030976938775		4.15501803759659		1	2.80286562308909	4.15007671801718	0.675376821570721	0.0144673396894471	96.7236463138202
412	2.66499837802307		3.97976717159764		0.995681941509247	2.66476630723466	3.95766232149866	0.673318259811915	0.0148284756986636	96.6432495462219
410	2.54745244343416		3.83001213069212		0.991583049297333	2.54722037264575	3.79287537866137	0.671580296831359	0.0152550579527723	96.5483690987783
408	2.44511209960481		3.69784905748975		0.988153755664825	2.4448800288164	3.6491606505398	0.669984213617657	0.0157202983202807	96.4449965031156
406	2.37469568142915		3.60821924827758		0.985654711723328	2.37446361064074	3.55158786807003	0.668563949096676	0.0161687694883029	96.3454546545154
404	2.30941996147514		3.52266093563117		0.98426741361618	2.30918789068673	3.46237678831818	0.666937202928859	0.0165937655201967	96.2512181185206
402	2.29128504943823		3.5042143414666		0.984128773212433	2.29105297864982	3.44373526616521	0.665281388252888	0.0170869940907037	96.1419675872389
400	2.29876891171301		3.52048478817893		0.985299050807953	2.2985368409246	3.46386164268521	0.663576400569729	0.0175755252589687	96.0338797744342
398	2.34878546424753		3.59790090115084		0.987817049026489	2.34855339345912	3.54918673113934	0.66171592856857	0.0181326209106319	95.9107703179255
396	2.38608364525084		3.65144534673767		0.991658091545105	2.38585157446243	3.6160852243833	0.659788535506465	0.0185540882944445	95.8177374685523
394	2.41054355726247		3.68305241448247		0.996615350246429	2.41031148647406	3.66566197709209	0.657537847607576	0.0190640050563682	95.7053013213945
392	2.41084553480033		3.67563783931678		1.0025714635849	2.41061346401192	3.6801355821691	0.655033873124611	0.0196754161106502	95.5706597100565
390	2.40890088148779		3.66283700928981		1.0093150138855	2.40866881069938	3.69196903885176	0.652407640842108	0.0201774885977023	95.4602376910388
388	2.41685215098727		3.6651365332064		1.01699423789978	2.41662008019886	3.72239744184701	0.649210654679518	0.0207248198775845	95.3400071415668
386	2.43399020023519		3.68022276361487		1.02549052238464	2.43375812944678	3.76896628795451	0.645736242646954	0.0212827706442646	95.2175997053186
384	2.46126341789965		3.71075257306319		1.03449034690857	2.46103134711124	3.83362596919412	0.641959170479165	0.0218751312465121	95.087815172716
382	2.49595852274149		3.75375673548901		1.04369103908539	2.49572645195308	3.91260505677001	0.637868227368029	0.0224072402222488	94.9713824334916
380	2.51662188935814		3.77709865434105		1.0526317358017	2.51638981856973	3.97069252300725	0.633740790552049	0.0230208733825743	94.8372880806724
378	2.52807301235926		3.7881761201171		1.06117713451386	2.52784094157085	4.01468226482769	0.629649066805874	0.0236636109009178	94.6970367024106
376	2.53118285121402		3.78826181347613		1.06922745704651	2.53095078042561	4.04523015088114	0.625662987277575	0.0242940730434513	94.5596654371319
374	2.52067882293568		3.76912532673619		1.07646524906158	2.52044675214727	4.05201327477766	0.622023320564162	0.0249668118296821	94.4133022840045
372	2.5188183493103		3.76409612753754		1.08239138126373	2.51858627852189	4.06887676497001	0.618988095241674	0.0256120988703511	94.2731244914907
370	2.52371925261103		3.77006451130275		1.08660447597504	2.52348718182262	4.091199712724	0.616808603592326	0.0262536145060143	94.1339722785254
368	2.53007613735125		3.77949153763227		1.08728444576263	2.52984406656284	4.10400974183884	0.616432276164462	0.0270022375172571	93.9718469053186
366	2.53455355432555		3.78739557812803		1.08414971828461	2.53432148353714	4.1007467188299	0.618014634237219	0.0277880562135719	93.8019666290956
364	2.55634627884784		3.82196993101722		1.07767069339752	2.55611420805943	4.11349987040637	0.621396447936904	0.0285452670669012	93.6385614142621
362	2.57896316108169		3.8582297209114		1.06871128082275	2.57873109029328	4.11805278276698	0.626201563293367	0.0293294268193713	93.4696406845556
360	2.60444298275722		3.89983691068655		1.05907070636749	2.60421091196881	4.12496982490148	0.631328475725519	0.0301968197273443	93.2831451212286
358	2.635343470915		3.95015555062221		1.04836678504944	2.63511140012659	4.13603155972963	0.637111047648496	0.0310761204677833	93.0944690903056
356	2.65958253331815		3.99151640250772		1.03684234619141	2.65935046252974	4.13344986225159	0.643373102651141	0.0319923600415973	92.8982728979239
354	2.6963132826831		4.05225005705019		1.02479386329651	2.69608121189469	4.1476571570264	0.650025088820889	0.03297665833581	92.6879638269421
352	2.71927563610697		4.09441343578797		1.01273274421692	2.71904356531856	4.14154231864647	0.656529224167675	0.034107685527029	92.4468918743628
350	2.74591446656693		4.14246277641629		1.00126516819	2.74568239577852	4.14275611736952	0.66276708500087	0.0351779793539529	92.2193423213486
348	2.7675088634533		4.18475120398168		0.990810453891754	2.76727679266489	4.14139932874586	0.668198493551913	0.0364111298568385	91.9578629908231
346	2.78059356799086		4.21561469262789		0.981342911720276	2.78036149720245	4.13211446821044	0.672866523566223	0.0377470942684695	91.6754194566477
344	2.78513056748445		4.23569250016485		0.972720801830292	2.78489849669604	4.11533968072353	0.676711696422206	0.0391364201722557	91.3826146176071
342	2.79196619978135		4.2592781201878		0.964752793312073	2.79173412899294	4.10438331207729	0.680183578560552	0.0404951301169339	91.0971667225596
340	2.7980679697765		4.28275238767212		0.957048177719116	2.79783589898809	4.0940712873448	0.683387196416559	0.0418627737434612	90.8107424213956
338	2.78711547958589		4.28202216306567		0.950148642063141	2.78688340879748	4.06386255543274	0.685772063100869	0.0433201272229268	90.5065213130919
336	2.78162323107268		4.29069558832398		0.944044172763824	2.78139116028427	4.045941343306	0.687452171022222	0.0447212775153514	90.2149935659866
334	2.75946451534091		4.27581547363734		0.938558220863342	2.7592324445525	4.00846404756385	0.688351551070898	0.0460248123934467	89.9446192320003
332	2.72859871956581		4.25033502940322		0.933434963226318	2.7283666487774	3.96279892141063	0.688494849949688	0.0474318549880143	89.6536850231999
330	2.67632818754811		4.19461245882509		0.928119659423828	2.6760961167597	3.88851615085455	0.688204963780745	0.04873208154277	89.3856738412025
328	2.60959434992414		4.12044071839881		0.923022568225861	2.60936227913573	3.79869882463027	0.686909491802024	0.049976505591653	89.1299154219263
326	2.53555025842313		4.03663886326492		0.918195605278015	2.53531818763472	3.7018869664222	0.684871853363219	0.0511308617568377	88.8933223846184
324	2.45667668696095		3.94771624399133		0.913534343242645	2.45644461617254	3.60186030112622	0.681993306460127	0.0523503684055175	88.644058482916
322	2.37357158475396		3.85267491136328		0.908978700637817	2.37333951396555	3.49750788066019	0.678580176213229	0.0535183462669149	88.4059822329351
320	2.30327239069892		3.77580423295951		0.904343068599701	2.30304031991051	3.41015373835497	0.675347945169616	0.0547305565764546	88.1595659787453
318	2.23223281578747		3.69446277820641		0.899914681911469	2.23200074499906	3.32025452984585	0.672237843495295	0.0559247873766374	87.9174762179286
316	2.16620563099271		3.62003643573036		0.895963847637177	2.1659735602043	3.23899452984097	0.668717881505851	0.0572152638367712	87.656623173502
314	2.11015035777919		3.55987684124418		0.892610192298889	2.10991828699078	3.17317167960335	0.664924088587141	0.0585373921607701	87.3901747606433
312	2.06301117339724		3.51303333557199		0.88999992609024	2.06277910260883	3.12220163495116	0.660680937296703	0.0598438210148924	87.1276858203103
310	2.01565961108645		3.46671069171411		0.888025283813477	2.01542754029804	3.07413872918672	0.6556072181008	0.0613040312473176	86.835231962515
308	1.96490898873064		3.41407741555724		0.887133359909058	1.96467691794223	3.02435835921206	0.649617765023749	0.0627030663621711	86.5559512506362
306	1.90954420623703		3.35545905641647		0.887335538864136	1.90931213544862	2.97303346149016	0.642210106337526	0.0642360894806762	86.2509546208164
304	1.85218575920059		3.29276027737012		0.888603985309601	1.85195368841218	2.92156902886929	0.633890101555783	0.0658048004116395	85.9399703649671
302	1.78813744402683		3.22067080011912		0.891015827655792	1.78790537323842	2.86526586462022	0.623992836167544	0.0673699046675177	85.6308185193435
300	1.71930786666514		3.13893673062149		0.894482612609863	1.71907579587673	2.80330440317625	0.613231939395863	0.0690950616118195	85.2913401544043
298	1.6445816828817		3.0476520263964		0.900495111942291	1.64434961209329	2.73994611854318	0.600139397254858	0.0710261252542176	84.9129393594005
296	1.56237828965548		2.94371984907732		0.909423410892487	1.56214621886707	2.6725939941536	0.584505623482028	0.0734284657585211	84.4445322149427
294	1.47635507222578		2.83411400234731		0.92107892036438	1.47612300143737	2.60589132016826	0.566456087409683	0.0761873165617331	83.9097995154063
292	1.38455010433089		2.71383957655838		0.934718489646912	1.38431803354248	2.53205728737053	0.546716711524349	0.0798814541151626	83.1990841984014
290	1.29122219943037		2.59195526308056		0.948803901672363	1.29099012864196	2.4545689232747	0.525953912477481	0.0842360389196817	82.3690317896348
288	1.18440977309936		2.44257007080638		0.962523102760315	1.18417770231095	2.34627398900874	0.504705634490391	0.0896657161097941	81.3456406562127
286	1.0732784747153		2.28407405093188		0.97529125213623	1.07304640392689	2.22281821534542	0.482741412014269	0.0961612622874641	80.138043943791
284	0.96899552530289		2.13213883425383		0.986907541751862	0.96876345451448	2.09934727002801	0.46145936327226	0.10298110029365	78.8894448123803
282	0.871232361936208		1.98486414001809		0.996903836727142	0.871000291147798	1.97379265611895	0.441282567572441	0.109845117062479	77.6523999894883
280	0.779648852475497		1.84181871822639		1.00535523891449	0.779416781687088	1.84671431597337	0.422055959032446	0.116637203039523	76.4474136336558
278	0.696443170434924		1.70524506154555		1.00982344150543	0.696211099646514	1.71700657631682	0.4054795766362	0.122739230073896	75.380804810579
276	0.624923117620118		1.58401323219599		1.01022160053253	0.624691046831708	1.59521255491949	0.391603642351748	0.127992549357642	74.4744750442228
274	0.558720128687875		1.46681165795727		1.00653350353241	0.558488057899465	1.47142147339758	0.379556821751344	0.132510657371669	73.7037088590595
272	0.507375547289034		1.37260092835325		0.99854451417923	0.507143476500624	1.36566899960563	0.371351679394548	0.135572673931983	73.1858845221134
270	0.468100283468919		1.29906632323936		0.988452672958374	0.467868212680509	1.27918131900995	0.365755976676259	0.137322825464	72.8915481820187
268	0.437563941733026		1.24165758018262		0.972882628440857	0.437331870944616	1.20317976625121	0.363480074392564	0.137911043195546	72.7928891387738
266	0.412244151184785		1.19131897412156		0.953488886356354	0.412012080396375	1.13119790862746	0.364226345588183	0.137314574614148	72.8929330094977
264	0.392622222857429		1.15193217465736		0.931065678596497	0.392390152069019	1.06792381882713	0.367432718655877	0.135703845423299	73.1637832695856
262	0.373872862275609		1.11205723737773		0.906938552856445	0.373640791487199	1.00408610833234	0.372120267760469	0.133521444155215	73.5323686507113
260	0.355705229291563		1.07251433897616		0.883175373077393	0.355473158503153	0.942854199693088	0.377018163167608	0.130906528355168	73.9764474782228
258	0.335933026306604		1.02694149675104		0.859192788600922	0.335700955518194	0.878095182174728	0.382305884752473	0.128250819243902	74.4301991050558
256	0.313627203641827		0.973832196731317		0.834685504436493	0.313395132853417	0.808719170539458	0.387520346085485	0.125848228699387	74.8431006255025
254	0.290667428953296		0.918676947928269		0.80953711271286	0.290435358164886	0.739702902356409	0.392637851277413	0.123859553081718	75.1866001390035
252	0.266971463471809		0.86092736014633		0.784095585346222	0.266739392683399	0.671174875526516	0.397421599660074	0.122520490460148	75.4187811651805
250	0.242692624457494		0.801179644625793		0.758817315101624	0.242460553669084	0.604199427992712	0.401292259535223	0.122389048251581	75.4416106320032
248	0.218933406717959		0.742551403893263		0.735633492469788	0.218701335929549	0.542610682404736	0.403053870890102	0.123598046211093	75.2318867685209
246	0.195185825330916		0.683440549026919		0.715051770210266	0.194953754542506	0.485162075102745	0.401832221739961	0.126147303198021	74.7915780796169
244	0.171534075242318		0.623742210947591		0.697206974029541	0.171302004453908	0.431432296997594	0.39705419748597	0.130802085002587	73.9942401917772
242	0.14834485566945		0.563170934334153		0.681808710098267	0.14811278488104	0.380605813574585	0.389150085465038	0.13739086594441	72.8801292308757
240	0.126542930478856		0.504360901915337		0.667849898338318	0.126310859690447	0.333537317291216	0.378700832387408	0.146221015450062	71.4132806485641
238	0.105038265952968		0.443349769346626		0.657016694545746	0.104806195164559	0.288041670526983	0.363857753542437	0.158142114415495	69.4796921617262
236	0.0863202654250397		0.386389584332528		0.649702370166779	0.0860881946366299	0.247827841706108	0.347370957370962	0.171653077925417	67.3514456653576
234	0.0686040764928394		0.327794461275647		0.645702123641968	0.0683720057044296	0.208466959217743	0.327975262655484	0.189203443442121	64.6839535478117
232	0.0538979556791046		0.274367383242061		0.644411623477936	0.0536658848906948	0.17362128709212	0.309097379644586	0.207246185230322	62.0517186627514
230	0.0410493706016608		0.223398020042404		0.644490897655487	0.040817299813251	0.140793354980253	0.289909277458271	0.227808921654123	59.1821963267959
228	0.0309115982727846		0.17969274906836		0.646355271339417	0.0306795274843748	0.112951507624283	0.271616803791816	0.248666155279545	56.4071093976198
226	0.022564685922104		0.141352878387208		0.649210751056671	0.0223326151336942	0.0885598505464238	0.252175393204703	0.272891999660527	53.3467541686885
224	0.0166002558998552		0.112290372590555		0.652522802352905	0.0163681851114453	0.0700477049007651	0.233671968762342	0.297844121250539	50.3681359719113
222	0.0121557832232174		0.0897271213760873		0.655378818511963	0.0119237124348076	0.0555668186080977	0.214583320288737	0.327135689013115	47.0830199346072
220	0.00885242162981912		0.0722861779185561		0.656985223293304	0.00862035084140927	0.0442445767936018	0.19483406704561	0.361966538181786	43.4543703902211
218	0.00647905223164883		0.059383873511493		0.657121121883392	0.00624698144323898	0.0357753521180494	0.174616910062144	0.404897872689985	39.3642632322936
216	0.00477455394744404		0.0498633228216911		0.655903518199921	0.00454248315903419	0.0294644999712023	0.154168004326355	0.4546574083802	35.1028672451844
214	0.00358895195480598		0.0429967403601149		0.654084265232086	0.00335688116639614	0.0248914519394471	0.134860801795024	0.509716351761063	30.9231443852528
212	0.00276466797677642		0.0379764601143668		0.652615189552307	0.00253259718836657	0.0215592345021099	0.117471572940993	0.567952907874968	27.0425158001332
210	0.00218521231731813		0.0340594072888321		0.652986526489258	0.00195314152890828	0.019013718951387	0.102722751603826	0.623234288955176	23.8103462546423
208	0.00179376491783552		0.0309987769318754		0.655270755290985	0.00156169412942567	0.0170746897603145	0.0914625185785457	0.668023049921241	21.4771648233103
206	0.00152596554146419		0.0282665735545786		0.661797821521759	0.00129389475305434	0.0154366022672103	0.0838199190894989	0.696291051747063	20.12375161545
204	0.00133195504609989		0.0256967190669377		0.668592393398285	0.00109988425769004	0.0138769022193056	0.0792600711821602	0.708282038247016	19.5757297932544
202	0.00117903270250317		0.0232717973256048		0.687935590744019	9.46961914093324E-4	0.0126101880369507	0.0750949875861102	0.707008404205448	19.6332228343717
200	0.0010446228939277		0.0208760055184665		0.715800225734711	8.1255210551785E-4	0.0114060517921905	0.0712386827906735	0.698447947531695	20.0240560600668
