Wavelength	I1	I1 dark	R1	R1dark	XCorrect	I1c	R1c	I1c/R1c	Abs	Percent T
nm	uA	uA	uA	uA		uA	uA	uA/uA	OD	T*100
	Abs Detector Raw	Dark Offset for Abs Detector	Ref Detector Raw	Dark Offset for Ref Detector	Linear interp	Dark subtracted Abs Detector	Corrected Ref Detector	Corrected Intensity 	-Log(T)	% Transmittance
800	0.141722938963122	2.43127099019357E-4	0.208416312720066	0.00496668830985075	1.35067892074585	0.141479811864103	0.274795119124538	0.514855621580322	3.86707269683083E-4	99.910996991742
798	0.146784530968654		0.216069757437409		1.34199333190918	0.146541403869634	0.283298911114746	0.517267797793547	3.39731139611024E-4	99.9218046027782
796	0.159979119767859		0.23531397199064		1.33337259292603	0.15973599266884	0.307138754914921	0.520077620009523	2.8447773317438E-4	99.9345180300363
794	0.16587830103396		0.243572985476926		1.32502686977386	0.165635173934941	0.316159755043622	0.523897084599169	3.52726353823703E-4	99.9188147286667
792	0.157957161005187		0.231905025852528		1.31713449954987	0.157714033906168	0.298908313647953	0.527633480586022	2.88408149377618E-4	99.9336136149724
790	0.149821850063573		0.220419183842149		1.30966234207153	0.149578722964554	0.282170019903986	0.530101401330484	2.81045324478952E-4	99.9353078569359
788	0.149708180401551		0.220612104907662		1.30193436145782	0.149465053302532	0.280756177759578	0.532366035523267	3.57244790197911E-4	99.9177751703091
786	0.153637897640488		0.226357503673157		1.29363858699799	0.153394770541468	0.286399701560919	0.535596823968199	3.32737464836881E-4	99.9234137096404
784	0.157979577005464		0.232710063157051		1.28498160839081	0.157736449906444	0.292646048111505	0.539000785844689	2.82404644236381E-4	99.9349950649675
782	0.164733063916954		0.242561471198741		1.27644824981689	0.164489936817935	0.303277444784149	0.542374448370228	2.47926795894194E-4	99.9429290372348
780	0.175128520265797		0.25779543521868		1.268270611763	0.174885393166778	0.320655269513333	0.545400028610806	2.2972163857322E-4	99.9471186250787
778	0.189428314138712		0.278602519943888		1.26044166088104	0.189185187039692	0.344902002101371	0.548518668743733	2.64658835203866E-4	99.9390786157486
776	0.207011653835908		0.304061637273799		1.25292003154755	0.206768526736889	0.374742052891622	0.551762272585638	1.72099536990844E-4	99.9603804677717
774	0.235879194003762		0.345914537497188		1.24577045440674	0.235636066904743	0.42474275701111	0.554773596524401	7.28026729206526E-5	99.9832379700455
772	0.308765416399291		0.452242419457577		1.23883104324341	0.308522289300272	0.554099060635196	0.556799877889334	1.161295444439E-4	99.9732637589808
770	0.40525658437921		0.592518582532315		1.23221707344055	0.40501345728019	0.723991475593257	0.559417439201631	9.33972980959099E-5	99.9784967896396
768	0.442614749818313		0.643961001150003		1.22665858268738	0.442371622719293	0.783827858133797	0.56437343752049	1.80916613325734E-4	99.9583510858773
766	0.391180190697663		0.567615405141589		1.22236526012421	0.390937063598644	0.687762245108578	0.568418906939165	1.64678988767579E-4	99.9620884497785
764	0.334370722235698		0.486043005260016		1.2186872959137	0.334127595136679	0.586281595832118	0.569909745610293	1.55448624703983E-4	99.964213036465
762	0.321916960993957		0.469269524797255		1.214359998703	0.321673833894937	0.563830791914645	0.570514839749359	7.61800232057023E-5	99.982460439779
760	0.334108499641531		0.486945181159732		1.20898902416229	0.333865372542511	0.58270670773779	0.572956116875089	4.35232811855725E-5	99.9899788963005
758	0.355030102341135		0.517175041878783		1.2031888961792	0.354786975242116	0.616283403544369	0.575688024700431	1.39257903952663E-4	99.9679398230011
756	0.380831277164797		0.55410300803982		1.19780671596527	0.380588150065777	0.657759171753009	0.578613216523402	3.44950676356846E-5	99.9920575325787
754	0.405638846645749		0.589359287195818		1.1931779384613	0.405395719546729	0.697284356390802	0.581392248128281	3.44610380776602E-5	99.9920653675519
752	0.428579485897344		0.622029146074065		1.18890511989594	0.428336358798325	0.733628715331443	0.583859859690482	1.17828094965215E-4	99.9728727586014
750	0.463252861002937		0.671624389711341		1.1848680973053	0.463009733903917	0.789901442213507	0.586161398321346	6.24951080934232E-5	99.9856110048871
748	0.511368496491829		0.740532349030725		1.18107759952545	0.511125369392809	0.868760124857563	0.588338892138507	1.02864404304067E-4	99.9763174003754
746	0.567087340568504		0.81953478340743		1.17750906944275	0.566844213469484	0.959161319656103	0.590979016619144	9.18133474105654E-5	99.9788614300021
744	0.614757605575776		0.886361862913351		1.174187541008	0.614514478476757	1.034923232724	0.593777836892605	6.65802898892809E-5	99.9846704967898
742	0.671394560305521		0.965678094285872		1.17108881473541	0.671151433206502	1.12507838172725	0.596537489393523	1.06525188688676E-4	99.9754746767989
740	0.762911069949605		1.09493026417956		1.16803753376007	0.762667942850585	1.27311836704717	0.599055015300341	3.06725759577125E-5	99.9929376277808
738	0.874540095687639		1.25161952258667		1.16498303413391	0.87429696858862	1.45232940138744	0.601996329313022	8.22833861795963E-5	99.9810553448846
736	0.953016646277383		1.3594304291383		1.16204738616943	0.952773519178363	1.57395104969097	0.605338723440879	9.67745530360783E-5	99.9777193181925
734	0.982653485148217		1.39809418264591		1.15931880474091	0.982410358049198	1.61507890158538	0.608273909766795	4.65350405377248E-5	99.9892854849808
732	0.985142400543546		1.4007338432799		1.15665113925934	0.984899273444526	1.61441566993687	0.610065481762228	9.77994052284708E-5	99.9774833901109
730	0.982798563272638		1.39867539480179		1.15388596057892	0.982555436173618	1.60818090955766	0.610973199802426	4.51078826044884E-5	99.9896140655694
728	0.986593348413725		1.40710427050054		1.15089321136475	0.986350221314705	1.61371062474264	0.611231162633023	6.33786251722572E-5	99.9854075970411
726	0.998244661843731		1.42769546182451		1.1476241350174	0.998001534744711	1.63275787806912	0.61123669844113	2.36362908904268E-5	99.9945576909932
724	1.01347489463199		1.45353265166267		1.14410185813904	1.01323176753298	1.65730701030893	0.611372401872665	8.08664316604045E-5	99.9813815494422
722	1.01536635641643		1.45914136135706		1.14027833938599	1.01512322931741	1.65816388135943	0.61219716623255	4.29146616630189E-5	99.9901190221792
720	0.987996731281652		1.42135143963306		1.13600122928619	0.987753604182633	1.60901481864539	0.613887201495269	1.04234804005318E-4	99.9760019294104
718	0.918695415030246		1.32191331014758		1.13137769699097	0.918452287931227	1.48996403607481	0.616425810082515	1.49257766327509E-4	99.9656380343003
716	0.804505002583697		1.15729379908662		1.12621939182281	0.804261875484677	1.29777313787995	0.619724551240536	1.70582533653538E-4	99.9607296329164
714	0.673375493525145		0.969098245029042		1.12039887905121	0.673132366426125	1.08021191540608	0.623148436733433	2.0422324574674E-4	99.952986914486
712	0.550301087278644		0.794151706421453		1.11375534534454	0.550057960179625	0.878959032387628	0.625806141027339	1.59103520349352E-4	99.9633717703546
710	0.456495202643709		0.66251580881512		1.10628998279572	0.456252075544689	0.727440005211112	0.627202342841015	9.78842557360984E-5	99.9774638569606
708	0.386633091106458		0.565816328305516		1.09837675094604	0.386389964007438	0.616024205347698	0.627231788382976	1.3995069338837E-4	99.9677803536082
706	0.33571188098278		0.496423809051545		1.09038031101227	0.335468753883761	0.535875168163522	0.626020337970564	8.09131083082996E-6	99.9981369241853
704	0.298976834437672		0.447579329571425		1.0826700925827	0.298733707338652	0.479203469292943	0.62339637853505	1.91507732951596E-5	99.9955904687118
702	0.279456149701219		0.423124936053417		1.07555782794952	0.2792130226022	0.449753376682249	0.620813621593917	-9.61207989447397E-5	100.022135081325
700	0.2712851853784		0.414818458120299		1.0694442987442	0.271042058279381	0.438313638554005	0.618374685244902	1.34023193997555E-4	99.9691447803409
698	0.279338513898467		0.429411463738258		1.0649927854538	0.279095386799447	0.452030623654811	0.617425838415267	4.88310571362039E-5	99.988756865664
696	0.301022966326468		0.463280272196675		1.06259047985077	0.300779839227449	0.486999651024426	0.617618182261003	4.70618845156655E-5	99.9891641877432
694	0.329046023160295		0.505713342705832		1.06203079223633	0.328802896061275	0.531808366077855	0.618273267279026	1.50037830788099E-4	99.9654584797014
692	0.352507273371724		0.540657203039836		1.06277585029602	0.352264146272705	0.569318942287673	0.618746576140985	1.650582228668E-4	99.9620011610433
690	0.369058565419846		0.565192662536523		1.06392598152161	0.368815438320827	0.596038969503011	0.618777390727241	1.75764487537197E-4	99.9595369196252
688	0.380069530646844		0.58173422039279		1.06461536884308	0.379826403547825	0.614035578905191	0.618573933818372	7.92340944747321E-5	99.9817573396962
686	0.385162460924346		0.589444122095381		1.0645604133606	0.384919333825326	0.622211538510664	0.618630979982588	1.19412460006002E-4	99.972508044698
684	0.38167340911944		0.584233629867666		1.06376242637634	0.38143028202042	0.616202407271145	0.619001609730131	1.7207071474069E-4	99.9603871017109
682	0.377307974871746		0.578041804025708		1.06245732307434	0.377064847772727	0.608867853363988	0.61928848056183	1.08060811357822E-4	99.9751211739564
680	0.379599084481732		0.582140201531304		1.06094348430634	0.379355957382713	0.612348478166498	0.619509921080535	1.65914458486563E-4	99.961804080617
678	0.387274484841688		0.594268966741629		1.05921316146851	0.387031357742668	0.624196729398318	0.620047077330475	1.66007394857239E-4	99.9617826894028
676	0.395192763618642		0.606769194963165		1.05730748176575	0.394949636519622	0.63629029282993	0.620706682107416	1.63016062864785E-4	99.9624712081863
674	0.402309616617548		0.618156113252626		1.05524814128876	0.402066489518528	0.647067000928786	0.621367631082115	2.2995354028928E-4	99.9470652559867
672	0.408174858903682		0.627589027338469		1.05312037467957	0.407931731804662	0.655696270961686	0.622135201724365	1.53298935029083E-4	99.9647078448897
670	0.413830614801493		0.636692170917818		1.0509113073349	0.413587487702473	0.663887452804309	0.622978316513513	1.40408010620701E-4	99.9676750864071
668	0.418283752906257		0.643873498403771		1.0485315322876	0.418040625807238	0.669913936576759	0.624021389886906	9.28634047348137E-5	99.97861969677
666	0.420880980679082		0.648324704135496		1.04595601558685	0.420637853580063	0.672924186828856	0.625089515005118	9.26161192136199E-5	99.9786766242078
664	0.424905471629798		0.655044140754155		1.04322910308838	0.424662344530779	0.67817971765145	0.626179659281751	1.75086167081455E-4	99.9596930456052
662	0.429904572561971		0.663296919346667		1.04042720794678	0.429661445462952	0.684944684184591	0.627293641930301	2.72974677842786E-4	99.9371650070586
660	0.43678578743926		0.674205972952979		1.03775990009308	0.436542660340241	0.694509693169616	0.628562372323329	2.53784481575963E-4	99.9415810341155
658	0.447088739058248		0.690413041064488		1.03528940677643	0.446845611959229	0.709635347920415	0.629683418770935	2.38187039950662E-4	99.9451704441442
656	0.460492494192678		0.711378275660891		1.03309750556946	0.460249367093658	0.729792048797721	0.630658237304566	2.26408880266723E-4	99.9478810154014
654	0.478111283184776		0.738877575782943		1.03115320205688	0.477868156085757	0.756774561642289	0.63145377805608	2.25821676776019E-4	99.9480161536239
652	0.494052229471177		0.763690719909868		1.02945709228516	0.493809102372158	0.781073835417825	0.632218210341153	2.14720430711278E-4	99.9505710138587
650	0.502341331610907		0.776705523935012		1.02793705463409	0.502098204511888	0.793298945639274	0.632924331075817	2.24865120885783E-4	99.9482362945026
648	0.503531430483105		0.778796036316796		1.02666783332825	0.503288303384086	0.7944657000841	0.633492803189375	1.91121836196853E-4	99.9560022527515
646	0.505008121761384		0.781531272206745		1.02560043334961	0.504764994662365	0.796444973768614	0.633772591060398	1.95999284477144E-4	99.9548796792123
644	0.510169042456094		0.79002912587152		1.02465677261353	0.509925915357075	0.804419543572047	0.633905428369797	2.76243508610431E-4	99.9364128067337
642	0.52046037939007		0.806369376355544		1.02378344535828	0.52021725229105	0.820462805086803	0.634053425780846	3.06358384246675E-4	99.9294832498868
640	0.533461479191635		0.826714534050127		1.02288675308228	0.533218352092616	0.840554985781626	0.634364629455835	2.36511785366331E-4	99.9455559750106
638	0.547657035165186		0.849083613855764		1.02184903621674	0.547413908066167	0.862560066823326	0.634638594019552	2.40683201894891E-4	99.9445959984065
636	0.5623438609732		0.872094252496729		1.02063095569611	0.56210073387418	0.88501723454649	0.635129703617826	2.93031675817993E-4	99.9325497210834
634	0.577266157666503		0.895568781516699		1.01923584938049	0.577023030567484	0.907733580929727	0.635674434316377	3.09389168751187E-4	99.9287858805091
632	0.590326170736876		0.915970391237424		1.0177036523819	0.590083043637857	0.927131795802824	0.636460799110973	3.02532133029487E-4	99.9303636593951
630	0.60322827365163		0.936278927228052		1.01619136333466	0.602985146552611	0.946391453756538	0.637141369101724	3.11357936022667E-4	99.9283328789505
628	0.618788087127054		0.960724206366214		1.01451146602631	0.618544960028035	0.969626960809025	0.637920545765292	3.06896103579389E-4	99.9293595228214
626	0.63462495870684		0.985664246854937		1.01275491714478	0.63438183160782	0.993206274648412	0.638721127524478	3.63767155522679E-4	99.9162745863377
624	0.649684490812192		1.00924955254683		1.01092803478241	0.649441363713173	1.01525770230874	0.639681296912416	3.66146460610118E-4	99.9157271912886
622	0.662101747537477		1.02883745713164		1.0092089176178	0.661858620438458	1.03329951038314	0.64052930809291	4.57110918906488E-4	99.8948016934838
620	0.672023628601347		1.04445498880752		1.00772297382355	0.671780501502328	1.0475162414323	0.641307957749451	4.27663218857308E-4	99.9015753735853
618	0.681029350916436		1.05863681736413		1.0068142414093	0.680786223817417	1.06085009167943	0.641736499018128	4.31211758466066E-4	99.900759099689
616	0.687627565001399		1.06914167114296		1.00664889812469	0.68738443790238	1.07125057388082	0.641665409253593	3.83109485479408E-4	99.9118246782787
614	0.694193551608464		1.07966118556626		1.00700271129608	0.693950424509444	1.08222027255218	0.641228446841892	4.285718215325E-4	99.901366366224
612	0.702417167908612		1.09267282522374		1.00780045986176	0.702174040809592	1.09619074497627	0.640558264177639	4.02283252539946E-4	99.9074137455007
610	0.711310593166044		1.10674215744291		1.00835275650024	0.711067466067025	1.11097833134467	0.640037205051862	4.14405877235956E-4	99.9046250313256
608	0.722269286054384		1.12401081948328		1.0085117816925	0.722026158955365	1.12856919052226	0.639771282982869	4.47422724188793E-4	99.8970301608609
606	0.734760791741775		1.14362068756899		1.00798010826111	0.734517664642756	1.14774058144517	0.639968366124941	4.58743216755026E-4	99.8944262391083
604	0.74954110174131		1.16666513663462		1.00688087940216	0.74929797464229	1.16969195524937	0.640594278929228	4.7598574175732E-4	99.8904602712641
602	0.765828097525839		1.19195278057655		1.00539457798004	0.76558497042682	1.19338938130265	0.64152152048742	4.90707941390323E-4	99.8870741302171
600	0.782541186448315		1.21784680726751		1.00393652915955	0.782298059349296	1.21765465691297	0.642462996308491	5.53333285721485E-4	99.8726714341789
598	0.801198448031479		1.24670694936411		1.00287997722626	0.80095532093246	1.24531644472702	0.643174130016434	5.42050657412425E-4	99.8752660811619
596	0.820831265946194		1.27707277962607		1.00218975543976	0.820588138847175	1.27489169254963	0.643653216694899	5.8779509065664E-4	99.8647467284479
594	0.840819865414664		1.30793624507892		1.00178515911102	0.840576738315644	1.30529556474472	0.643974254581978	6.00815354383799E-4	99.86175280174
592	0.860618915323344		1.33852120192692		1.00154709815979	0.860375788224324	1.33561765335107	0.6441782092844	6.35647286261884E-4	99.8537438621138
590	0.878311782379111		1.36583571719864		1.00122630596161	0.878068655280092	1.36253787069188	0.644436146816394	6.52856437691821E-4	99.8497871824303
588	0.894397083523334		1.39058578179701		1.00070452690125	0.894153956424314	1.3865952994134	0.644855753371288	6.87991678384853E-4	99.8417094735394
586	0.909361039457193		1.41358217574809		0.999973237514496	0.909117912358174	1.40857778938667	0.645415481635575	6.84139234378529E-4	99.8425951313528
584	0.923139255954872		1.43472533118118		0.999053955078125	0.922896128855853	1.42840602696774	0.646102096625148	7.1405180250793E-4	99.8357185862784
582	0.936494764019182		1.45523151518128		0.998229086399078	0.936251636920163	1.44769653316458	0.646718159139037	7.51714783095123E-4	99.8270609867697
580	0.951601048748859		1.47850457172891		0.997582137584686	0.95135792164984	1.4699750715532	0.647193234810862	7.93125408027551E-4	99.8175427817905
578	0.966291303206762		1.5010692823321		0.997147619724274	0.966048176107742	1.4918351404926	0.647556924948662	8.43963648426653E-4	99.8058588865367
576	0.982279858440726		1.5255394299394		0.996688485145569	0.982036731341707	1.5155373424084	0.647979237371421	8.38533953215739E-4	99.8071067006449
574	0.999156603063231		1.55147780996271		0.996220171451569	0.998913475964212	1.54066557476477	0.648364896526443	9.0742103773896E-4	99.7912767151706
572	1.01768406026459		1.57983999612868		0.9957315325737	1.01744093316557	1.56815101240385	0.64881565940892	9.07263318940675E-4	99.7913129554724
570	1.0369906559516		1.60916381070877		0.995352268218994	1.03674752885259	1.59674124445015	0.649289628144852	8.94771917138849E-4	99.7941832459442
568	1.05623470372627		1.63866727494635		0.995181918144226	1.05599157662725	1.62582928348226	0.649509507151632	9.92800366705349E-4	99.771660360014
566	1.07493845853435		1.66704855901263		0.995282471179962	1.07469533143533	1.65424095157648	0.649660698105166	0.00102234327126429	99.7648736185025
564	1.09774500232749		1.701934443883		0.995623111724854	1.09750187522848	1.68954031730048	0.649586082078258	0.00107140014475301	99.7536050517071
562	1.12360465554448		1.74126046057156		0.996170461177826	1.12336152844546	1.72964456785414	0.649475360038359	0.00108800314747357	99.7497915615819
560	1.15093076047679		1.78282826191914		0.99668163061142	1.15068763337777	1.77196197218629	0.649386189681049	0.00114959347511095	99.7356463513947
558	1.18003478440835		1.82690624514145		0.997178435325623	1.17979165730933	1.81679883653919	0.649379355370299	0.00116540115840007	99.7320161859576
556	1.2078780402175		1.86904178330316		0.997675478458405	1.20763491311848	1.85974201227985	0.649356150016771	0.00122149860447973	99.7191347188493
554	1.23685608850259		1.9127752157456		0.99818366765976	1.23661296140357	1.90434331310838	0.649364509482852	0.00124166976919077	99.7145032891074
552	1.26581293073308		1.95613730297468		0.998678505420685	1.26556980363406	1.94859215327423	0.649479061848584	0.00124446895500072	99.7138605949569
550	1.29353357881567		1.99776094172437		0.999059557914734	1.29329045171665	1.99092014583133	0.64959433678171	0.0013287077221333	99.694521279248
548	1.3223260298725		2.04075026406236		0.999196529388428	1.32208290277348	2.03414788347787	0.649944339598876	0.00136467893048686	99.6862642462063
546	1.35077342721976		2.08309200827794		0.99907249212265	1.35053030012074	2.0761978423637	0.65048246971647	0.00141770474529987	99.6740936501635
544	1.37619420226467		2.12054062140955		0.998806416988373	1.37595107516565	2.11304881999331	0.65116861576819	0.00147983740747152	99.6598347220331
542	1.39862270193091		2.15311580926767		0.998482644557953	1.39837957483189	2.1448896151988	0.651958760452239	0.00151339107670101	99.6521352828388
540	1.41877131757306		2.18229962262762		0.99831360578537	1.41852819047404	2.17366109265401	0.65259860208568	0.00156521973362627	99.6402435172894
538	1.4387314346808		2.21094916108736		0.998360693454742	1.43848830758178	2.20236619127116	0.653155825440417	0.00161295683792957	99.6292917887064
536	1.4592582803019		2.2404409505203		0.998661279678345	1.45901515320289	2.23248158738709	0.653539613247394	0.00164626074824129	99.6216520006884
534	1.4807424000891		2.27099428291774		0.999168038368225	1.48049927299009	2.26414234659263	0.653889661671726	0.00171437414314986	99.6060288760093
532	1.49792229626069		2.29487803770512		0.999805629253387	1.49767916916167	2.28946625761661	0.654160839531565	0.0017715433220038	99.592917910208
530	1.5163967993607		2.32052182178234		1.0004802942276	1.51615367226168	2.31666728123679	0.654454648943917	0.00182236714746921	99.5812636131247
528	1.53635148800167		2.3483115482338		1.00102841854095	1.53610836090265	2.34575479922574	0.654846091078943	0.00185065949665231	99.5747765490899
526	1.55786251696845		2.37823797633687		1.0014044046402	1.55761938986943	2.37660432123638	0.655397020005043	0.00192016333815299	99.5588420253853
524	1.58058598977804		2.40996772474524		1.00163662433624	1.58034286267902	2.40893711966031	0.656033256236206	0.00196539818165325	99.5484728075004
522	1.60526323211108		2.44437076171715		1.00181710720062	1.60502010501206	2.44383673211432	0.656762411302105	0.00204990905914135	99.5291032077413
520	1.63324094318092		2.48338213607299		1.0020604133606	1.6329978160819	2.48352200806482	0.657533056191578	0.00208760766503632	99.5204640337511
518	1.66420750189508		2.5271104317967		1.00242054462433	1.66396437479606	2.52824870496693	0.658149007068442	0.00216833599395166	99.5019665063159
516	1.69982599418439		2.57759495307935		1.00289297103882	1.69958286708537	2.58007080383312	0.658734971366044	0.00226299401774394	99.4802816046118
514	1.74279984411033		2.6384657658244		1.00349617004395	1.74255671701132	2.64270623810011	0.659383435013976	0.00229052514887463	99.4739754736719
512	1.78738260150055		2.70175655658713		1.00418245792389	1.78713947440153	2.70806907843092	0.659931273037178	0.00238151875270336	99.4531358182724
510	1.84092832150144		2.77795007923189		1.00497353076935	1.84068519440242	2.78677490913968	0.66050730841791	0.00242985739980422	99.4420669175544
508	1.90415845796753		2.8685222736942		1.00580215454102	1.90391533086851	2.88017037742754	0.661042605600651	0.0025041453789102	99.4250583698663
506	1.98180391542095		2.98014512969349		1.00663805007935	1.98156078832193	2.99492782487253	0.661638912252005	0.00256345480290281	99.4114813143079
504	2.06704878202368		3.10258203350113		1.00742840766907	2.06680565492466	3.12062569477732	0.662304889171319	0.00270609441510258	99.3788359841286
502	2.15589145012572		3.22911665701896		1.00814700126648	2.1556483230267	3.2504171225875	0.663191289526154	0.00271841976879718	99.3760156353253
500	2.25337325271471		3.36842087277092		1.00866842269897	2.2531301256157	3.39261002706062	0.664128829321366	0.00279898713742755	99.3575817803911
498	2.38247271020667		3.55437268355133		1.00904226303101	2.38222958310765	3.58150065785429	0.665148442143487	0.00285836338229265	99.3439986540008
496	2.57066578562656		3.82769913021308		1.00876116752625	2.57042265852754	3.85622404123476	0.666564657821203	0.00292981078886115	99.3276565461889
494	2.77905258166889		4.12824751280121		1.00816118717194	2.77880945456987	4.15693169106249	0.668476092725888	0.00306167674120695	99.2975020121305
492	2.93181729541394		4.3431722702432		1.00794267654419	2.93157416831492	4.37266254565284	0.670432291014407	0.00314346339322958	99.2788039951534
490	2.973879531574		4.39365368849851		1.00791668891907	2.97363640447498	4.42343086993231	0.672246609455994	0.00323760760973283	99.2572851579743
488	3.01858593520395		4.44912646415576		1.00887954235077	3.01834280810493	4.48362188078912	0.673192987356396	0.00335083831865692	99.2314098401228
486	3.14336301234209		4.62252537947852		1.00954282283783	3.14311988524307	4.66162323570177	0.674254380141876	0.00339348988024138	99.2216649160155
484	3.36448665891946		4.93462981914938		1.01009511947632	3.36424353182044	4.97942866912336	0.675628421525862	0.003504411093146	99.1963263899057
482	3.52288197078654		5.15117037248335		1.01073944568634	3.52263884368752	5.20147105913052	0.677238958679579	0.00363870023654517	99.1656584192996
480	3.56230678508213		5.19160820679442		1.01162850856781	3.56206365798311	5.24695442382043	0.678882141954931	0.00373043944170626	99.1447131430496
478	3.54865307175778		5.15639926162261		1.0127238035202	3.54840994465876	5.21697838922316	0.680165735780849	0.00383529160901429	99.1207794213894
476	3.69732760973793		5.35886230280579		1.01399922370911	3.69708448263891	5.42884599691848	0.681007434128256	0.00395214308505758	99.0941135257357
474	4.01297238875011		5.80247810181444		1.01552999019623	4.01272926165109	5.88754670891884	0.681562195603875	0.00413336015210963	99.0527733767524
472	4.51437082180521		6.51033743492348		1.01726651191711	4.5141276947062	6.61769580813528	0.682129826692378	0.00425126482700229	99.0258856303924
470	5.03408955508008		7.24427819370954		1.01911818981171	5.03384642798106	7.37771403686599	0.682304356447978	0.00442432965062203	98.9864320248275
468	5.40037638467116		7.74877831864678		1.02110064029694	5.40013325757214	7.9072110140759	0.682937795381858	0.00454375981699799	98.959214684571
466	5.44353692160808		7.77622947576366		1.02326714992523	5.44329379450906	7.95207792383787	0.684512129614795	0.00471850695631457	98.9194044594799
464	5.24419149271712		7.45829753367468		1.02553856372833	5.2439483656181	7.64367821014752	0.686050383263962	0.00483547743809106	98.8927656398977
462	5.06418767995982		7.18341743223398		1.027627825737	5.0639445528608	7.3767757301389	0.686471263071115	0.00496825986625592	98.8625345066166
460	4.91059469229229		6.95704187649791		1.02919805049896	4.91035156519327	7.15506223060536	0.686276569921298	0.00513945036312709	98.8235724844722
458	4.75040217584255		6.72728594479878		1.03004312515259	4.75015904874353	6.92427873522728	0.686014995984649	0.00531627332794503	98.7833446644882
456	4.54985389783531		6.45068662461495		1.03006207942963	4.54961077073629	6.63949168101143	0.685234802499702	0.00552553239374289	98.7357586785208
454	4.38655674028468		6.23527260203821		1.02918720245361	4.38631361318566	6.41215111378029	0.684062732670021	0.00564761849982556	98.7080066101431
452	4.24268959730486		6.05430094748789		1.02735614776611	4.24244647020584	6.21482074105873	0.682633763219873	0.00583091281123623	98.6663556120484
450	4.06466339928575		5.82361794547997		1.02460694313049	4.06442027218673	5.96183047775148	0.681740329141267	0.00602459223256807	98.6223638438146
448	3.76640232625879		5.418153054522		1.02102768421173	3.76615919915977	5.52701313970011	0.681409488989223	0.00624805943120994	98.5716305391357
446	3.42633800632856		4.95141513890653		1.01675081253052	3.42609487922954	5.02930548128449	0.681226243261428	0.00652637706893817	98.5084811422003
444	3.18533947213529		4.62228744490916		1.0121191740036	3.18509634503627	4.67327887027897	0.681554949629218	0.00677988708191258	98.4509957259688
442	3.08904907212943		4.49386015050045		1.00782012939453	3.08880594503041	4.5239971899032	0.682760358897681	0.00703192203095981	98.3938780461384
440	3.0473095361634		4.43721190121509		1.0045450925827	3.04706640906438	4.45239017774713	0.684366438568994	0.00732645123196108	98.3271720506689
438	3.01755388930964		4.3923147578398		1.00285410881042	3.01731076221062	4.3998700383096	0.685772701452303	0.00760958222669125	98.2630901927923
436	2.98098114287374		4.33385964576869		1.00277864933014	2.98073801577472	4.34092143297533	0.686660208390753	0.00793704531723715	98.1890266058209
434	2.95172291545159		4.28284283933192		1.00421047210693	2.95147978835257	4.29588802923286	0.68704765307387	0.00826395850537414	98.1151430756369
432	2.93986802780365		4.25400189706435		1.00665414333344	2.93962490070463	4.27730889806236	0.687260371126409	0.00859478429284734	98.0404318806778
430	2.95007371135662		4.25561189705791		1.00962591171265	2.9498305842576	4.29156154424926	0.68735600173564	0.00892738861919972	97.9653763833725
428	2.95661400674064		4.25381035653777		1.01240730285645	2.95637087964162	4.30156035840931	0.687278715934342	0.00928120003204625	97.8855983650716
426	2.95015918498909		4.23860000747745		1.01423370838165	2.94991605789007	4.29389362122748	0.687002594406795	0.0096420294916405	97.8043048178427
424	2.93250367480573		4.2156042897959		1.01462960243225	2.93226054770671	4.27223755558208	0.686352411250034	0.00994632160359227	97.7358014037555
422	2.91185883602104		4.19721931916624		1.01337480545044	2.91161570892202	4.24832319419319	0.685356451435181	0.0102910804586098	97.658245934705
420	3.34999255985628		4.84959634292666		1.01114857196808	3.34974943275726	4.89864035697999	0.683812076137465	0.0106820700604713	97.5703650670996
418	3.18111075144907		4.63300322123353		1.0079870223999	3.18086762435005	4.6650007643797	0.681857899925339	0.0110521454361246	97.4872578418043
416	2.99031374781692		4.38673161577227		1.00422537326813	2.9900706207179	4.40027951985414	0.679518336784437	0.0115280238301937	97.3804946342461
414	2.81724005710224		4.16332926070791		1	2.81699693000322	4.15836257239806	0.67742936816082	0.0118248784860806	97.3139545860939
412	2.6800168325529		3.99057540153492		0.995681941509247	2.67977370545388	3.9683986216801	0.675278358079699	0.0123647542479426	97.1930578071154
410	2.56679578075922		3.84808072436992		0.991583049297333	2.5665526536602	3.81076673467382	0.673500330079867	0.0129022788413248	97.0728367508953
408	2.46937824452738		3.72385045875304		0.988153755664825	2.46913511742836	3.6748289646444	0.671904771945567	0.0134189841466267	96.9574122504706
406	2.39225014669104		3.62500050065193		0.985654711723328	2.39200701959202	3.56810338373273	0.670386130205019	0.0139877301202455	96.8305212861875
404	2.34273576944748		3.56355786417869		0.98426741361618	2.34249264234846	3.50260533278979	0.668785780806967	0.0145094833496413	96.7142607681156
402	2.32445981737207		3.545375308099		0.984128773212433	2.32421669027305	3.48421799166382	0.667069826237585	0.0151129594790815	96.5799642977744
400	2.34652405556516		3.58401891878444		0.985299050807953	2.34628092846614	3.5264367654787	0.665340422784426	0.0157053421527904	96.4483179184664
398	2.38813143332859		3.64869426032288		0.987817049026489	2.38788830622957	3.59933621764237	0.663424632165562	0.0163485999691525	96.3055686703396
396	2.42701302985292		3.70531790267475		0.991658091545105	2.4267699027539	3.66948322328371	0.661338328883885	0.0169420604786792	96.1740576287747
394	2.44302171387098		3.72451977271521		0.996615350246429	2.44277858677196	3.70696369997483	0.658970193527534	0.0175961870385867	96.0293110227167
392	2.44426619384648		3.71904478006131		1.0025714635849	2.44402306674746	3.72362870831587	0.656355200315567	0.0182512889645934	95.8845669234131
390	2.44439559570143		3.7115434592905		1.0093150138855	2.44415246860241	3.74110358507	0.65332392248013	0.0190487073640838	95.7086725271001
388	2.45785959955388		3.72309961647088		1.01699423789978	2.45761647245486	3.78131976368521	0.649936166747164	0.0197598629304994	95.5520781852642
386	2.47450464343268		3.73926568818363		1.02549052238464	2.47426151633366	3.82948823212102	0.64610761709098	0.0205207022841033	95.3848272983136
384	2.49935067848965		3.76866803181615		1.03449034690857	2.49910755139063	3.89351270850408	0.641864490626207	0.0213656973990537	95.1994200298758
382	2.52721755093689		3.80435448675168		1.04369103908539	2.52697442383787	3.96538699924409	0.637257958509367	0.0222339996551168	95.0092741839415
380	2.5483204903057		3.83059625422494		1.0526317358017	2.54807736320668	4.0269790905035	0.632751575297623	0.0230742208984882	94.825639249703
378	2.55537671342203		3.83833136649872		1.06117713451386	2.55513358632301	4.06787894474709	0.628124293035438	0.0239696837213575	94.6303216523993
376	2.55078444293257		3.82988536555591		1.06922745704651	2.55054131583355	4.0897080706815	0.623648747478578	0.0248967252050079	94.4285399716148
374	2.54440063192292		3.82054286803465		1.07646524906158	2.5441575048239	4.1073351626209	0.619418042135249	0.0259636175075355	94.1968505484406
372	2.53780266075788		3.812061801174		1.08239138126373	2.53755953365886	4.12076693781544	0.61579787742233	0.0269788731732801	93.9769025753936
370	2.53884137901545		3.81639844422308		1.08660447597504	2.53859825191643	4.14151880584871	0.612963111101025	0.0280202018704153	93.7518395813045
368	2.54420441366199		3.82878542415405		1.08728444576263	2.54396128656297	4.15757863489914	0.611885308724818	0.0292027151176422	93.496915784005
366	2.55486667680298		3.85004797045581		1.08414971828461	2.55462354970396	4.16864378881996	0.612818863668634	0.0303771921471234	93.2444105442432
364	2.56709250927365		3.87482721107945		1.07767069339752	2.56684938217464	4.17043527292482	0.615487164814441	0.0315543506746003	92.9920130707549
362	2.58307126409262		3.90640783839467		1.06871128082275	2.5828281369936	4.16951416856175	0.619455416764907	0.0328431389285637	92.7164641765486
360	2.60954743830323		3.95441984992157		1.05907070636749	2.60930431120421	4.18275014963346	0.623825047602442	0.0341293044270637	92.4422900420727
358	2.64085937421327		4.01057720565421		1.04836678504944	2.64061624711425	4.19934902022853	0.628815617466955	0.0354981838924398	92.15137422598
356	2.66672578035991		4.0591723470616		1.03684234619141	2.6664826532609	4.20357210716264	0.634337317234874	0.0368497833203953	91.8650290442993
354	2.6968957948878		4.11505862613516		1.02479386329651	2.69665266778878	4.21199699546784	0.64023138446927	0.0381999732604649	91.5798708518526
352	2.72044932262571		4.16268913375734		1.01273274421692	2.7202061955267	4.21066166187032	0.646028205058494	0.0397265451643972	91.2585270569737
350	2.73995853397354		4.20507951200593		1.00126516819	2.73971540687452	4.20542667283504	0.651471448681229	0.0412285714648643	90.9434506501546
348	2.75501054319074		4.24226180433782		0.990810453891754	2.75476741609172	4.19835629718499	0.65615379474553	0.0428525369990523	90.604019109507
346	2.76599898064683		4.27471032471598		0.981342911720276	2.76575585354781	4.19008265244991	0.660071908588891	0.0445291333893541	90.2549160539896
344	2.77071994742484		4.29936682364089		0.972720801830292	2.77047682032582	4.17725234301932	0.663229461096746	0.0463435856246134	89.8786238808492
342	2.76970039908907		4.31605598617186		0.964752793312073	2.76945727199005	4.15913544233016	0.665873307179067	0.0481290224151609	89.509880553614
340	2.76539416131331		4.32864457254734		0.957048177719116	2.76515103421429	4.13796804015393	0.668238857183495	0.0499413458773594	89.1371315145731
338	2.75493536740979		4.33413676734961		0.950148642063141	2.75469224031077	4.11335507186001	0.669694736337248	0.0518784968353901	88.7404247618791
336	2.73614726445752		4.32853284403216		0.944044172763824	2.7359041373585	4.08163743486854	0.670295728372704	0.0538489733801995	88.3387046307333
334	2.70953997208337		4.31398348618014		0.938558220863342	2.70929684498435	4.0442631394794	0.669911118922175	0.0558990063502874	87.9226954185931
332	2.66621827792054		4.27623641601847		0.933434963226318	2.66597515082152	3.98695250121338	0.668674921512147	0.0579843102950363	87.5015386232953
330	2.6106957024588		4.22335324972588		0.928119659423828	2.61045257535978	3.91516749869949	0.666753740734438	0.0601856587005354	87.059133698811
328	2.53974750694151		4.15076547413702		0.923022568225861	2.53950437984249	3.82666584264184	0.663633691644546	0.0625227345754872	86.5918992791042
326	2.45925647210689		4.06502457604212		0.918195605278015	2.45901334500787	3.72792730969011	0.659619445533738	0.0648526719356008	86.1285881296177
324	2.37470535183927		3.97468566282888		0.913534343242645	2.37446222474025	3.62647461624511	0.654757712656706	0.0673526842985854	85.6342139654833
322	2.29407044737632		3.89200935700689		0.908978700637817	2.2938273202773	3.53323899431599	0.649213745225679	0.0700106726829531	85.1117121945798
320	2.2045296249802		3.79094492625838		0.904343068599701	2.20428649788118	3.42382317735806	0.643808509872312	0.0726580749260461	84.5944605027734
318	2.12428194707819		3.70258284897474		0.899914681911469	2.12403881997917	3.32753907105545	0.638321226174351	0.0755504237796711	84.0329434950222
316	2.0562930923694		3.63349879895782		0.895963847637177	2.05604996527038	3.2510335911312	0.632429628189407	0.078549089862936	83.4547211081322
314	2.00113826837103		3.58375135286754		0.892610192298889	2.00089514127201	3.19445966762715	0.626364189709204	0.0815594830481899	82.8782394500671
312	1.95035163527319		3.54103011280387		0.88999992609024	1.95010850817417	3.14709618645008	0.619653290728902	0.0846884313823477	82.2832749369782
310	1.89502203344349		3.49063060861072		0.888025283813477	1.89477890634447	3.09535769210358	0.6121356866698	0.087986624074645	81.6607521834837
308	1.8346162695247		3.43142139009731		0.887133359909058	1.83437314242568	3.0397222721729	0.603467349375446	0.0914079779925435	81.0199595473065
306	1.77374619652574		3.37168727412506		0.887335538864136	1.77350306942672	2.98741082521932	0.593658915089632	0.0950870514714663	80.3365076801991
304	1.70919393360009		3.30451382468644		0.888603985309601	1.70895080650107	2.93199073510112	0.582863644840995	0.0987541571376173	79.6610163197821
302	1.63927916581305		3.22998984305063		0.891015827655792	1.63903603871403	2.87354667543045	0.570387825166787	0.102808126154128	78.9208717640156
300	1.56592953964129		3.14714180138949		0.894482612609863	1.56568641254227	2.81062100442516	0.557060667403107	0.10706312144579	78.151420910437
298	1.48739501114651		3.05260388428677		0.900495111942291	1.48715188404749	2.74438239795073	0.54188945576898	0.111516982017651	77.3540430787384
296	1.40310044605364		2.94494444379899		0.909423410892487	1.40285731895462	2.67368459834497	0.524690653423745	0.116341974684489	76.4993993670148
294	1.31400293420263		2.8267564193689		0.92107892036438	1.31375980710361	2.59909103897916	0.505468945643247	0.121632857180228	75.5730835602795
292	1.22685694822272		2.70677498430145		0.934718489646912	1.2266138211237	2.52543016974476	0.485704905175688	0.126944236458658	74.6544608807333
290	1.13424730015527		2.57150427683415		0.948803901672363	1.13400417305625	2.43514087778063	0.465683190407355	0.132632078142368	73.6831055343298
288	1.03869972119136		2.42407565681778		0.962523102760315	1.03845659409234	2.32844827028355	0.445986542774204	0.138688245495701	72.6627373385452
286	0.93843864676288		2.26145510326836		0.97529125213623	0.93819551966386	2.20073341165578	0.426310390297562	0.145222812601327	71.5776090669161
284	0.846860636264549		2.10861535534392		0.986907541751862	0.84661750916553	2.07610673469217	0.407790936283947	0.151448755416404	70.5588095016307
282	0.760816897899867		1.96103504343362		0.996903836727142	0.760573770800848	1.95001204812344	0.390035421336383	0.158062090582909	69.4924957863799
280	0.680904879786563		1.81961916020963		1.00535523891449	0.680661752687543	1.82437036943357	0.373094062527925	0.164512769129863	68.4679351847355
278	0.60748287721129		1.6855251983431		1.00982344150543	0.607239750112271	1.69706737825302	0.357817113152792	0.171167403556923	67.4268073598189
276	0.5424066189264		1.56348197495381		1.01022160053253	0.542163491827381	1.57444580732787	0.344351955020626	0.17761834597468	66.4326618122443
274	0.482157498073394		1.44836778229855		1.00653350353241	0.481914370974374	1.45283156013495	0.331706981179297	0.184670806740741	65.3625810339566
272	0.435689539274696		1.36001575384299		0.99854451417923	0.435446412175676	1.35307681083181	0.321819433080066	0.191299913451008	64.3724571090296
270	0.398331362238913		1.28951861880974		0.988452672958374	0.398088235139894	1.26971878925646	0.313524725717427	0.197878183896985	63.4047531541188
268	0.367440148067914		1.2331989968424		0.972882628440857	0.367197020968895	1.19492587666113	0.307296902796113	0.204478364273638	62.4484460135485
266	0.341919715125455		1.18736099440105		0.953488886356354	0.341676588026436	1.12739983014899	0.303066027587819	0.210831721893105	61.5415284345967
264	0.31971421930354		1.14785919585283		0.931065678596497	0.31947109220452	1.06410798809836	0.300224315368066	0.217062646661163	60.6648814629157
262	0.299403584619072		1.10985292403204		0.906938552856445	0.299160457520053	1.00206392369689	0.298544284895885	0.222790723334198	59.8700025531051
260	0.278168949999332		1.06601897919987		0.883175373077393	0.277925822900312	0.937095252861416	0.296582254633846	0.228573305827484	59.0781237476677
258	0.257928812140754		1.02049836140081		0.859192788600922	0.257685685041735	0.872537490115577	0.295329069479412	0.233675114662587	58.3881728926132
256	0.236524547699914		0.96727753153534		0.834685504436493	0.236281420600895	0.803226911602375	0.294165219302142	0.238678220054117	57.7193962844801
254	0.214959308528272		0.909330054960246		0.80953711271286	0.214716181429253	0.732115708681443	0.293281757081762	0.243467011283897	57.0864437002853
252	0.19419531202921		0.850441104389891		0.784095585346222	0.19395218493019	0.662932757171534	0.292566904911602	0.248342888332667	56.4491116401612
250	0.174250592260272		0.790537520644879		0.758817315101624	0.174007465161253	0.596104749814614	0.291907530036237	0.253208675236913	55.8201918460016
248	0.155769389026014		0.732516964236093		0.735633492469788	0.155526261926994	0.535210350426979	0.290589039996926	0.257848926994735	55.2269517489074
246	0.137613722289478		0.673011557369372		0.715051770210266	0.137370595190459	0.477686666200896	0.287574690503683	0.263396577807342	54.5259727507928
244	0.120028622262089		0.612058967280895		0.697206974029541	0.119785495163069	0.4232689707781	0.28300088934671	0.269307461765601	53.7888845580834
242	0.103520981184251		0.551833505485412		0.681808710098267	0.103277854085232	0.372858559214014	0.276989361067482	0.27622009628652	52.9395083535012
240	0.088223713941909		0.493002884687772		0.667849898338318	0.0879805868428897	0.325934924136414	0.269932984555122	0.284001719100048	51.9993938198883
