Wavelength	I1	I1 dark	R1	R1dark	XCorrect	I1c	R1c	I1c/R1c	Abs	Percent T
nm	uA	uA	uA	uA		uA	uA	uA/uA	OD	T*100
	Abs Detector Raw	Dark Offset for Abs Detector	Ref Detector Raw	Dark Offset for Ref Detector	Linear interp	Dark subtracted Abs Detector	Corrected Ref Detector	Corrected Intensity 	-Log(T)	% Transmittance
800	0.142937227746112	2.25687697462454E-4	0.21014612022353	0.00492593456398088	1.35067892074585	0.142711540048649	0.277186578881903	0.514857323266913	5.42985583858191E-4	99.8750510751443
798	0.146438273188055		0.215501212822982		1.34199333190918	0.146212585490592	0.282590619288499	0.517400704449155	5.73866961874404E-4	99.8679495123088
796	0.159156068394805		0.234064044474882		1.33337259292603	0.158930380697343	0.305526475750067	0.520185297549644	5.12926197176997E-4	99.8819640956973
794	0.166959094562967		0.245133112957874		1.32502686977386	0.166733406865504	0.318280965684473	0.523856041805513	5.73206323933424E-4	99.8681014290599
792	0.160137857178724		0.235041879325101		1.31713449954987	0.159912169481262	0.303093649741383	0.527599867624109	5.7397414882405E-4	99.8679248641956
790	0.151137503134488		0.222188715085078		1.30966234207153	0.150911815437025	0.284540881982234	0.53036953560314	4.95425466229737E-4	99.8859891125305
788	0.150058887873905		0.220975680727132		1.30193436145782	0.149833200176443	0.281282588314047	0.532678546064701	4.76895770707548E-4	99.8902509591056
786	0.153771662746154		0.226454459925821		1.29363858699799	0.153545975048692	0.286577848528839	0.535791499018252	4.77683287885649E-4	99.890069825749
784	0.157834819925964		0.232368282686614		1.28498160839081	0.157609132228501	0.292259234306804	0.539278536749496	4.36398301538885E-4	99.8995660463168
782	0.164120461685516		0.241546164043374		1.27644824981689	0.163894773988053	0.302033477790243	0.542637773756574	5.16975168533546E-4	99.88103289039
780	0.174206487798778		0.256304441648588		1.268270611763	0.173980800101316	0.318815972964264	0.545709170352068	3.89473305891754E-4	99.9103606572575
778	0.187894283993474		0.276263160822376		1.26044166088104	0.187668596296012	0.342004744123987	0.548730973825252	4.9285370202177E-4	99.8865806097357
776	0.204827352544587		0.300983711871059		1.25292003154755	0.204601664847125	0.370936719683481	0.551581048707475	9.02660138635494E-4	99.7923706705943
774	0.230574886011041		0.338857976246088		1.24577045440674	0.230349198313579	0.416002671307288	0.553720478740452	0.00146974089899341	99.6621516477702
772	0.295381344797498		0.433512644141792		1.23883104324341	0.295155657100035	0.53094652054654	0.555904682822313	0.00144654510160603	99.6674747750713
770	0.393387075149294		0.57624682356413		1.23221707344055	0.393161387451832	0.703991353839219	0.558474738798602	0.00140722776793277	99.6764982301504
768	0.44494466466496		0.64888996872064		1.22665858268738	0.444718976967497	0.789924009440254	0.562989568177107	0.00143499436632742	99.6701256213854
766	0.40230307975234		0.584652960310326		1.22236526012421	0.402077392054877	0.708638176627464	0.56739448327274	0.00112373757798494	99.7415843300806
764	0.341861249549517		0.496722211149962		1.2186872959137	0.341635561852055	0.599345874452993	0.570014037660402	6.4220776660639E-4	99.8522354764369
762	0.322131363764096		0.469355927079624		1.214359998703	0.321905676066634	0.563985205108933	0.570769717273804	4.19237956434201E-4	99.9035134713244
760	0.332472596632931		0.484460948381572		1.20898902416229	0.332246908935468	0.579752568406981	0.573083979340362	4.84848418419863E-4	99.8884218207315
758	0.353028085442397		0.513966366964846		1.2031888961792	0.352802397744934	0.61247179597098	0.576030439386389	3.76022902460619E-4	99.9134549988247
756	0.378638877881565		0.550673543942195		1.19780671596527	0.378413190184103	0.653700151735217	0.578878847097744	4.31972387829526E-4	99.9005841322707
754	0.403353558263767		0.58585140635046		1.1931779384613	0.403127870566305	0.693147456825851	0.581590347907153	4.05328181779588E-4	99.9067132762302
752	0.426387965520359		0.618548528412191		1.18890511989594	0.426162277822896	0.729539043509961	0.58415280390278	3.97199861866998E-4	99.9085831625867
750	0.458347855529372		0.664101788728216		1.1848680973053	0.45812216783191	0.781036440113172	0.586556714006235	3.46592113653248E-4	99.920226052921
748	0.505667937432576		0.731762857183442		1.18107759952545	0.505442249735113	0.858450807813859	0.588784173926376	2.90368732595995E-4	99.9331624747169
746	0.561567285048568		0.811358639946448		1.17750906944275	0.561341597351106	0.949581824483107	0.591146105451908	3.92395216427588E-4	99.9096884678432
744	0.610116872867269		0.87942913741615		1.174187541008	0.609891185169807	1.02683076536061	0.59395492007451	3.63254954979814E-4	99.9163924261961
742	0.663634112948835		0.954232265474185		1.17108881473541	0.663408425251372	1.11172202588645	0.596739481456608	3.83609636105769E-4	99.9117096159535
740	0.748248750061903		1.07353601347159		1.16803753376007	0.748023062364441	1.2481766811184	0.599292611118317	4.10389751920335E-4	99.9055489006485
738	0.861987229832036		1.2333899599764		1.16498303413391	0.861761542134574	1.43113974764932	0.602150519227795	4.05541761031654E-4	99.906664143679
736	0.948903331169307		1.35352178536308		1.16204738616943	0.948677643471844	1.56713228342003	0.605359007346525	5.09414682863339E-4	99.882771700627
734	0.986626692224626		1.40357497608104		1.15931880474091	0.986401004527164	1.62148013506358	0.608333696600291	4.7913552635508E-4	99.8897358036382
732	0.99246134948891		1.41057912278157		1.15665113925934	0.992235661791448	1.6258503615554	0.610287198166385	4.87160443805824E-4	99.8878900526296
730	0.988434646929316		1.4058920537085		1.15388596057892	0.988208959231854	1.6165551361276	0.611305446468763	5.31645130574724E-4	99.8776590823514
728	0.989779550793571		1.41042874924702		1.15089321136475	0.989553863096109	1.61758364797275	0.611748186460883	5.19253024469729E-4	99.880509020029
726	0.998555333229208		1.42667718057858		1.1476241350174	0.998329645531746	1.6316360439174	0.611858048400825	5.45912124866904E-4	99.8743780584238
724	1.01459424948592		1.45350649809832		1.14410185813904	1.01436856178846	1.65732371440374	0.612052161549744	5.55808844851122E-4	99.872102143043
722	1.01951145253024		1.46347072657413		1.14027833938599	1.01928576483277	1.66314703335342	0.61286569641265	5.56204277471443E-4	99.872011207812
720	0.996417034287557		1.43225747718714		1.13600122928619	0.996191346590095	1.62145038701887	0.614382872621624	5.7344004719018E-4	99.8680476832892
718	0.935732464217541		1.34544138988755		1.13137769699097	0.935506776520078	1.51662928862478	0.616832856609514	5.25042451968701E-4	99.8791775568504
716	0.825245377867033		1.18653594649175		1.12621939182281	0.825019690169571	1.33075210900504	0.619964969122922	5.84919686492544E-4	99.8654079214199
714	0.693798690465022		0.997802034892375		1.12039887905121	0.693573002767559	1.11241726984467	0.623482771769991	5.84500350569878E-4	99.8655043471746
712	0.568193155078245		0.819032118919692		1.11375534534454	0.567967467380783	0.906715114504224	0.62640123484799	5.79501258490788E-4	99.8666538891234
710	0.468075647543724		0.678194501379424		1.10628998279572	0.467849959846262	0.744830271199152	0.628129626220802	4.99837865488219E-4	99.8849742835522
708	0.39557120538959		0.57757998426437		1.09837675094604	0.395345517692128	0.628989894526008	0.628540332893664	4.39414316228561E-4	99.898872283156
706	0.341934528357818		0.504508025938187		1.09038031101227	0.341708840660356	0.544734476168766	0.627294316055901	4.89368822835674E-4	99.8873821259346
704	0.303057776499002		0.45261513704642		1.0826700925827	0.302832088801539	0.484699710299938	0.624782896226909	6.76297820382006E-4	99.8443978578977
702	0.281765991305759		0.425655946480315		1.07555782794952	0.281540303608297	0.45251945776991	0.622161762934513	4.53625093335919E-4	99.8956034933364
700	0.271328560012016		0.414077424798065		1.0694442987442	0.271102872314554	0.437564728553535	0.619572041857082	5.83675541537395E-4	99.8656940112198
698	0.276363310968461		0.424382423231009		1.0649927854538	0.276137623270998	0.446718134242167	0.618147332969704	5.77149857986309E-4	99.8671945985863
696	0.29736438540847		0.457300200809437		1.06259047985077	0.297138697711008	0.480688588641899	0.618152177380621	7.06376253392196E-4	99.8374830589233
694	0.325322679974489		0.499592397906071		1.06203079223633	0.325096992277026	0.525351015955943	0.618818622983856	5.93096590457304E-4	99.863527671505
692	0.349517443366581		0.535629265743032		1.06277585029602	0.349291755669118	0.564018684048747	0.619291107808283	6.31971404389006E-4	99.8545890308545
690	0.366660657104232		0.560985330400015		1.06392598152161	0.36643496940677	0.591606038499164	0.619390177856151	6.22148693812652E-4	99.8568475302389
688	0.378610786145837		0.579003135198625		1.06461536884308	0.378385098448375	0.611171410698053	0.619114526342454	6.9197726124819E-4	99.8407932160298
686	0.385341149278124		0.58908472298793		1.0645604133606	0.385115461580661	0.621872321272825	0.61928381181594	6.08927290230631E-4	99.8598875591439
684	0.382694863277956		0.585156231182339		1.06376242637634	0.382469175580493	0.61722718818781	0.619657045088097	6.73601838287343E-4	99.8450176667039
682	0.37764598451395		0.577930192087678		1.06245732307434	0.377420296816488	0.608792569558827	0.619948921337842	7.34291469717303E-4	99.8310659951906
680	0.378699283459937		0.580112309388529		1.06094348430634	0.378473595762474	0.610240236631886	0.620204262261357	6.58964693970878E-4	99.8483828270313
678	0.386475383892732		0.592369281690626		1.05921316146851	0.38624969619527	0.622227724893655	0.620752950636013	6.14573770106203E-4	99.858589239217
676	0.394325166271034		0.604864881921458		1.05730748176575	0.394099478573572	0.634319937643727	0.621294484353607	8.16422388567121E-4	99.8121883849989
674	0.401633574750132		0.616299568155064		1.05524814128876	0.401407887052669	0.645150890479945	0.622192254519019	7.15842139571369E-4	99.8353070240176
672	0.40775455372958		0.626159990784121		1.05312037467957	0.407528866032117	0.65423424205026	0.622909716182067	6.92161255667403E-4	99.8407509172081
670	0.413555545222514		0.635559197289532		1.0509113073349	0.413329857525051	0.662739626579783	0.623668543343534	7.99318816086983E-4	99.8161193090281
668	0.417720245523255		0.642378703182693		1.0485315322876	0.417494557825793	0.66838932824075	0.624627803266502	8.08303785612033E-4	99.8140542689452
666	0.42066235122439		0.647183645180095		1.04595601558685	0.420436663526927	0.671773315975965	0.625860916961414	7.34700584989057E-4	99.830971952102
664	0.424187002699564		0.653053142837306		1.04322910308838	0.423961315002101	0.676145166174156	0.627027058998305	6.97955622037613E-4	99.8394188486363
662	0.429155998041037		0.661151560163345		1.04042720794678	0.428930310343574	0.682754995425473	0.628234598380752	7.615784265729E-4	99.8247937524428
660	0.435956589749703		0.672060998596315		1.03775990009308	0.43573090205224	0.692326017398785	0.629372421520967	8.09360325593659E-4	99.8138114442832
658	0.444918603874048		0.686142059941417		1.03528940677643	0.444692916176586	0.705255838328543	0.63054127595811	7.96901405181881E-4	99.8166749164718
656	0.457808261110142		0.706416691818412		1.03309750556946	0.457582573412679	0.724708351499583	0.631402373749163	8.14418535084081E-4	99.8126489238064
654	0.475083764581151		0.733387561766794		1.03115320205688	0.474858076883689	0.751155539465749	0.632170105836437	8.64277787109469E-4	99.801190573384
652	0.491426752186746		0.758767536030615		1.02945709228516	0.491201064489284	0.776047583089426	0.632952250857898	7.85320714076695E-4	99.81933661617
650	0.501042469616585		0.773783915059967		1.02793705463409	0.500816781919123	0.790337607902962	0.63367449164916	8.07302840075658E-4	99.8142843168767
648	0.504222462890012		0.778860450379038		1.02666783332825	0.503996775192549	0.794573672489791	0.634298357272874	7.93405719663632E-4	99.8174783554373
646	0.505536644098139		0.781423716665183		1.02560043334961	0.505310956400677	0.796376461818003	0.63451267161655	9.21144587316867E-4	99.7881233965054
644	0.5099956199104		0.788702783408558		1.02465677261353	0.509769932212938	0.803102256386283	0.63475096497269	8.23357311992358E-4	99.8105945716172
642	0.518937543092444		0.80295724441117		1.02378344535828	0.518711855394981	0.817011243899134	0.63488949420018	8.90921167220908E-4	99.7950680928916
640	0.531662337963473		0.822934801704391		1.02288675308228	0.53143665026601	0.836730434101764	0.635134839856173	8.62077940134947E-4	99.8016961011131
638	0.545382860674762		0.844626781598183		1.02184903621674	0.545157172977299	0.858047501252276	0.63534614596706	9.30958261541183E-4	99.7858685277218
636	0.561175155838709		0.869346808965226		1.02063095569611	0.560949468141247	0.882254703163807	0.635813519757566	9.81735150049337E-4	99.7742024349153
634	0.576231247087142		0.892802484530682		1.01923584938049	0.576005559389679	0.904955609550333	0.636501451906457	9.82155570542481E-4	99.7741058481503
632	0.588509390958979		0.912074539812561		1.0177036523819	0.588283703261517	0.923208448814624	0.637216550625006	9.56390905978845E-4	99.7800251557403
630	0.601588285254863		0.932717610103611		1.01619136333466	0.601362597557401	0.942813887657161	0.637838077514697	9.91365991739939E-4	99.771989883446
628	0.616439812295129		0.956026070093483		1.01451146602631	0.616214124597666	0.964901992833853	0.638628719988324	0.00106943909350561	99.7540554888677
626	0.632135855933582		0.980648023120098		1.01275491714478	0.63191016823612	0.988167342951978	0.639476878833496	0.00103477967189438	99.7620168053849
624	0.648018342137209		1.00540656122918		1.01092803478241	0.647792654439747	1.01141391375252	0.640482245331513	0.00105770495410645	99.7567507655862
622	0.660983632917922		1.02578303758818		1.0092089176178	0.660757945220459	1.0302580919855	0.641351861597182	0.00106295848726467	99.755544044686
620	0.670878449467739		1.0412504944966		1.00772297382355	0.670652761770277	1.04432806738167	0.64218590184187	0.00107104388885358	99.7536868805729
618	0.678513140294166		1.0533725025048		1.0068142414093	0.678287452596704	1.05559093595952	0.642566575261608	0.00110147760131255	99.7466967649234
616	0.685820100103836		1.06506637239215		1.00664889812469	0.685594412406374	1.06718920359716	0.642430049044208	0.00111824762808418	99.7428451790778
614	0.693643440221502		1.07751211788686		1.00700271129608	0.693417752524039	1.08009719470485	0.641995698094117	0.00116721177337068	99.7316003945702
612	0.700789259895097		1.08875734214612		1.00780045986176	0.700563572197634	1.0922857909739	0.641373876678376	0.00115397315625756	99.7346405635119
610	0.710133886017425		1.10352725633271		1.00835275650024	0.709908198319963	1.10777767110031	0.640839959894516	0.00112642301300639	99.7409675856211
608	0.720010164054134		1.11913536143392		1.0085117816925	0.719784476356671	1.12369333427118	0.640552412659381	0.00117645319369705	99.7294782127985
606	0.733353928649252		1.14006474581074		1.00798010826111	0.73312824095179	1.14419734185189	0.640735836499337	0.00122015368876655	99.7194435278359
604	0.746849080572867		1.16113310784813		1.00688087940216	0.746623392875405	1.16416289540743	0.641339279769865	0.00123556029909566	99.7159060402044
602	0.761914093330053		1.1845850511138		1.00539457798004	0.761688405632591	1.18602287964391	0.642220667666442	0.00127862528203763	99.7060186226402
600	0.779083192382543		1.21102364079087		1.00393652915955	0.77885750468508	1.21084554501671	0.643234397558385	0.00128790132843483	99.7038890358823
598	0.797683320787224		1.23982407555128		1.00287997722626	0.797457633089762	1.23845461951009	0.64391348744391	0.00133166463630005	99.6938425067766
596	0.817831661465993		1.27080707683129		1.00218975543976	0.81760597376853	1.26865311238467	0.644467716026556	0.00129887676564009	99.7013693631912
594	0.838102170418199		1.30225031523104		1.00178515911102	0.837876482720736	1.29964031110515	0.644698749000979	0.00140018119704974	99.6781155272554
592	0.856186070492424		1.33013210528076		1.00154709815979	0.855960382794961	1.32725639474484	0.644909594095058	0.00139142754456818	99.6801246625618
590	0.874266814438731		1.35793561347044		1.00122630596161	0.874041126741269	1.35466888274182	0.645206469179561	0.00142373008412391	99.6727107957982
588	0.892302469884242		1.38579495540014		1.00070452690125	0.89207678218678	1.38184188020843	0.645570810208924	0.00147715487552239	99.6604502986234
586	0.906392232401185		1.40740456590949		0.999973237514496	0.906166544703722	1.40244109753147	0.646135189776402	0.00150797092986699	99.6533789840567
584	0.919061331776831		1.42693498331192		0.999053955078125	0.918835644079368	1.42066376430851	0.646765031363068	0.00156517856829882	99.6402529618567
582	0.932821991817061		1.44791684846246		0.998229086399078	0.932596304119598	1.44043550166305	0.647440515762681	0.00155406576933906	99.6428026057328
580	0.946373099245823		1.46865401756905		0.997582137584686	0.946147411548361	1.46018898988693	0.647962296730936	0.0015856682780772	99.6355521153328
578	0.961962682313413		1.49249057631169		0.997147619724274	0.961736994615951	1.48332154170472	0.648367172980354	0.00159383295637816	99.6336789978572
576	0.977475956787558		1.51637362187056		0.996688485145569	0.977250269090096	1.50644250583837	0.648713950451256	0.00167526328500672	99.6149994083275
574	0.994638008110584		1.5426379137578		0.996220171451569	0.994412320413121	1.5318996915556	0.649136706466288	0.00170212444751546	99.6088383999516
572	1.01190985649128		1.56902585066408		0.9957315325737	1.01168416879381	1.55742360655674	0.649588310164704	0.00170557835949891	99.6080462213564
570	1.03108521041856		1.59820109224672		0.995352268218994	1.0308595227211	1.58587004209649	0.650027742095641	0.00174937384202466	99.5980019710162
568	1.0503266754906		1.62748572469806		0.995181918144226	1.05010098779314	1.61474216424933	0.650321154078068	0.001784040180248	99.5900521573085
566	1.06971464690971		1.65699327707039		0.995282471179962	1.06948895921225	1.64427366720549	0.650432455705437	0.00183577544520805	99.5781892138956
564	1.09173381582808		1.69051680598917		0.995623111724854	1.09150812813061	1.67821322850335	0.650398953834985	0.00188393271734695	99.5671479773751
562	1.11534863171272		1.72646197064046		0.996170461177826	1.11512294401526	1.71494334699255	0.650238939945636	0.0019177188414808	99.5594024099932
560	1.14378229248778		1.76970044458878		0.99668163061142	1.14355660479031	1.75891833631299	0.650147639706467	0.00196868036742073	99.5477204715635
558	1.17373501239983		1.81520885016866		0.997178435325623	1.17350932470237	1.80517508527938	0.650080612275207	0.00202422886291841	99.5349886209236
556	1.20212674019166		1.85805220937246		0.997675478458405	1.20190105249419	1.8488186428634	0.65009137436689	0.00205859835678421	99.5271118645716
554	1.23006597347845		1.90015340061049		0.99818366765976	1.22984028578099	1.89178510310781	0.650095131714811	0.00211713583081998	99.5136977565261
552	1.25754830704784		1.94141756914678		0.998678505420685	1.25732261935038	1.9339325713848	0.650137775201781	0.00215711434864918	99.5045375502669
550	1.287212375838		1.98594366516026		0.999059557914734	1.28698668814054	1.97915469815077	0.650270890569108	0.00217101156462522	99.5013535035388
548	1.31584033653904		2.02870986494055		0.999196529388428	1.31561464884157	2.02215787946434	0.650599373175587	0.00223290007190443	99.4871752172601
546	1.34381810864404		2.0702252700481		0.99907249212265	1.34359242094658	2.06338375408137	0.651159736180413	0.00227746602637317	99.4769666753027
544	1.3716649176148		2.11148886363322		0.998806416988373	1.37143922991734	2.10404857134418	0.651809681865467	0.00232846036250192	99.4652868951537
542	1.39278314506948		2.14225663206497		0.998482644557953	1.39255745737202	2.13408760713568	0.652530595611806	0.00243011351754022	99.442008273315
540	1.41371141158742		2.1726226353616		0.99831360578537	1.41348572388995	2.16404110962232	0.653169534351704	0.00246417221636297	99.4342100332946
538	1.43397399573497		2.20178200536227		0.998360693454742	1.4337483080375	2.19325475026244	0.653708060071884	0.00254482692463087	99.4157453903323
536	1.45350109892842		2.22978937829723		0.998661279678345	1.45327541123096	2.22188497382822	0.654073198365002	0.00258804581918066	99.405852506558
534	1.47570568380064		2.26148088451826		0.999168038368225	1.47547999610317	2.25467758281592	0.654408420675568	0.00268564142121649	99.3835163166507
532	1.49360461317248		2.28659918031633		0.999805629253387	1.49337892547501	2.28122975522004	0.654637667274757	0.00273926867080055	99.3712450679641
530	1.51413965581503		2.31539020559191		1.0004802942276	1.51391396811757	2.31157397368038	0.654927761497153	0.00280372176195121	99.3564986022742
528	1.53221675657288		2.34035917033589		1.00102841854095	1.53199106887541	2.33783503861273	0.655303322763309	0.00286431922251059	99.3426362767425
526	1.55111971670242		2.36655243683279		1.0014044046402	1.55089402900496	2.36494318148701	0.655784900519176	0.00297500074503258	99.3173216717831
524	1.57341769512895		2.3975230861231		1.00163662433624	1.57319200743149	2.39651293428418	0.65645045554548	0.003023237600824	99.3062911625797
522	1.59590944796876		2.42871539312736		1.00181710720062	1.5956837602713	2.42819374384133	0.657148452144093	0.00311420190050263	99.2854933361215
520	1.62525438193354		2.46994783681026		1.0020604133606	1.62502869423608	2.47010086630783	0.657879488405296	0.00316954620865798	99.2728416975168
518	1.6556459455328		2.51279627169764		1.00242054462433	1.65542025783534	2.51394074919672	0.658496131368368	0.00325001815833683	99.2544487881548
516	1.68929869808388		2.56025774855878		1.00289297103882	1.68907301038642	2.56272431492725	0.659092747724744	0.00334508714316065	99.2327239278105
514	1.72931556926187		2.61680674247344		1.00349617004395	1.72908988156441	2.62101238734843	0.659703055930101	0.00339927461612064	99.220343307461
512	1.77414119164135		2.68038581204361		1.00418245792389	1.77391550394389	2.68664987584424	0.660270443087214	0.00346221856355643	99.2059639686096
510	1.82384993778061		2.75119646605754		1.00497353076935	1.82362425008315	2.7599291924829	0.660750375426326	0.00355266174629177	99.1853061677614
508	1.88513601419588		2.8387259212742		1.00580215454102	1.88491032649842	2.85024213217144	0.661315859878338	0.00363203857148064	99.1671795380253
506	1.96005235911138		2.94653322064811		1.00663805007935	1.95982667141391	2.96113382256292	0.66185008474816	0.00374585292370288	99.1411944749634
504	2.03843053262632		3.05897904783552		1.00742840766907	2.03820484492886	3.0767398648399	0.662456019834785	0.00383064976942987	99.121838852802
502	2.12965790897078		3.18874121528576		1.00814700126648	2.12943222127331	3.20975382784606	0.663425401287641	0.00385766558301431	99.1156730506925
500	2.22058349698636		3.31898093644504		1.00866842269897	2.2203578092889	3.34278263148501	0.66422440644982	0.00404025705988438	99.0740103679154
498	2.33863903606542		3.48841056955709		1.00904226303101	2.33841334836795	3.51498321932719	0.665270131450458	0.00410690061704845	99.0588083835973
496	2.51608792939933		3.74628913542119		1.00876116752625	2.51586224170187	3.77414191063645	0.666605098926344	0.00426450323046826	99.0228671148415
494	2.72815185189181		4.05310935148036		1.00816118717194	2.72792616419435	4.08122139948816	0.668409257222965	0.00439011773664694	98.9942300716126
492	2.89421636782981		4.28897618159257		1.00794267654419	2.89399068013235	4.31807707243979	0.670203572465926	0.0045433879445795	98.959299420205
490	2.96221389441358		4.37773333455822		1.00791668891907	2.96198820671612	4.40742555588299	0.672044977087016	0.00460880958154934	98.9443934243159
488	3.00282358175131		4.42680332947934		1.00887954235077	3.00259789405385	4.46114164251341	0.673055942774814	0.00470990336578182	98.9213641216842
486	3.09884049298874		4.55865824106184		1.00954282283783	3.09861480529128	4.59718776714967	0.674023982103403	0.00485668344354281	98.8879369593232
484	3.31051360005309		4.85770926281611		1.01009511947632	3.31028791235563	4.90177275574352	0.675324638107077	0.00497978429583977	98.8599111272085
482	3.49187582833231		5.10891117831627		1.01073944568634	3.49165014063485	5.15879921606145	0.67683388990289	0.0051020682805461	98.8320791316836
480	3.56753585244405		5.20321882442381		1.01162850856781	3.56731016474659	5.25874128326755	0.678358179760085	0.00526892845224431	98.7941141775843
478	3.54005251271012		5.14742242083816		1.0127238035202	3.53982682501265	5.20792860116887	0.679699568887748	0.00536396098540583	98.7724983657728
476	3.63502423108063		5.27204038909022		1.01399922370911	3.63479854338317	5.34084996807662	0.680565558873423	0.00552939879047224	98.734879666857
474	3.90802669092726		5.65422217467247		1.01552999019623	3.9078010032298	5.73702975533296	0.681154041356895	0.00566241276757678	98.7046441732086
472	4.37538075644262		6.31522572671873		1.01726651191711	4.37515506874516	6.41925665871655	0.681567243896417	0.00588737739514888	98.6535283881297
470	4.90373115716347		7.06271749619284		1.01911818981171	4.90350546946601	7.19272376035554	0.681731376435292	0.00603814959231113	98.619285200056
468	5.33291989080008		7.66209359731347		1.02110064029694	5.33269420310262	7.8187388032945	0.682040203319701	0.00621468644329301	98.5792054827964
466	5.45208024188644		7.80181179011456		1.02326714992523	5.45185455418897	7.9782971677016	0.683335609039436	0.00641619396443757	98.5334765029503
464	5.27665299161085		7.51583901781975		1.02553856372833	5.27642730391339	7.70273101569047	0.68500734261203	0.00657446438778526	98.4975743803235
462	5.07463556077744		7.20718003467809		1.027627825737	5.07440987307998	7.40123672130565	0.685616480617688	0.00677561210058128	98.4519648339307
460	4.91169599599883		6.96645158349156		1.02919805049896	4.91147030830137	7.16478862637479	0.685501075387126	0.00693753054603794	98.4152657312556
458	4.76224569142022		6.7510904515396		1.03004312515259	4.76202000372276	6.94884038185906	0.68529707721517	0.00719249165221041	98.3575060725294
456	4.55922503549317		6.46971562844517		1.03006207942963	4.55899934779571	6.65913471515447	0.684623384689996	0.00745005049828925	98.2991923327273
454	4.37781833699929		6.2280230024578		1.02918720245361	4.37759264930183	6.40473186190292	0.683493508188989	0.0076951594802526	98.2437294657065
452	4.2434857374384		6.06028311543274		1.02735614776611	4.24326004974094	6.2210084266852	0.682085565346503	0.00792901957923054	98.1908411503684
450	4.07599542804906		5.84549395125193		1.02460694313049	4.0757697403516	5.98428654172437	0.681078640191111	0.0082136993145525	98.1264982119517
448	3.81349126405892		5.49117735110521		1.02102768421173	3.81326557636145	5.60161457883442	0.680744010980297	0.00842519526573938	98.0787234751112
446	3.47300706620067		5.02272091498879		1.01675081253052	3.47278137850321	5.10184712345848	0.68069099180476	0.00866960746407634	98.0235422713403
444	3.20495703065066		4.65517854829336		1.0121191740036	3.20473134295319	4.70660983431586	0.680900150164884	0.0089758959799431	97.9544350136863
442	3.07458350333957		4.478612504077		1.00782012939453	3.07435781564211	4.50867137735719	0.681876667942958	0.00920947027327751	97.9017668648237
440	3.02691127452615		4.41406799017475		1.0045450925827	3.02668558682869	4.42918201446381	0.683350916025765	0.00946212041117639	97.8448292278492
438	2.99923179221488		4.37277155235149		1.00285410881042	2.99900610451742	4.38031192444781	0.684655831877881	0.00965967527015959	97.8003310210013
436	2.97141679965024		4.3272113059515		1.00277864933014	2.97119111195278	4.3342954867394	0.685507280489532	0.00992031061147289	97.7416552227587
434	2.93619205613865		4.26848115481899		1.00421047210693	2.93596636844119	4.28150680058627	0.685732034348086	0.0102604864586917	97.6651257403019
432	2.92062795463834		4.23456829362638		1.00665414333344	2.92040226694088	4.25778700556876	0.685896749443145	0.0105741313211109	97.5946180371613
430	2.9272084453347		4.23224595232706		1.00962591171265	2.92698275763724	4.26801182703517	0.685795371769273	0.0109509605138098	97.5099737413405
428	2.93683975144856		4.23438542497476		1.01240730285645	2.9366140637511	4.28193567522738	0.685814614343818	0.0112815793286064	97.4357697964931
426	2.93102522754601		4.21856700218641		1.01423370838165	2.93079953984855	4.27361680580392	0.685789033744974	0.0116191658196816	97.3600602950078
424	2.91104503475476		4.19010265171421		1.01462960243225	2.91081934705729	4.24640418863085	0.685478635041526	0.0120181423239527	97.2706588845174
422	2.89030499577513		4.1692291679109		1.01337480545044	2.89007930807767	4.21999997892957	0.684852920025549	0.0123430479578309	97.197915693919
420	3.3487696033182		4.85085829360521		1.01114857196808	3.34854391562073	4.89995758469844	0.683382224792628	0.0127319052384406	97.110925868088
418	3.19517081975226		4.65496610444655		1.0079870223999	3.1949451320548	4.68718014487987	0.681634806706727	0.013177288643952	97.0113864396972
416	3.00805555438665		4.41226535834602		1.00422537326813	3.00782986668919	4.42596207796685	0.679587807962171	0.0134955671557342	96.9403163948944
414	2.83221554776506		4.18585235387963		1	2.83198986006759	4.18092641931565	0.677359411776289	0.014019007611986	96.8235478916373
412	2.68609788233329		4.00079804553704		0.995681941509247	2.68587219463583	3.9786177014763	0.675076721656169	0.0145294694073062	96.7098101190803
410	2.5680910004806		3.8516691667384		0.991583049297333	2.56786531278314	3.81436538402338	0.673209054260702	0.0150308204220306	96.5982324033268
408	2.46696161367766		3.72259365211744		0.988153755664825	2.4667359259802	3.67362731741433	0.671471467529375	0.0155664372052269	96.4791709267475
406	2.38940723166334		3.62390208512898		0.985654711723328	2.38918154396588	3.56706089441874	0.669789951638938	0.0161110609648475	96.3582577721643
404	2.32976992721414		3.54834249802855		0.98426741361618	2.32954423951667	3.48766945628601	0.66793721960033	0.0166463874569187	96.2395564030648
402	2.30270100642386		3.51782714902939		0.984128773212433	2.3024753187264	3.45714716260831	0.666004428052537	0.017273175407682	96.1007605200969
400	2.313396660678		3.54044173389997		0.985299050807953	2.31317097298054	3.48354036120227	0.664028756130787	0.0179440431322955	95.95242538854
398	2.35580669224682		3.60757421165906		0.987817049026489	2.35558100454936	3.55875738976043	0.661911096082874	0.0185539035643658	95.81777822528
396	2.39535369648333		3.66670125487983		0.991658091545105	2.39512800878586	3.63122912581139	0.659591539338813	0.0192296767788585	95.6687992728743
394	2.41562494151951		3.69338982655054		0.996615350246429	2.41539925382205	3.67597973358349	0.657076324919623	0.0199260568216478	95.5155197341368
392	2.41961132822234		3.69326639149244		1.0025714635849	2.41938564052487	3.69782489010216	0.654272636598006	0.0206499015047138	95.3564552766876
390	2.41853434092195		3.68416425773974		1.0093150138855	2.41830865322449	3.7135104792442	0.651219019507568	0.0214356926031899	95.1840779839437
388	2.42381833992427		3.68412293938053		1.01699423789978	2.42359265222681	3.74172215399656	0.64772117022055	0.022177553730952	95.0216234884697
386	2.44178695313373		3.70259743393562		1.02549052238464	2.44156126543626	3.79192707749743	0.643884024016524	0.0229940157608712	94.8431531857413
384	2.46364929923777		3.72789890111968		1.03449034690857	2.46342361154031	3.85137959570343	0.639621089099732	0.0239070758423926	94.6439645399725
382	2.49269220683657		3.76545167440712		1.04369103908539	2.49246651913911	3.92482701692424	0.635051305036209	0.0247834608443914	94.4531702247124
380	2.51520743623879		3.79453178659561		1.0526317358017	2.51498174854133	3.98905938602832	0.630469868999707	0.0257256742798517	94.2484736860086
378	2.5228641158957		3.80301960882732		1.06117713451386	2.52263842819823	4.03045016186997	0.625894956365824	0.0266620800865246	94.0454783808472
376	2.52347711149871		3.80267275091855		1.06922745704651	2.52325142380125	4.06065517095727	0.62139022339255	0.0276697061915017	93.8275321797909
374	2.51664876679944		3.79253167918173		1.07646524906158	2.51642307910197	4.07722596122703	0.617189997079451	0.0286978946983517	93.6056590372264
372	2.51234143039087		3.7877969746108		1.08239138126373	2.5121157426934	4.09454701017885	0.613527146335944	0.0298201144571534	93.3640936446742
370	2.50965934299924		3.78702598096154		1.08660447597504	2.50943365530178	4.10964683900098	0.61062026826417	0.0309811000494364	93.1148396995213
368	2.51232264865266		3.79567128854418		1.08728444576263	2.5120969609552	4.12161846122965	0.609492844761215	0.0322150623854996	92.8506477025641
366	2.52029393035909		3.81355004823837		1.08414971828461	2.52006824266163	4.12911875989205	0.610316241601032	0.0334388714323882	92.5893698939889
364	2.53569831506316		3.84354211110681		1.07767069339752	2.5354726273657	4.13676415666185	0.612912056705619	0.0347066418906671	92.319481807722
362	2.54877434528435		3.87149094156154		1.06871128082275	2.54854865758689	4.1322416410128	0.616747247375942	0.0360605170358414	92.0321320068545
360	2.57100247996116		3.91391086814985		1.05907070636749	2.57077679226369	4.13989143479267	0.620976862015813	0.0374594310003217	91.7361625415397
358	2.59707917175149		3.96347263552993		1.04836678504944	2.59685348405403	4.15000887835973	0.625746488783517	0.0389552794186069	91.4207375248467
356	2.62464554371165		4.01567837506742		1.03684234619141	2.62441985601419	4.1585179704045	0.631094989775628	0.0404108764083854	91.1148414087676
354	2.6522211026835		4.06922454428706		1.02479386329651	2.65199541498603	4.16506827384874	0.636723155689223	0.0419576536831952	90.7909052440476
352	2.67808493558796		4.12167816468293		1.01273274421692	2.6778592478905	4.16916978326949	0.642300358847586	0.0436381863316606	90.4402623890457
350	2.69966712056032		4.16853851117537		1.00126516819	2.69944143286286	4.16888024679881	0.647521941877725	0.0453180069288851	90.0911214586596
348	2.7127167787113		4.2045036038051		0.990810453891754	2.71249109101384	4.16098545661447	0.65188670311307	0.0471432224672406	89.7132887506655
346	2.7220990027949		4.23615049332708		0.981342911720276	2.72187331509744	4.15228222863892	0.655512598908684	0.0490479269219623	89.3206907716962
344	2.72802554818138		4.26434962651519		0.972720801830292	2.72779986048392	4.14323002896972	0.658375190711347	0.051043626615525	88.9111798540004
342	2.72760908089789		4.28296080564004		0.964752793312073	2.72738339320042	4.12724609175708	0.660824029526018	0.0529987207823415	88.5118216949352
340	2.72342122935212		4.2969547826349		0.957048177719116	2.72319554165466	4.10767838776415	0.662952472074358	0.0549695547287891	88.111063919027
338	2.71239605117352		4.30284864979885		0.950148642063141	2.71217036347606	4.08366543157274	0.664150971454956	0.0571386882948698	87.672080301101
336	2.69692598531737		4.30317943837175		0.944044172763824	2.6967002976199	4.05774117333142	0.664581643438314	0.0592986562891639	87.2371248480478
334	2.67048649079411		4.2889153197764		0.938558220863342	2.67026080309664	4.02077345558241	0.66411620365959	0.0615180174880563	86.7924569132947
332	2.63566034103092		4.26489291997005		0.933434963226318	2.63543465333346	3.97640212636784	0.662768646022413	0.0638400600936961	86.3296419930874
330	2.58467421330496		4.21835109886696		0.928119659423828	2.5844485256075	3.91056272850067	0.660889162260899	0.0661959086016786	85.8626111134169
328	2.51784156952905		4.15154512745421		0.923022568225861	2.51761588183158	3.82742309687619	0.657783531662955	0.0686948557388962	85.3699730381194
326	2.4369939917271		4.06428222008805		0.918195605278015	2.43676830402963	3.72728310162589	0.653765286293033	0.0712035691845356	84.8782527385757
324	2.35625641392471		3.97849821408317		0.913534343242645	2.35603072622725	3.62999474269775	0.649045217204994	0.0737518369070303	84.3816790984475
322	2.26899332833589		3.88379621250846		0.908978700637817	2.26876764063843	3.52581046518862	0.643474078666069	0.0765296888339978	83.8436760231457
320	2.18817561381508		3.79803498726521		0.904343068599701	2.18794992611761	3.43027188025313	0.63783571754556	0.0794473121964572	83.2822956397903
318	2.1099462122722		3.71218389629966		0.899914681911469	2.10972052457473	3.33621586939912	0.632369309170246	0.0823121564744004	82.7347280152682
316	2.03752931070609		3.63542791027823		0.895963847637177	2.03730362300863	3.25279851901531	0.626323336997018	0.0854559442717363	82.1379871077257
314	1.97930328310672		3.58034248081084		0.892610192298889	1.97907759540926	3.19145325089404	0.620117996356313	0.0886237152054724	81.5410472313958
312	1.92952243369626		3.5388248466994		0.88999992609024	1.9292967459988	3.1451697706109	0.613415772981965	0.0919002092927382	80.9281831839761
310	1.87390522444584		3.48733430491296		0.888025283813477	1.87367953674838	3.09246668143358	0.605885116886625	0.0952830024789452	80.3002685165538
308	1.81829053472666		3.43649311370986		0.887133359909058	1.81806484702919	3.04425772138933	0.597211213181869	0.0989112323477729	79.632209809752
306	1.75787322295635		3.37650309197691		0.887335538864136	1.75764753525889	2.99172023379501	0.587503976944163	0.10274092498931	78.9330846404882
304	1.69633443658116		3.31482369525071		0.888603985309601	1.69610874888369	2.94118834111355	0.576674647173917	0.106595310035513	78.235649068669
302	1.6272329622479		3.24171612962487		0.891015827655792	1.62700727455044	2.88403129460033	0.564143418830657	0.110967583597139	77.4519606970389
300	1.55443319203098		3.15912714313847		0.894482612609863	1.55420750433352	2.8213781377429	0.550868202862337	0.115421244806332	76.6617546394432
298	1.48016258197619		3.07351150139073		0.900495111942291	1.47993689427872	2.76324630350415	0.535579073208919	0.120238357459902	75.8161352806518
296	1.39696341238676		2.96763105991927		0.909423410892487	1.3967377246893	2.69435340056926	0.518394403790607	0.12531306560469	74.9353835237359
294	1.30923834437792		2.85230228840745		0.92107892036438	1.30901265668045	2.62265833786921	0.499116731210962	0.130958829075246	73.967539263462
292	1.22264674560283		2.73340899542549		0.934718489646912	1.22242105790536	2.55036356567566	0.479312469154379	0.136751922249608	72.9874310099272
290	1.13399761753908		2.60681216731807		0.948803901672363	1.13377192984162	2.46867980934468	0.459262446895688	0.14286977770435	71.9664735626575
288	1.04050598644293		2.46257754875378		0.962523102760315	1.04028029874547	2.36554645719386	0.439763208024037	0.149195310163452	70.9258729620592
286	0.942563167010071		2.30419610895695		0.97529125213623	0.942337479312608	2.24245808738321	0.420225236143544	0.156013639598992	69.8210475499116
284	0.851403695633603		2.15185068964382		0.986907541751862	0.851178007936141	2.11881623236206	0.40172337503156	0.162841870461156	68.7318651798719
282	0.765564263603554		2.00429173759671		0.996903836727142	0.765338575906091	1.99317544006438	0.38397953362368	0.169932141427178	67.618862170374
280	0.684499027416244		1.85958166004995		1.00535523891449	0.684273339718781	1.86458785000007	0.366983695468549	0.177013961994483	66.5251768891475
278	0.611127270812451		1.7246668021906		1.00982344150543	0.610901583114988	1.73663464144425	0.351773233434373	0.184096540120857	65.4490669958328
276	0.545226050983005		1.59974769380304		1.01022160053253	0.545000363285543	1.61112339018259	0.338273509407482	0.191185453513638	64.3894249470804
274	0.483245591635941		1.4793918544402		1.00653350353241	0.483019903938478	1.48409934817215	0.32546332193554	0.198826160131607	63.2665044551959
272	0.434327625522813		1.3842397002794		0.99854451417923	0.434101937825351	1.37730619408702	0.315181867103345	0.20627977544356	62.1899524215459
270	0.394966061654215		1.3083870959072		0.988452672958374	0.394740373956753	1.28840966902713	0.306377997189993	0.213646062270669	61.1440128332825
268	0.36231545204347		1.24726557423981		0.972882628440857	0.362089764346007	1.20865065406408	0.299581821371198	0.221174595302082	60.0932101867268
266	0.33641225726172		1.20086520485734		0.953488886356354	0.336186569564258	1.14031480298185	0.294819087400385	0.228448517917751	59.0951013864173
264	0.313513630339058		1.15885807245683		0.931065678596497	0.313287942641596	1.07438660902152	0.291597028491372	0.235365646617197	58.1613332436663
262	0.292507958731098		1.11850347270353		0.906938552856445	0.292282271033636	1.00994640093373	0.289403745350656	0.241924830170013	57.289518192726
260	0.272048843212263		1.07685381405648		0.883175373077393	0.2718231555148	0.946700304882846	0.287126933531978	0.248480826651885	56.4311854184763
258	0.252640691434345		1.03355023024514		0.859192788600922	0.252415003736883	0.883786577028951	0.285606288098913	0.254251192242821	55.6863570604727
256	0.231914198597242		0.981568522078822		0.834685504436493	0.23168851089978	0.815189410813987	0.284214328383428	0.259873580908417	54.9700863388533
254	0.21166420935931		0.92722579555036		0.80953711271286	0.211438521661847	0.746635966518385	0.283188235155346	0.265224874407013	54.2969113380907
252	0.191552590176976		0.869473817631711		0.784095585346222	0.191326902479514	0.677888178433829	0.282239620878991	0.270652409777064	53.6225657271598
250	0.172187376631309		0.810235966916265		0.758817315101624	0.171961688933847	0.611083196573962	0.28140470871716	0.276106717228959	52.9533308066276
248	0.153719913936547		0.750369113517786		0.735633492469788	0.153494226239084	0.548372969171569	0.279908447112135	0.281532912259667	52.2958333183415
246	0.135956790533404		0.690732903428932		0.715051770210266	0.135731102835941	0.49038748710942	0.276783373156615	0.287711877276086	51.5570574631908
244	0.118979757367598		0.63064216026084		0.697206974029541	0.118754069670135	0.436253716319293	0.272213313555408	0.29443172150024	50.7654544708171
242	0.102976349609889		0.570898810279836		0.681808710098267	0.102750661912427	0.385885236342434	0.266272591525751	0.301903982585663	49.8994797160379
240	0.0880357839499842		0.511856279387829		0.667849898338318	0.0878100962525217	0.338553379255215	0.259368541663047	0.310326193460681	48.9411090392345
