Wavelength	I1	I1 dark	R1	R1dark	XCorrect	I1c	R1c	I1c/R1c	Abs	Percent T
nm	uA	uA	uA	uA		uA	uA	uA/uA	OD	T*100
	Abs Detector Raw	Dark Offset for Abs Detector	Ref Detector Raw	Dark Offset for Ref Detector	Linear interp	Dark subtracted Abs Detector	Corrected Ref Detector	Corrected Intensity 	-Log(T)	% Transmittance
800	0.14029319684237	2.62221244717902E-4	0.206270307098148	0.00498055969155497	1.35067892074585	0.140030975597652	0.271877818784341	0.515051121948008	2.17400993635905E-4	99.9499540984262
798	0.143492311056882		0.211226925959568		1.34199333190918	0.143230089812164	0.276781248262171	0.517484803293084	3.62293605073567E-4	99.9166136003644
796	0.156062200533022		0.229647741010474		1.33337259292603	0.155799979288305	0.299565062100588	0.520087283195896	2.71454251960364E-4	99.9375148786886
794	0.164037614700983		0.240928936872989		1.32502686977386	0.163775393456265	0.312637939644938	0.523850028062059	2.87243377654889E-4	99.9338816358851
792	0.157663839396862		0.231465238485511		1.31713449954987	0.157401618152144	0.298310784058989	0.527643070794982	3.5014469146455E-4	99.9194086975529
790	0.148744020249154		0.218760120356957		1.30966234207153	0.148481799004436	0.279979040108074	0.530331838223037	3.68134673300967E-4	99.9152697752487
788	0.147468453466531		0.217292949723781		1.30193436145782	0.147206232221813	0.276416795946191	0.532551691433647	2.63543966071903E-4	99.9393351677922
786	0.151230863729818		0.222850705591466		1.29363858699799	0.1509686424851	0.281845227691006	0.535643777692807	2.4644584100123E-4	99.9432698456685
784	0.155492712238789		0.229027963180919		1.28498160839081	0.155230490994071	0.287896792891547	0.539187982731533	2.38910074844698E-4	99.9450040506288
782	0.161497173426955		0.237835439494603		1.27644824981689	0.161234952182237	0.297227203785924	0.54246364440573	2.07665285075851E-4	99.9521947313868
780	0.171107859271121		0.2518637603614		1.268270611763	0.170845638026403	0.313114707947552	0.545632746370446	2.27504746983934E-4	99.9476288145961
778	0.184583179651846		0.271574599592332		1.26044166088104	0.184320958407128	0.336026234433522	0.548531452366686	4.04465394725342E-4	99.9069117551611
776	0.201294933582872		0.295779570656502		1.25292003154755	0.201032712338154	0.364347905992197	0.551760306651686	2.88920600028842E-4	99.9334956972523
774	0.226914700936555		0.332885523267023		1.24577045440674	0.226652479691837	0.408494315475636	0.55484855261188	1.58110899321877E-4	99.9636002463365
772	0.289831813798554		0.424734318981556		1.23883104324341	0.289569592553836	0.520003987526575	0.55686033088167	2.03674112154766E-4	99.9531132978036
770	0.387245257852058		0.566535245233796		1.23221707344055	0.38698303660734	0.691957271195689	0.559258573782513	6.20782416091338E-5	99.9857069781769
768	0.439944562145877		0.640612833133597		1.22665858268738	0.439682340901159	0.779703783650771	0.563909461670758	1.30137429761846E-4	99.9700392385518
766	0.39903706414039		0.579149217046185		1.22236526012421	0.398774842895672	0.701843820202459	0.568181739892841	1.6386927156053E-4	99.9622748235454
764	0.337840912346343		0.490640248283639		1.2186872959137	0.337578691101625	0.591867292624575	0.570362132370362	2.49197874168972E-4	99.9426365281075
762	0.317810275219351		0.463216464823883		1.214359998703	0.317548053974633	0.556463353162163	0.570654028104693	1.83588238927734E-4	99.9577361794495
760	0.327889447542357		0.477903983686093		1.20898902416229	0.32762722629764	0.571759228878647	0.573016069963913	1.53598060765013E-4	99.9646389929753
758	0.347596060012442		0.506398416555633		1.2031888961792	0.347333838767724	0.60330039772483	0.575722873841276	1.70716606857807E-4	99.9606987735483
756	0.37294561649074		0.542787097135329		1.19780671596527	0.372683395246022	0.64418828244018	0.578531782407311	1.84225060368831E-4	99.9575896079742
754	0.397910065243526		0.578237205941431		1.1931779384613	0.397647843998808	0.683997183381668	0.581358891030582	9.62729510677273E-5	99.9778347906469
752	0.420148684844606		0.609846541142275		1.18890511989594	0.419886463599888	0.719128262197641	0.583882577937799	6.40144693890109E-5	99.9852612099713
750	0.451622886989349		0.654770402046753		1.1848680973053	0.451360665744631	0.769915254159712	0.586247204878734	9.49186998067105E-5	99.9781465498922
748	0.498050287011354		0.72122605851949		1.18107759952545	0.497788065766636	0.845941514426607	0.588442649139929	-6.12410387375222E-6	100.001410136971
746	0.553286733934195		0.799767650307704		1.17750906944275	0.553024512689477	0.935869007476532	0.590920853529114	-2.3961467511794E-5	100.005517483997
744	0.601584348792477		0.867620114636188		1.174187541008	0.601322127547759	1.01290061779667	0.593663501613608	7.02059087041742E-5	99.9838357986656
742	0.653440669996402		0.939955397550276		1.17108881473541	0.653178448751684	1.0949385746754	0.596543462673529	3.14494679812749E-5	99.9927587545752
740	0.736197102771192		1.05680038701259		1.16803753376007	0.735934881526474	1.228565037064	0.599019880368073	1.04513974534035E-4	99.9759376634675
738	0.846811892673436		1.2124304193497		1.16498303413391	0.846549671428718	1.40665860106911	0.601816013342049	5.77893536792447E-5	99.9866943948426
736	0.93345662255183		1.33215946122969		1.16204738616943	0.933194401307112	1.54224477351161	0.60508838631515	1.59467066395623E-4	99.9632880914803
734	0.969904303070255		1.38030949765838		1.15931880474091	0.969642081825537	1.59444470048928	0.608137793382226	1.91420732626581E-4	99.9559334596096
732	0.977428136963531		1.38958100885181		1.15665113925934	0.977165915718813	1.6014996869402	0.610156794713943	1.34556379986039E-4	99.9690220476865
730	0.97416886207421		1.386196622879		1.15388596057892	0.973906640829492	1.59376582383808	0.611072609452842	1.81047274546475E-4	99.9583210125543
728	0.974573988110189		1.38950117364705		1.15089321136475	0.974311766865471	1.59343537559593	0.61145358122923	1.49296033692215E-4	99.9656292259421
726	0.983897538182797		1.40688866014983		1.1476241350174	0.983635316938079	1.60886357116231	0.611385163148084	2.03550543814723E-4	99.9531417371289
724	1.00089361111293		1.43516494055443		1.14410185813904	1.00063138986821	1.63627660762664	0.611529484198636	1.73999042387218E-4	99.9599432647337
722	1.00484456843357		1.44385342562713		1.14027833938599	1.00458234718885	1.64071556215657	0.6122830613421	1.6569738976553E-4	99.9618540434585
720	0.98343519840193		1.41492432784234		1.13600122928619	0.983172977157212	1.60169785384369	0.613831737863562	2.63748752093292E-4	99.939288042685
718	0.922205111061144		1.32714109821263		1.13137769699097	0.921942889816426	1.49586294512431	0.616328449622642	3.13248941923869E-4	99.927897771751
716	0.816654867037101		1.17480264453668		1.12621939182281	0.816392645792383	1.31747631693517	0.619664001013352	3.31069263995201E-4	99.9237975336352
714	0.688579278559608		0.990816988228391		1.12039887905121	0.68831705731489	1.10453002946052	0.623176408930306	2.93722214684649E-4	99.9323908260073
712	0.563339949226055		0.812488543506386		1.11375534534454	0.563077727981338	0.899366333382163	0.626082728562703	2.59715505151128E-4	99.9402161725977
710	0.464524500096977		0.673499636285879		1.10628998279572	0.464262278852259	0.739575957744142	0.627741172479908	2.66679715537077E-4	99.93861357542
708	0.392585171465975		0.573703233181228		1.09837675094604	0.392322950221257	0.624671762296935	0.628046558049422	2.80601219887662E-4	99.9354100496958
706	0.339146201342593		0.500749075757895		1.09038031101227	0.338883980097875	0.540576228738506	0.626893973656033	1.67017342849361E-4	99.961550229428
704	0.30074432710639		0.449404756810224		1.0826700925827	0.300482105861672	0.481164786640463	0.624488978006197	3.3076589124024E-4	99.9238673345873
702	0.279240183820735		0.422293324728615		1.07555782794952	0.278977962576017	0.44884401113887	0.621547699540771	3.52162338868098E-4	99.9189444925592
700	0.268656202234608		0.410406182442129		1.0694442987442	0.26839398098989	0.433580120815419	0.619018188576384	2.19438022108407E-4	99.9494852911231
698	0.273343158392638		0.420190664519731		1.0649927854538	0.27308093714792	0.442195766089522	0.617556652708056	1.72314028935441E-4	99.960331098756
696	0.293121433154916		0.451431884792847		1.06259047985077	0.292859211910198	0.474394927769393	0.617332089293668	2.83612825440226E-4	99.9347170521911
694	0.320961032347874		0.493767053691067		1.06203079223633	0.320698811103156	0.519106307456719	0.617790241606523	2.89376662724358E-4	99.9333907548287
692	0.345475173485272		0.530487281815824		1.06277585029602	0.345212952240554	0.558495853441895	0.618111934248174	3.53403775100016E-4	99.9186588734095
690	0.362999696730677		0.556429370030036		1.06392598152161	0.362737475485959	0.586700716798291	0.618266630839433	3.29849601857548E-4	99.9240781576098
688	0.374759137906833		0.574087601160649		1.06461536884308	0.374496916662115	0.605880102864813	0.618104002576356	3.98540509923839E-4	99.9082747496394
686	0.381422385560872		0.584174225571028		1.0645604133606	0.381160164316154	0.616586648364491	0.618177778139033	3.11668595127954E-4	99.9282613983384
684	0.379113392039825		0.580732295958317		1.06376242637634	0.378851170795107	0.612463063961523	0.618569825818767	3.97517302174435E-4	99.908510136101
682	0.37426711093126		0.573589672390666		1.06245732307434	0.374004889686542	0.604122915753974	0.619087407435566	2.61169517651436E-4	99.9398815745625
680	0.375098143947959		0.575610082233667		1.06094348430634	0.374835922703241	0.605405673893889	0.61914834773904	4.60197928860683E-4	99.8940916334575
678	0.382274842832857		0.58695866006918		1.05921316146851	0.382012621588139	0.616438863606419	0.619708853775391	3.77066937262487E-4	99.9132148092686
676	0.389997111783934		0.599147727098111		1.05730748176575	0.389734890539216	0.628217391518513	0.620382204951629	3.08112911326303E-4	99.9290795407964
674	0.39724593041952		0.61078282470787		1.05524814128876	0.396983709174802	0.639271714146985	0.620993703287058	4.16219028563615E-4	99.9042079368587
672	0.403170141821629		0.620233334618838		1.05312037467957	0.402907920576911	0.647935232854062	0.621833634207788	4.59313009854752E-4	99.894295177997
670	0.408699918410861		0.629201300891597		1.0509113073349	0.408437697166143	0.656000635200097	0.622617837925659	4.53399039237033E-4	99.8956554898904
668	0.413201052731254		0.636604409992875		1.0485315322876	0.412938831486536	0.662277523585836	0.623513280732706	4.64393514870508E-4	99.8931265918871
666	0.416216046310516		0.641631125976208		1.04595601558685	0.415953825065798	0.665908489632209	0.624641120427125	4.7481134390732E-4	99.8907303905157
664	0.419361970675386		0.646904235391172		1.04322910308838	0.419099749430669	0.669673460451307	0.625827024932761	4.98803758872417E-4	99.8852121217933
662	0.424550246106315		0.65531571118764		1.04042720794678	0.424288024861597	0.676626385900716	0.62706396573168	4.10899995397147E-4	99.9054315237837
660	0.431112241929704		0.665852325220245		1.03775990009308	0.430850020684986	0.68582621736939	0.628220400114754	4.84902088261735E-4	99.8884094765832
658	0.440125506969373		0.68008942050027		1.03528940677643	0.439863285724655	0.698933052016165	0.62933536260134	5.07765725409546E-4	99.8831509427322
656	0.452320400109121		0.699359744214774		1.03309750556946	0.452058178864403	0.717361403450292	0.630167969297121	5.50942051714911E-4	99.873221336597
654	0.469919167433819		0.726753946070644		1.03115320205688	0.469656946189101	0.744258938524239	0.631039711958805	4.87843972103103E-4	99.8877328409944
652	0.486023486217126		0.752041967209832		1.02945709228516	0.485761264972408	0.769067664342222	0.63162357162406	5.67682182613648E-4	99.8693717399603
650	0.495850552523074		0.767288305039536		1.02793705463409	0.495588331278356	0.783604378477761	0.63244711858437	4.81248126314418E-4	99.8892498970763
648	0.498017769311289		0.770884789705341		1.02666783332825	0.497755548066571	0.786329236365193	0.63301162547058	5.64640894149905E-4	99.8700711101901
646	0.498881963643773		0.77268813137294		1.02560043334961	0.498619742399055	0.787361218202205	0.633279530248597	5.58974301944779E-4	99.8713742044778
644	0.503433554201758		0.780184579096892		1.02465677261353	0.50317133295704	0.794318048640905	0.633463300774767	6.14958551511441E-4	99.8585007653522
642	0.512289793180042		0.794337107726865		1.02378344535828	0.512027571935324	0.808130166363705	0.633595419707278	6.13873935392147E-4	99.8587501543712
640	0.524518982889477		0.813734780989199		1.02288675308228	0.524256761644759	0.827263979464731	0.633723665792837	6.24434475155597E-4	99.8563219644583
638	0.538560736373408		0.835737669390049		1.02184903621674	0.53829851512869	0.848908351875607	0.634106748908	6.38451372210268E-4	99.8530991438689
636	0.553429628831085		0.859099764023261		1.02063095569611	0.553167407586367	0.871740499795467	0.634555131620195	6.93292152815175E-4	99.8404909335377
634	0.567711939259855		0.881574063555041		1.01923584938049	0.567449718015138	0.893455524471722	0.63511803606638	6.8255561956527E-4	99.8429591988404
632	0.580815181700173		0.902173833065013		1.0177036523819	0.580552960455455	0.913076871204638	0.635820464589714	7.27477349098983E-4	99.8326323661445
630	0.593686298286926		0.922583585791077		1.01619136333466	0.593424077042208	0.932460270092079	0.636406821905247	7.70697639917666E-4	99.8226976769181
628	0.608465979014002		0.945757719304435		1.01451146602631	0.608203757769285	0.954429215402927	0.637243441371943	7.84621618989802E-4	99.8194972980734
626	0.624736484625258		0.971392834863623		1.01275491714478	0.62447426338054	0.978738783669582	0.638039764848391	8.2507327915626E-4	99.8102002047264
624	0.639627945747396		0.994744716179005		1.01092803478241	0.639365724502678	1.00058033361593	0.638994894285118	8.06882225011981E-4	99.8143809872551
622	0.652263662554816		1.01465980826251		1.0092089176178	0.652001441310098	1.01897730159145	0.639858650719496	8.68665766025073E-4	99.8001822177039
620	0.662312263283707		1.03052214798185		1.00772297382355	0.662050042038989	1.03346181913162	0.640613934431838	8.8332003875922E-4	99.7968147459169
618	0.670852903508369		1.04419948191157		1.0068142414093	0.670590682263651	1.04630041083314	0.640916007793289	9.12440077424442E-4	99.7901234574046
616	0.678216674536074		1.05592893193794		1.00664889812469	0.677954453291356	1.05793602090777	0.640827460161185	9.37948561482428E-4	99.7842624112125
614	0.685108096932853		1.0668648989963		1.00700271129608	0.684845875688135	1.06932040876272	0.640449644536898	9.29757203354311E-4	99.7861444897822
612	0.692253822917484		1.07831047023962		1.00780045986176	0.691991601672766	1.08170237743372	0.639724582388806	0.00101306494464175	99.7670050316551
610	0.701157356207103		1.09238917776393		1.00835275650024	0.700895134962385	1.09649147747541	0.639216217691127	0.00100108681878241	99.7697567088524
608	0.710922817899039		1.10790717086599		1.0085117816925	0.710660596654321	1.11231448171161	0.638902584061273	0.00104643660103717	99.7593391219174
606	0.723371761330741		1.12748614051432		1.00798010826111	0.723109540086023	1.13146329688143	0.63909235242458	0.00105508452891915	99.7573526748939
604	0.738252653605264		1.15085726499369		1.00688087940216	0.737990432360546	1.15376134472106	0.639638722286164	0.00113377870776529	99.7392782758784
602	0.753570698893177		1.17462140094609		1.00539457798004	0.753308477648459	1.17595055998133	0.640595364536772	0.00111453861272833	99.7436970188768
600	0.77013195035288		1.20033054268907		1.00393652915955	0.769869729108163	1.20005551306145	0.641528429917511	0.0011562932843566	99.7341077533253
598	0.787363571682952		1.22710321622711		1.00287997722626	0.787101350438234	1.22564234195407	0.642194972787364	0.00123194067408152	99.7167371253482
596	0.807250669992159		1.2579971382228		1.00218975543976	0.806988448747441	1.25576037840019	0.642629328515304	0.00127970517362637	99.7057706997182
594	0.827441763966655		1.28929207614707		1.00178515911102	0.827179542721937	1.28660421686051	0.642916859654299	0.00130523236908715	99.6999103123476
592	0.845878008399824		1.31779113365038		1.00154709815979	0.845615787155106	1.31484162078195	0.643131289570989	0.00127765460822079	99.7062414717296
590	0.863010508636541		1.34432747753849		1.00122630596161	0.862748287391823	1.34098936695695	0.64336698608552	0.00132687992083376	99.6949408612749
588	0.88032503951218		1.37105721498051		1.00070452690125	0.880062818267462	1.36703909304177	0.643772970902576	0.00135012366180887	99.6896052618872
586	0.895900482565178		1.39506963920097		0.999973237514496	0.89563826132046	1.39005187727057	0.644320025723849	0.00139538356249691	99.6792166736724
584	0.909481139859545		1.4160689921444		0.999053955078125	0.909218918614827	1.40975347940701	0.644948873612482	0.00146501372826122	99.6632364475777
582	0.922691125158323		1.43649878332253		0.998229086399078	0.922428903913605	1.42898312853878	0.645514202016395	0.00149835901050364	99.6555845631807
580	0.936530409160641		1.45775287259308		0.997582137584686	0.936268187915923	1.44925970932815	0.64603202717197	0.00155390117212817	99.6428403702709
578	0.951235736250319		1.4803756544851		0.997147619724274	0.950973515005601	1.47118670692625	0.646398931235905	0.00160099944609346	99.632034911012
576	0.966593675031725		1.5040006153282		0.996688485145569	0.966331453787007	1.49405602845532	0.646783946105478	0.00162183072992863	99.6272560950013
574	0.982281867412886		1.52811113403069		0.996220171451569	0.982019646168168	1.51737340191126	0.647183906697741	0.00165198673813593	99.6203385398088
572	1.00153510860793		1.55768667468399		0.9957315325737	1.00127288736321	1.54607843951798	0.647621014413329	0.00171904593706145	99.6049573994979
570	1.01996598774571		1.58599824317438		0.995352268218994	1.01970376650099	1.57366953734897	0.647978334904288	0.00176536577920704	99.5943345616138
568	1.03866445538339		1.61448995326561		0.995181918144226	1.03840223413868	1.60175464556818	0.648290446362544	0.00178251137354421	99.5904027355767
566	1.05785551152009		1.64384058791396		0.995282471179962	1.05759329027537	1.63112865880726	0.648381281614366	0.00182102266158948	99.5815718965951
564	1.08125214014974		1.67964633239979		0.995623111724854	1.08098991890503	1.66733594772288	0.6483336009047	0.00188445747147595	99.5670276713555
562	1.10566015122165		1.71700458542434		0.996170461177826	1.10539792997693	1.70546776326175	0.648149413192559	0.00194868912783368	99.5523029109386
560	1.13057834814356		1.75499716339753		0.99668163061142	1.13031612689885	1.74420940217873	0.648039235132514	0.0019724673516369	99.5468524338189
558	1.15732701380817		1.79565305678977		0.997178435325623	1.15706479256345	1.78561999883702	0.647990498155849	0.00206211691868119	99.5263055202602
556	1.18805266370981		1.84233995113447		0.997675478458405	1.18779044246509	1.83308840995785	0.647972261464684	0.00209738126530771	99.5182243960626
554	1.21745643800638		1.88701691384657		0.99818366765976	1.21719421676166	1.87861795065946	0.647920039481357	0.00218613406633823	99.4978888424524
552	1.24307469351925		1.92562211266692		0.998678505420685	1.24281247227453	1.9181034355743	0.647938192083169	0.00220096843008861	99.4944903128157
550	1.26931371715708		1.96505519478475		0.999059557914734	1.26905149591236	1.95823129841609	0.648060061617251	0.00227114348845936	99.4784148895853
548	1.29758970184634		2.00738711966442		0.999196529388428	1.29732748060162	2.00079768514951	0.648405128729783	0.00229791623117563	99.4722825806833
546	1.32475938313426		2.04820103063415		0.99907249212265	1.32449716188954	2.04132536786063	0.648841768560222	0.00244643572516216	99.4382709875045
544	1.35071459055008		2.08658532369367		0.998806416988373	1.35045236930536	2.07912019591888	0.649530687045498	0.00249862878326771	99.4263213178203
542	1.37416590149153		2.12095063849776		0.998482644557953	1.37390368024681	2.11275940009192	0.650288755163999	0.00253007133152122	99.4191231979478
540	1.39394124443009		2.14964500117607		0.99831360578537	1.39367902318537	2.14104769177807	0.650933198983514	0.00262205696820022	99.3980679847142
538	1.41245442917056		2.17638356308094		0.998360693454742	1.41219220792585	2.16784340823354	0.651427221432274	0.00268345144551469	99.3840174697708
536	1.43260647865059		2.20569903415521		0.998661279678345	1.43234425740587	2.19777232791965	0.65172549458828	0.0027814318601405	99.3615981453816
534	1.45189754790944		2.23298686119461		0.999168038368225	1.45163532666472	2.22615268574485	0.652082552989404	0.00283700116868679	99.3488853380433
532	1.47197788840538		2.26155716381483		0.999805629253387	1.47171566716066	2.25613799164394	0.652316335530651	0.0028896689555178	99.3368378245046
530	1.48879105728351		2.28507013979509		1.0004802942276	1.48852883603879	2.28118469396727	0.652524471155401	0.00301379700076063	99.3084498848465
528	1.50715375984685		2.31083091361794		1.00102841854095	1.50689153860213	2.30822173318303	0.652836561123674	0.00310792285020957	99.2869288208875
526	1.52705811523607		2.33863506389746		1.0014044046402	1.52679589399135	2.33693189942023	0.65333349866555	0.00319522208240259	99.2669727728349
524	1.54808323722237		2.36789174835087		1.00163662433624	1.54782101597765	2.36677838661506	0.653978008558431	0.00325364189086847	99.253620617203
522	1.57219242657916		2.40181774675047		1.00181710720062	1.57193020533444	2.40119249717024	0.654645642607551	0.00336376691825503	99.2284558443361
520	1.59837563204094		2.43867433107585		1.0020604133606	1.59811341079622	2.43870818654645	0.655311455307562	0.00345333543905093	99.2079931630366
518	1.62693272543269		2.47901644761387		1.00242054462433	1.62667050418797	2.48002440219122	0.65590907200378	0.003546018161707	99.1868234585368
516	1.66302162299357		2.53052382777915		1.00289297103882	1.66275940174885	2.53284959161946	0.656477750297723	0.00364256991021003	99.1647748321411
514	1.70529961232658		2.59110480165817		1.00349617004395	1.70503739108187	2.5951657720713	0.657005193822747	0.00376206205423687	99.1374943068953
512	1.74766114413974		2.65132455727692		1.00418245792389	1.74739892289502	2.65741222000741	0.657556591987881	0.00385517693791767	99.1162410165561
510	1.79910015516467		2.7249245838383		1.00497353076935	1.79883793391995	2.73347174944174	0.658078114137205	0.00393072352371422	99.0990010038761
508	1.85925757069577		2.81157414892175		1.00580215454102	1.85899534945106	2.82287787896874	0.658546146576553	0.00403559405848644	99.0750741270656
506	1.93135616049557		2.91584137995044		1.00663805007935	1.93109393925085	2.93018326015776	0.659035209677255	0.0041711322750007	99.0441587823091
504	2.01148105885705		3.03147950448837		1.00742840766907	2.01121883761233	3.04898101276877	0.65963639300789	0.00427867773494213	99.019635258978
502	2.09938874771477		3.15719291707198		1.00814700126648	2.09912652647005	3.17789343544821	0.660540250675206	0.00436952218044693	98.9989247883513
500	2.19033672708769		3.28762848539844		1.00866842269897	2.19007450584297	3.31110330549883	0.661433457000833	0.00443860323180427	98.9831787768254
498	2.30665243951354		3.45596458091721		1.00904226303101	2.30639021826882	3.48218872646137	0.662339235304053	0.00462356885688059	98.9410309069652
496	2.4785877415609		3.70607129622643		1.00876116752625	2.47832552031618	3.73351661250749	0.663804605024027	0.00466657164892049	98.9312344897564
494	2.68844408349579		4.01077857528231		1.00816118717194	2.68818186225107	4.03849008296896	0.665640327702578	0.0047699157967905	98.9076957431042
492	2.85656662676932		4.2506216797927		1.00794267654419	2.8563044055246	4.27936287424082	0.667460201311235	0.00489455010302201	98.8793151767539
490	2.91989498100846		4.33297809792065		1.00791668891907	2.91963275976374	4.36226094838174	0.669293468298092	0.00502590079017653	98.8494140320975
488	2.95445794962035		4.37320425010366		1.00887954235077	2.95419572837563	4.40701151766875	0.670339915503184	0.00509112736284259	98.8345689797241
486	3.04736176516709		4.50078482088294		1.00954282283783	3.04709954392238	4.53870692476949	0.671358515636506	0.00517457981771251	98.8155791114433
484	3.25597149333744		4.79684834997336		1.01009511947632	3.25570927209272	4.84024226813943	0.672633536036659	0.00530223875941488	98.7865369777212
482	3.44165345548611		5.05537056817864		1.01073944568634	3.4413912342414	5.10462839767807	0.674170765458025	0.0054481521883177	98.7533524410299
480	3.51208131653282		5.14179826070439		1.01162850856781	3.5118190952881	5.19655122966034	0.675798032210999	0.00552014744019675	98.7369829417622
478	3.49221427071377		5.09659456215454		1.0127238035202	3.49195204946905	5.15639869863104	0.677207534474811	0.00562143848623963	98.7139570768257
476	3.58879369659739		5.22347099475304		1.01399922370911	3.58853147535267	5.29154525008574	0.678163240746079	0.00569591783677915	98.6970295741152
474	3.87097973306748		5.61973630566964		1.01552999019623	3.87071751182277	5.70195284766734	0.678840673578399	0.00573689980542923	98.6877165206371
472	4.31506098617584		6.2480929242526		1.01726651191711	4.31479876493112	6.35090913860362	0.679398598021797	0.00591829770403651	98.6465048381855
470	4.82448543238246		6.96971966453319		1.01911818981171	4.82422321113775	7.09789230903701	0.67966982325099	0.00605004904130511	98.6165831185739
468	5.2487506723864		7.56175724029252		1.02110064029694	5.24848845114168	7.7162295071426	0.680188224868554	0.00613429673517738	98.5974545911386
466	5.39513656047335		7.74165150226901		1.02326714992523	5.39487433922863	7.91668122532059	0.681456558080645	0.00624383116619271	98.5725902312879
464	5.23070767685303		7.46987273870655		1.02553856372833	5.23044545560831	7.6555348036539	0.683224045054551	0.00636894240528858	98.5441976009077
462	5.03680590516688		7.16845257877815		1.027627825737	5.03654368392217	7.36138317570179	0.684184420741284	0.00642882445016592	98.5306109183673
460	4.86988642097058		6.92088679363456		1.02919805049896	4.86962419972586	7.11783721340777	0.684143800107289	0.00659425235120092	98.4930865913298
458	4.72110561590102		6.70339446051924		1.03004312515259	4.7208433946563	6.89965518797409	0.684214394204018	0.00668444663772201	98.4726336690795
456	4.52638966453063		6.43032693231349		1.03006207942963	4.52612744328591	6.61850564563856	0.683859421691136	0.00676580615205038	98.4541878089841
454	4.34835291963656		6.19068531217731		1.02918720245361	4.34809069839184	6.36624816941483	0.682991077740456	0.00689753927931498	98.4243285504244
452	4.20935057155917		6.01382274452464		1.02735614776611	4.20908835031445	6.17322095954463	0.681830178750792	0.00700890937227786	98.3990919385972
450	4.04811153411751		5.80557609984894		1.02460694313049	4.0478493128728	5.94333046473703	0.681074245642153	0.00712908306737696	98.3718676770193
448	3.80108184028038		5.47170902110488		1.02102768421173	3.80081961903566	5.58168110117121	0.680945319186747	0.00723252275350342	98.3484403855472
446	3.45273269128169		4.99059926472652		1.01675081253052	3.45247047003697	5.06913186931165	0.681077265110839	0.00736837928708434	98.3176797171006
444	3.18871452583274		4.62755678814982		1.0121191740036	3.18845230458803	4.67859803411586	0.681497380484101	0.00743286893410387	98.3030813236357
442	3.05331510986987		4.4435853313654		1.00782012939453	3.05305288862515	4.47331523531952	0.682503406985373	0.00757416842565805	98.2711032151858
440	3.00521800312846		4.37810947469344		1.0045450925827	3.00495578188374	4.39300519079666	0.684031921514484	0.00771740272093983	98.2386978499449
438	2.97687194611282		4.33541486304763		1.00285410881042	2.9766097248681	4.34279383405425	0.685413546811008	0.00789255921434729	98.1990849211946
436	2.94669281293263		4.28508322262375		1.00277864933014	2.94643059168791	4.29199556732948	0.686494323087386	0.00796139856456265	98.183520768869
434	2.91557031061558		4.23035161395572		1.00421047210693	2.91530808937086	4.24316186122959	0.68706030660967	0.00811119375467557	98.149661524392
432	2.90194544494737		4.19763603303176		1.00665414333344	2.90168322370265	4.22055400380752	0.687512402657312	0.00824639536689608	98.1191109931692
430	2.90591960508774		4.18897913121088		1.00962591171265	2.90565738384302	4.22427337237461	0.68784785635444	0.00841741804842069	98.0804798556512
428	2.916638469791		4.19021474155751		1.01240730285645	2.91637624854628	4.23716164988551	0.688285340405902	0.00855544806833107	98.0493122953715
426	2.915043635813		4.17901461464914		1.01423370838165	2.91478141456828	4.23344603847094	0.688512712357864	0.00874774214037935	98.0059082715304
424	2.89583865053817		4.14917501027618		1.01462960243225	2.89557642929346	4.20482236779862	0.688632283605692	0.00890471459249828	97.9704911790664
422	2.88250501289614		4.13681217341152		1.01337480545044	2.88224279165142	4.18709405770745	0.688363517018659	0.00905165856840441	97.9373483718473
420	3.3386621082414		4.80815540070943		1.01114857196808	3.33839988699668	4.85672338140823	0.687376987492479	0.0092590217349039	97.8905972573208
418	3.19166133734441		4.61988130722346		1.0079870223999	3.19139911609969	4.65176006317577	0.686062710190799	0.00939054007709042	97.8609573231116
416	3.00350998067435		4.37551541464521		1.00422537326813	3.00324775942963	4.3890019960972	0.684266665200925	0.00962328134352248	97.8085270431964
414	2.8306325863456		4.15254775440333		1	2.83037036510088	4.14756719471178	0.682417000672022	0.0098297325692373	97.7620427050798
412	2.68235527980918		3.96324957400739		0.995681941509247	2.68209305856446	3.94117697718988	0.680530987085192	0.010009461577126	97.7215931013149
410	2.56882297801674		3.81979149596733		0.991583049297333	2.56856075677202	3.78270186068515	0.679028073417022	0.0102306042597379	97.6718459480088
408	2.4711590013562		3.69480291004098		0.988153755664825	2.47089678011149	3.6461118132338	0.677679924993854	0.0104959310418506	97.6121927793169
406	2.39162821309978		3.59200503935799		0.985654711723328	2.39136599185506	3.53556757945014	0.67637400166085	0.010783225941764	97.5476416217694
404	2.33078331099915		3.51359921935879		0.98426741361618	2.33052108975443	3.45341901351614	0.674844575950135	0.0111074745038443	97.4748387673272
402	2.30532985406961		3.48391681225083		0.984128773212433	2.30506763282489	3.42372126631542	0.673263812537399	0.0114840418410577	97.3903570776268
400	2.31747920216559		3.50634416079403		0.985299050807953	2.31721698092087	3.44989023269978	0.671678466450073	0.0118291796556062	97.3129908120635
398	2.35787873325416		3.56771270547069		0.987817049026489	2.35761651200945	3.51932755471535	0.669905393958174	0.0122259170668396	97.2241338807783
396	2.40222709733477		3.63161682386768		0.991658091545105	2.40196487609005	3.59638319646117	0.667883466493108	0.0126887612667984	97.1205736055652
394	2.42798934576698		3.6639517920002		0.996615350246429	2.42772712452227	3.64658689622889	0.665753262875183	0.0130665641449809	97.0361228962108
392	2.43204195317266		3.66225093995621		1.0025714635849	2.43177973192795	3.66667491786764	0.663211161719827	0.0136283230289419	96.9106880433514
390	2.4326669653772		3.6536726245608		1.0093150138855	2.43240474413248	3.68267968211741	0.660498591811801	0.014138318298321	96.7969518887698
388	2.43964291017354		3.65405598637568		1.01699423789978	2.43938068892883	3.71108868259943	0.657322122310524	0.0146576094335221	96.6812797782837
386	2.45793498041295		3.67106930417879		1.02549052238464	2.45767275916823	3.75953926169267	0.653716476433792	0.0152441687849312	96.5507899091269
384	2.48436602522921		3.70024382554659		1.03449034690857	2.4841038039845	3.82271417781286	0.649827240132757	0.0158643118161717	96.4130203232232
382	2.50762266331988		3.72698019262725		1.04369103908539	2.50736044207516	3.88461766437409	0.64545874490306	0.0165912445989696	96.2517768233931
380	2.53230340785016		3.75667719934453		1.0526317358017	2.53204118660545	3.9491549459993	0.641160253580462	0.0172730950924599	96.1007782922653
378	2.54584149617498		3.77156304645302		1.06117713451386	2.54557927493026	3.9970112102116	0.636870686883938	0.0180068112278072	95.938558493973
376	2.55035845660615		3.77464420855008		1.06922745704651	2.55009623536143	4.03062787718966	0.6326796501838	0.0187914637180836	95.765379996338
374	2.54375259237473		3.76291556601882		1.07646524906158	2.54349037113001	4.04528644254333	0.628754083859358	0.0195961081557527	95.5881137786386
372	2.53899424034296		3.75503480433156		1.08239138126373	2.53873201909824	4.05902639366982	0.625453439538476	0.0204430146357415	95.4018914933468
370	2.53880817344917		3.75523311731905		1.08660447597504	2.53854595220446	4.07504121515486	0.622949761284312	0.0213068874508673	95.2123123236572
368	2.54194012412025		3.76123513389663		1.08728444576263	2.54167790287553	4.08411717285792	0.622332267978726	0.0221916133694269	95.0185473544076
366	2.55120654254026		3.77668492387396		1.08414971828461	2.55094432129554	4.08909222388117	0.623841229698239	0.0230334821069437	94.8345347418273
364	2.56604249218801		3.80150502631384		1.07767069339752	2.56578027094329	4.0914031544455	0.627114995537766	0.0238900779456237	94.6476688924085
362	2.58613825626786		3.83429686944453		1.06871128082275	2.58587603502315	4.09243353807156	0.631867569984206	0.0247363031883862	94.4634269333109
360	2.612843820126		3.87744943763148		1.05907070636749	2.61258159888128	4.10121834994596	0.637025726493129	0.0255599007724521	94.284455912266
358	2.6411970622002		3.92313105610129		1.04836678504944	2.64093484095549	4.10765883926093	0.642929450643144	0.0263942070763604	94.1035035626706
356	2.6753163711459		3.97708850461615		1.03684234619141	2.67505414990118	4.11844972094114	0.649529393620929	0.0271525419689174	93.9393299297524
354	2.71092120987082		4.03415901464201		1.02479386329651	2.7106589886261	4.12907735475974	0.656480553821891	0.0279601494044372	93.7648040988338
352	2.74161243533412		4.08429609696121		1.01273274421692	2.7413502140894	4.13125641858581	0.663563317386096	0.0287567418548501	93.592976274918
350	2.76524700311077		4.12434998596132		1.00126516819	2.76498478186606	4.12458112143075	0.670367414402297	0.0295126854394299	93.4302077545587
348	2.79189080427384		4.16956502972596		0.990810453891754	2.79162858302912	4.12631382902534	0.676542962726741	0.0302848758134706	93.2642332622875
346	2.80548518410233		4.19624611848653		0.981342911720276	2.80522296285762	4.11306874726077	0.682026762797447	0.0311505214176775	93.0785220222139
344	2.81909630709482		4.22313977072282		0.972720801830292	2.8188340858501	4.10309121000217	0.687002540664607	0.0318712025697734	92.9241928450446
342	2.82993845304759		4.24653986340276		0.964752793312073	2.82967623180287	4.09205618625419	0.691504735762956	0.0325922340302856	92.7700447241868
340	2.83514865322209		4.26223661871113		0.957048177719116	2.83488643197737	4.07439915336835	0.695780242746648	0.0333143604733528	92.6159188013741
338	2.83462414394684		4.27051875002569		0.950148642063141	2.83436192270212	4.05289531921445	0.699342494553126	0.0340762889661474	92.4535754024955
336	2.82815684416799		4.27136966310823		0.944044172763824	2.82789462292328	4.02765977182359	0.702118546036697	0.0348050704992032	92.2985608684393
334	2.80869812354262		4.25495494149413		0.938558220863342	2.8084359022979	3.98884839449941	0.704071858476926	0.0355693552321264	92.136273874352
332	2.78360867295928		4.23313146501884		0.933434963226318	2.78334645171456	3.94670388482949	0.705233159856078	0.0363234271952478	91.9764350981346
330	2.73812902470351		4.18393045935606		0.928119659423828	2.73786680345879	3.87856555762586	0.705896745273706	0.0370597412321064	91.8206280009746
328	2.67944083157864		4.12007176088076		0.923022568225861	2.67917861033392	3.7983220490053	0.705358465071582	0.0379004936237698	91.643044035138
326	2.60574164242		4.03630138768033		0.918195605278015	2.60547942117528	3.70154106772502	0.703890453598728	0.0387398702538423	91.4660932688195
324	2.52742152066264		3.94955668099569		0.913534343242645	2.52715929941792	3.6035057563462	0.701305747872693	0.0397197833805229	91.2599479252236
322	2.44446512450974		3.8573148161299		0.908978700637817	2.44420290326503	3.50168978683988	0.698006691640955	0.0408412108363915	91.0246021010017
320	2.36597517853431		3.77054770221879		0.904343068599701	2.36571295728959	3.40536454469129	0.69470182303318	0.0420231966780777	90.7772042667778
318	2.28790873353375		3.68275868401489		0.899914681911469	2.28764651228903	3.30968653089139	0.691197335740706	0.0433402778043147	90.5023220501707
316	2.22024887784707		3.61113900656669		0.895963847637177	2.21998665660236	3.23098759725155	0.687092286733255	0.0448868212158458	90.1806121070931
314	2.16455765736648		3.55745957318744		0.892610192298889	2.16429543612176	3.17097897537433	0.68253225673509	0.0466054106906682	89.8244546812044
312	2.11764941536642		3.517040925888		0.88999992609024	2.1173871941217	3.1257334663393	0.677404908935333	0.0484018400248392	89.4536693785462
310	2.06378803862851		3.46765782549939		0.888025283813477	2.06352581738379	3.07494496172348	0.671077317828546	0.0505777389775361	89.0066101374143
308	2.00754449148997		3.41493569680381		0.887133359909058	2.00728227024525	3.02508495792554	0.663545750999914	0.0528477993187025	88.5425857400225
306	1.9510965156413		3.36168874633298		0.887335538864136	1.95083429439659	2.97852646760312	0.654966244421678	0.0551142722641436	88.0817080504479
304	1.88569296365655		3.29419873683703		0.888603985309601	1.88543074241183	2.92281238076425	0.645074160360178	0.0575951455553187	87.5799825742389
302	1.81567636481523		3.22104697199261		0.891015827655792	1.81541414357051	2.86556607615242	0.633527231732187	0.0602734865373509	87.0415294173676
300	1.74156589147855		3.1393564522995		0.894482612609863	1.74130367023383	2.80364473732133	0.621085705708033	0.0629812683966697	86.5005226607218
298	1.66593600896825		3.05516210204999		0.900495111942291	1.66567378772353	2.74667356943037	0.606433107400154	0.0659860880753437	85.9041039061566
296	1.57877048929701		2.94946296673015		0.909423410892487	1.5785082680523	2.67778123392196	0.589483654622661	0.0692312861347145	85.2645911383047
294	1.48637652482245		2.83563004482173		0.92107892036438	1.48611430357773	2.60725157169368	0.569992677236108	0.0730536516625977	84.5174427959162
292	1.39404176444922		2.72032112194263		0.934718489646912	1.3937795432045	2.53807902922432	0.549147417064652	0.077452102959502	83.6657863163102
290	1.29511940888746		2.59309580750959		0.948803901672363	1.29485718764274	2.45561384510749	0.527304889660312	0.0828071731395672	82.6404792069957
288	1.18882572278875		2.44934851804492		0.962523102760315	1.18856350154403	2.35276063156218	0.505178251284685	0.088936904114871	81.482265582697
286	1.07655173397956		2.29299784484154		0.97529125213623	1.07628951273484	2.23148324294327	0.482320230787504	0.0960346307485164	80.1614139930929
284	0.971233136683109		2.14041758422075		0.986907541751862	0.970970915438391	2.10747890444402	0.460726279817518	0.103370901824318	78.8186692641055
282	0.871289873532658		1.9912989520041		0.996903836727142	0.87102765228794	1.98016842625807	0.439875538230819	0.110875314273461	77.4684177314744
280	0.780455080804795		1.85056259758599		1.00535523891449	0.780192859560077	1.85546557064365	0.420483609021877	0.118037494579619	76.2013219185579
278	0.697879556537583		1.7162742875757		1.00982344150543	0.697617335292865	1.72810452171863	0.403689317703465	0.124499758759097	75.0758471149416
276	0.625333822879707		1.59214290745647		1.01022160053253	0.625071601634989	1.60338568726404	0.38984481812457	0.129892402146819	74.1493926048164
274	0.557930360014273		1.47226720969328		1.00653350353241	0.557668138769555	1.47687317251257	0.377600561205135	0.134698588006329	73.3333309509621
272	0.506440538747848		1.37821551207105		0.99854451417923	0.50617831750313	1.37123622837772	0.369140128467856	0.138008782303588	72.7765087521458
270	0.465638625458736		1.30160101835863		0.988452672958374	0.465376404214018	1.28164795818198	0.363107826328654	0.140182480812314	72.4131632253585
268	0.43363600778876		1.24102147300743		0.972882628440857	0.433373786544042	1.20252273260719	0.360387188360627	0.141194926901762	72.2445471446279
266	0.408757732741685		1.19179163616801		0.953488886356354	0.408495511496967	1.13161117162492	0.360985753534399	0.140761771576228	72.3166381389756
264	0.388722495394984		1.15084143979844		0.931065678596497	0.388460274150266	1.06687173791389	0.36411150501544	0.139184853394239	72.5796962973937
262	0.371238004803227		1.11297772473977		0.906938552856445	0.370975783558509	1.00488534543787	0.36917224959317	0.136535097672464	73.0238795964762
260	0.353711047475801		1.07282054716586		0.883175373077393	0.353448826231083	0.943089979324575	0.374777416768034	0.133074527238104	73.6080771288835
258	0.335041096988879		1.02758406480267		0.859192788600922	0.334778875744161	0.878613557189494	0.381030855948832	0.129359287002	74.240470060883
256	0.315106907920582		0.978305105648991		0.834685504436493	0.314844686675865	0.812419889622903	0.387539363200481	0.125562445155469	74.8923666566508
254	0.293588818101779		0.924071506622534		0.80953711271286	0.293326596857061	0.744038231499033	0.394235920197392	0.121979339886697	75.5128149517311
252	0.270839440446099		0.86610788167104		0.784095585346222	0.270577219201381	0.675206131585129	0.400732763735674	0.118870155597459	76.0553631592173
250	0.247804838182184		0.80726029676214		0.758817315101624	0.247542616937466	0.608783756044338	0.406618301621434	0.116606149517969	76.4528800772351
248	0.225338110061507		0.75009143163413		0.735633492469788	0.22507588881679	0.548128513004325	0.410626127772728	0.115617479530358	76.6271230687521
246	0.201682553515405		0.68963605193185		0.715051770210266	0.201420332270687	0.489564121710604	0.411427887253864	0.116047455044468	76.5512955293154
244	0.178233538411349		0.629604926683442		0.697206974029541	0.177971317166631	0.435492464815531	0.408666811817324	0.11843272280532	76.1320067078635
242	0.15535351561459		0.570575887307494		0.681808710098267	0.155091294369872	0.38562782075943	0.402178696714478	0.123232338889246	75.2952641314185
240	0.133309664765783		0.512180869840633		0.667849898338318	0.133047443521065	0.338733675570225	0.39277890896762	0.130427343369263	74.0581154889024
