Wavelength	I1	I1 dark	R1	R1dark	XCorrect	I1c	R1c	I1c/R1c	Abs	Percent T
nm	uA	uA	uA	uA		uA	uA	uA/uA	OD	T*100
	Abs Detector Raw	Dark Offset for Abs Detector	Ref Detector Raw	Dark Offset for Ref Detector	Linear interp	Dark subtracted Abs Detector	Corrected Ref Detector	Corrected Intensity 	-Log(T)	% Transmittance
800	0.14590761057726	2.22441379611962E-4	0.214577259427015	0.00493168004163431	1.35067892074585	0.145685169197648	0.283163864903385	0.514490679265717	2.51920946365252E-4	99.9420098792024
798	0.155772827174499		0.229220090484228		1.34199333190918	0.155550385794887	0.30099355123847	0.516789762288454	1.93827174474976E-4	99.9553796016057
796	0.167688727357293		0.246359690940644		1.33337259292603	0.167466285977681	0.321913492897385	0.520221393860813	1.87005895132257E-4	99.9569495707144
794	0.167047770481192		0.245040892422964		1.32502686977386	0.16682532910158	0.318151158085502	0.52435870453989	1.54496366034598E-4	99.9644322238984
792	0.1569198157716		0.230463863367442		1.31713449954987	0.156697374391988	0.297056219417226	0.527500736053941	1.76754632993638E-4	99.9593090227198
790	0.152219036829202		0.224133214894203		1.30966234207153	0.15199659544959	0.28707999552069	0.529457286544494	2.0124392819843E-4	99.9536726075394
788	0.154760198623247		0.228008426518123		1.30193436145782	0.154537757243635	0.290431281479956	0.532097494650556	2.25697758265469E-4	99.9480446720868
786	0.158838901419144		0.234014866466046		1.29363858699799	0.158616460039532	0.296350849591072	0.535232007124	3.04118323724537E-4	99.9299986804922
784	0.164270400191997		0.241963887277789		1.28498160839081	0.164047958812385	0.304582026894737	0.538600259788405	2.55687157577997E-4	99.9411431836725
782	0.172488155286113		0.253976734672415		1.27644824981689	0.172265713906501	0.317893124109013	0.541898206793008	1.93549165135872E-4	99.9554435870789
780	0.184871174340637		0.272087219066602		1.268270611763	0.184648732961025	0.33882551891507	0.544967018872357	1.33027846920146E-4	99.9693738970215
778	0.201058049428545		0.295619916726476		1.26044166088104	0.200835608048933	0.366395563845623	0.548138754577152	2.23559326112716E-4	99.9485368096741
776	0.221923072233356		0.326022731546399		1.25292003154755	0.221700630853744	0.402301410380984	0.551080918766333	3.40384536392684E-4	99.9216542703675
774	0.267792843320822		0.393146046402699		1.24577045440674	0.26757040194121	0.483625987588847	0.553258941429516	3.75404213950399E-4	99.9135973339296
772	0.360989134452334		0.52940652971443		1.23883104324341	0.360766693072722	0.649735725175079	0.555251433920321	1.57495581754722E-4	99.9637418769707
770	0.44075760093047		0.643883772909345		1.23221707344055	0.440535159550858	0.787327677942166	0.55953216417119	3.48567259511534E-4	99.9197716226206
768	0.429798215598285		0.624918080083517		1.22665858268738	0.429575774218673	0.760511638760826	0.564851019135778	3.74608895633259E-4	99.9137803046791
766	0.366771475432647		0.532663770149413		1.22236526012421	0.366549034053035	0.645081373600486	0.568221388887982	3.56544949893658E-4	99.9179361821235
764	0.328302253784604		0.478868801644884		1.2186872959137	0.328079812404993	0.577581149159785	0.568023753687693	3.30591512202838E-4	99.9239074562836
762	0.331477389880316		0.483978944294143		1.214359998703	0.331254948500704	0.581735835196353	0.569425035315033	2.79991314812608E-4	99.9355503949203
760	0.349395655647341		0.510078400366612		1.20898902416229	0.349173214267729	0.610716840464478	0.571743222279849	2.94196828391131E-4	99.9322816161083
758	0.373754851869586		0.545318261065645		1.2031888961792	0.373532410489974	0.65018713393233	0.574499849344682	3.77607006660069E-4	99.9130905616937
756	0.399736275410789		0.58254269832535		1.19780671596527	0.399513834031177	0.691866356915774	0.577443649395158	4.2503869437978E-4	99.9021790997045
754	0.424196025374088		0.617409194310298		1.1931779384613	0.423973583994476	0.730794657828988	0.580154191676767	4.25560478257031E-4	99.902059072126
752	0.451058760709865		0.655888599063769		1.18890511989594	0.450836319330253	0.773926013857099	0.582531548569315	4.4832622606038E-4	99.8968223363003
750	0.494001485300237		0.717762820007938		1.1848680973053	0.493779043920625	0.844610876511841	0.584623117760316	4.5043784618161E-4	99.8963366206487
748	0.547326359812503		0.794095846436325		1.18107759952545	0.547103918432892	0.932064119276945	0.586980988880155	5.04647415312954E-4	99.8838681237447
746	0.600210372967889		0.869018063544177		1.17750906944275	0.599987931588277	1.01746955335623	0.589686374013998	5.53412760735381E-4	99.8726531576832
744	0.648753873750481		0.937174480508165		1.174187541008	0.648531432370869	1.0946278815022	0.59246748902546	5.26400836492043E-4	99.8788651556515
742	0.722364733441698		1.0412406385396		1.17108881473541	0.722142292062086	1.21360982990708	0.595036620721323	4.96641453598032E-4	99.885709440704
740	0.829406094708318		1.19270436168927		1.16803753376007	0.829183653328706	1.38736307373929	0.59766882153916	4.78522689143954E-4	99.8898767591254
738	0.932776706477886		1.33647890396145		1.16498303413391	0.932554265098274	1.5512299250147	0.601170883864583	4.28331281528027E-4	99.9014216979926
736	0.988360142535083		1.41113818894145		1.16204738616943	0.988137701155471	1.63407859808147	0.604706347855982	4.09790649472502E-4	99.9056867188863
734	1.00327949489246		1.42981925820274		1.15931880474091	1.00305705351285	1.6518989640039	0.607214530289203	3.2050414681934E-4	99.9262284175512
732	1.00380009425561		1.43101355568332		1.15665113925934	1.003577652876	1.64947922613805	0.608420910656568	2.41868862188763E-4	99.9443231416648
730	1.00434835597217		1.43439093237881		1.15388596057892	1.00412591459256	1.6494329624915	0.608770369834133	2.10343739944303E-4	99.9515782910952
728	1.01298513022965		1.45088088775725		1.15089321136475	1.01276268885004	1.66413312713814	0.608582734358351	1.53294869846336E-4	99.9647087806023
726	1.03095016372721		1.48092555865771		1.1476241350174	1.03072772234759	1.69388619823774	0.608498801997398	1.31466586870998E-4	99.9697332809802
724	1.0430176685618		1.50177979014176		1.14410185813904	1.04279522718219	1.71254670411746	0.608914912904274	1.75315859685275E-4	99.9596401782605
722	1.03092812820483		1.48610024186457		1.14027833938599	1.03070568682522	1.68894442802619	0.610266193322756	2.12350660591983E-4	99.9511164053676
720	0.981672768294226		1.41538214583367		1.13600122928619	0.981450326914614	1.60227346298704	0.612536092986865	2.75764026725871E-4	99.9365231413753
718	0.889358286851573		1.28165190772057		1.13137769699097	0.889135845471961	1.44445279089318	0.615552028475895	3.21397454107883E-4	99.9260228778999
716	0.755947398712782		1.08930043693155		1.12621939182281	0.75572495733317	1.22123712189622	0.618819182436701	3.31701751628286E-4	99.9236520090596
714	0.623083902539576		0.899416675483257		1.12039887905121	0.622861461159965	1.00217998622092	0.621506585367653	2.50232434694343E-4	99.9423984486759
712	0.512399575741859		0.743084583212421		1.11375534534454	0.512177134362247	0.822121741588057	0.622994270134368	2.40024659432893E-4	99.9447475495152
710	0.430203999745833		0.628449924094063		1.10628998279572	0.429981558366221	0.689791987485575	0.623349598381951	2.3078346998883E-4	99.9468742589512
708	0.369313097431768		0.544563004110655		1.09837675094604	0.369090656052156	0.592718500439643	0.622708175598344	2.31880938149341E-4	99.9466216921372
706	0.323930875933419		0.483127694450132		1.09038031101227	0.323708434553807	0.521415518915565	0.620826237061477	2.88402615836843E-4	99.9336148882715
704	0.293517067003433		0.443106268523624		1.0826700925827	0.293294625623821	0.474398522279184	0.618245234438604	2.50026599168252E-4	99.942445816768
702	0.281042187445126		0.428710579799408		1.07555782794952	0.280819746065514	0.45579871295431	0.616104736771522	1.80969667789332E-4	99.9583388747243
700	0.280777610419816		0.431661557875996		1.0694442987442	0.280555169040204	0.456363834953767	0.614762055079641	1.79048021492715E-4	99.9587811667742
698	0.29658027179466		0.457461708682327		1.0649927854538	0.296357830415048	0.481941215703538	0.614925266315779	1.29029679585442E-4	99.9702942313607
696	0.323532226948196		0.498919968556951		1.06259047985077	0.323309785568584	0.524907252534151	0.615936975547026	1.56137972785257E-4	99.9640543651334
694	0.350102278264146		0.539012338849631		1.06203079223633	0.349879836884534	0.567210105191957	0.616843447748744	2.59179831295845E-4	99.9403394423977
692	0.369860083208391		0.568193462848019		1.06277585029602	0.369637641828779	0.598621020161308	0.617481894854234	1.46290728692907E-4	99.9663209875399
690	0.384284713888058		0.589857016686016		1.06392598152161	0.384062272508446	0.62231726290623	0.617148672230094	1.81997044345787E-4	99.9581024113641
688	0.392698210405953		0.60276381808708		1.06461536884308	0.392475769026341	0.636461282151498	0.616653015717803	1.86983306439515E-4	99.9569547697141
686	0.393163315537151		0.603487918578572		1.0645604133606	0.392940874157539	0.637199276716445	0.616668738518356	2.18090930503189E-4	99.9497953142226
684	0.388179648717465		0.596090671141088		1.06376242637634	0.387957207337853	0.628852722746146	0.616928564201293	2.49549017586605E-4	99.9425557207608
682	0.387284226662938		0.595359092011932		1.06245732307434	0.387061785283326	0.627303927591673	0.617024329449557	2.51213011553157E-4	99.9421727928212
680	0.393476091872571		0.60542163927397		1.06094348430634	0.393253650492959	0.637085909638923	0.617269420878953	2.45403699021305E-4	99.9435096718842
678	0.401907806774183		0.61871005657927		1.05921316146851	0.401685365394571	0.650122134653436	0.617861389396777	1.97644316438598E-4	99.95450106823
676	0.409262532696943		0.630442763594156		1.05730748176575	0.409040091317331	0.661357548567481	0.618485556267292	1.3715285726679E-4	99.9684243736901
674	0.416045693833169		0.641423860809799		1.05524814128876	0.415823252453557	0.671657190700434	0.619100425352281	2.33691413582782E-4	99.9462050381533
672	0.422234715414884		0.651450218039023		1.05312037467957	0.422012274035272	0.680861844973095	0.61982071274966	2.9117999190201E-4	99.9329758003849
670	0.427144048128422		0.659506097218259		1.0509113073349	0.42692160674881	0.687899656503067	0.620616106888413	3.43100287421606E-4	99.9210294374528
668	0.430983996843547		0.665866124658666		1.0485315322876	0.430761555463935	0.693010605955949	0.621580033208491	3.26593259360521E-4	99.9248273917254
666	0.434192042637613		0.671285763919237		1.04595601558685	0.433969601258001	0.696977062542645	0.622645456472892	2.79311837317351E-4	99.9357067496829
664	0.43894279060447		0.678991814303484		1.04322910308838	0.438720349224858	0.703199149293622	0.623892036367736	1.73887634118441E-4	99.9599689071632
662	0.445562830403457		0.689774917287741		1.04042720794678	0.445340389023845	0.712529537209199	0.625013232108429	2.78242460072497E-4	99.9359528248848
660	0.454312354141689		0.703682585078848		1.03775990009308	0.454089912762077	0.725135669401367	0.62621373064843	2.98380262622573E-4	99.9313190017265
658	0.466551592068857		0.722949595499908		1.03528940677643	0.466329150689245	0.743356341749643	0.627329215476447	3.06653564383128E-4	99.9294153301003
656	0.482753865716274		0.7484168628542		1.03309750556946	0.482531424336662	0.768092687791514	0.628220307270569	3.20682455814272E-4	99.9261873906847
654	0.500921767865359		0.776868536324497		1.03115320205688	0.500699326485747	0.7959851611418	0.629030980637277	3.14765023498028E-4	99.9275489333788
652	0.513038409967822		0.79579772753304		1.02945709228516	0.51281596858821	0.814162661637557	0.629869180633712	3.35775081918373E-4	99.9227148105765
650	0.517287509224525		0.802466678922408		1.02793705463409	0.517065067844913	0.819815777717108	0.630708851791989	2.96418949170768E-4	99.9317703016876
648	0.518459731357292		0.804722689045229		1.02666783332825	0.51823728997768	0.821119702329133	0.631134886311561	3.25259447536973E-4	99.9251342828476
646	0.522596070146917		0.811638105277362		1.02560043334961	0.522373628767305	0.827358459307677	0.631375219399365	3.1043422276413E-4	99.9285454195836
644	0.530716678024625		0.824573903565517		1.02465677261353	0.530494236645013	0.839851955453755	0.631652082489225	2.66650837605327E-4	99.9386202207279
642	0.542491615416539		0.843221099535928		1.02378344535828	0.542269174036927	0.858226830097258	0.631848312147821	2.37562896361616E-4	99.9453140798219
640	0.556721258609192		0.86566588338179		1.02288675308228	0.55649881722958	0.880433614521471	0.632073569262852	2.63708143841007E-4	99.9392973874043
638	0.572729671325987		0.890873084208801		1.02184903621674	0.572507229946375	0.905298369992721	0.632396178898431	2.79504042917632E-4	99.9356625211719
636	0.587365868166918		0.913909029551325		1.02063095569611	0.587143426787306	0.927730420936189	0.632881506887323	3.08276500872699E-4	99.9290418996327
634	0.601237110024333		0.935756429976722		1.01923584938049	0.601014668644721	0.948729954624475	0.63349393124476	2.78590210573104E-4	99.9358728036891
632	0.615127444441486		0.957574629352432		1.0177036523819	0.614905003061874	0.969508208929461	0.634244246101699	2.82748901075803E-4	99.9349158484604
630	0.630328140944468		0.981471151473743		1.01619136333466	0.630105699564856	0.992350976824698	0.634962542769952	2.60065033701711E-4	99.9401357388222
628	0.646545097361602		1.00700785791467		1.01451146602631	0.64632265598199	1.01661777228401	0.635757777999406	2.7617506984525E-4	99.9364285553225
626	0.662894152624643		1.03268591628375		1.01275491714478	0.662671711245031	1.04086315637057	0.636655940013986	2.53744384388733E-4	99.9415902614408
624	0.676363166242699		1.05388048040804		1.01092803478241	0.676140724863087	1.06041174934178	0.63762092911813	2.79871643866575E-4	99.9355779324185
622	0.68733947113048		1.07118626464065		1.0092089176178	0.687117029750868	1.07607363522819	0.638540902087209	2.85386224494005E-4	99.9343089793783
620	0.696753242455169		1.08603333489382		1.00772297382355	0.696530801075557	1.08945097463321	0.639341115198014	2.86345405863642E-4	99.9340882650347
618	0.70464510765801		1.098625070073		1.0068142414093	0.704422666278398	1.1011460808188	0.639717725512493	2.77338350593323E-4	99.9361608706696
616	0.712773725179241		1.11152843611031		1.00664889812469	0.712551283799629	1.11395440516489	0.639659289909763	2.82220612875189E-4	99.9350374122177
614	0.721793211837536		1.12588770241035		1.00700271129608	0.721570770457924	1.12880575376897	0.639233781408954	3.05364015347067E-4	99.9297120505928
612	0.730007326794949		1.13897065035612		1.00780045986176	0.729784885415337	1.14288499578409	0.638546212530034	3.15950249230105E-4	99.9272762231657
610	0.741345631193002		1.15685633815087		1.00835275650024	0.741123189813391	1.16154640428505	0.638048714265157	2.5403795660939E-4	99.9415227034453
608	0.754082468300312		1.17681710528302		1.0085117816925	0.7538600269207	1.18186025814967	0.637858851520186	2.77433903813995E-4	99.9361388827757
606	0.767749758284762		1.19824150155972		1.00798010826111	0.767527316905151	1.20283256308284	0.638099882279532	3.0092904632977E-4	99.9307325273849
604	0.783376286542634		1.2225762744117		1.00688087940216	0.783153845163023	1.22602305997862	0.638775787118294	2.66029571519964E-4	99.9387631848279
602	0.801214667819012		1.25036948291881		1.00539457798004	0.8009922264394	1.25215641422409	0.639690231460216	3.11415870028445E-4	99.9283195487138
600	0.820554853288607		1.28026231666167		1.00393652915955	0.820332411908996	1.28035101285915	0.640708995947222	3.15782789947126E-4	99.9273147540565
598	0.83940926788612		1.3094631606612		1.00287997722626	0.839186826506509	1.30828850157468	0.64143866241769	3.11635068351818E-4	99.9282691126261
596	0.860386059184137		1.34195342969641		1.00218975543976	0.860163617804525	1.33994950030416	0.641937339884282	3.74062557818451E-4	99.9139059952255
594	0.879679045557242		1.3717391742063		1.00178515911102	0.87945660417763	1.36924746301589	0.642291936214765	3.24920012470732E-4	99.925212382177
592	0.899345518256979		1.40213799061315		1.00154709815979	0.899123076877367	1.39936792588345	0.64252085548533	3.52472708658297E-4	99.9188730852261
590	0.916778809813295		1.42902546365025		1.00122630596161	0.916556368433683	1.42584015830534	0.642818455557487	3.83376536415471E-4	99.9117632417669
588	0.933210823297441		1.45437668669348		1.00070452690125	0.932988381917829	1.45046617965091	0.643233461770461	3.64068084900139E-4	99.9162053528265
586	0.948198959223879		1.47746064534148		0.999973237514496	0.947976517844267	1.47248955676475	0.643791674779068	3.89138021230277E-4	99.9104377902301
584	0.961845136537516		1.4983306122991		0.999053955078125	0.961622695157904	1.49198610978127	0.644525233079336	4.04789449982194E-4	99.9068372081677
582	0.976621291873981		1.52100054751125		0.998229086399078	0.976398850494369	1.51338404049228	0.645175860435771	4.45258770095547E-4	99.897527917878
580	0.992274741518464		1.54492340813343		0.997582137584686	0.992052300138852	1.53626823997255	0.645754611288832	4.25900175456933E-4	99.9019809305933
578	1.00843334741093		1.56972308821012		0.997147619724274	1.00821090603132	1.5603280280202	0.646153172875176	4.33507940193489E-4	99.9002309104055
576	1.02587074419184		1.59642688876259		0.996688485145569	1.02564830281223	1.58622494869652	0.646597006089867	4.19074071122426E-4	99.9035511709089
574	1.04540290475832		1.62628858786202		0.996220171451569	1.04518046337871	1.61522845669301	0.647079030243557	4.03826049451642E-4	99.9070588329194
572	1.06490341676536		1.6560969788562		0.9957315325737	1.06468097538575	1.64411735352113	0.647569939643038	4.12517367903649E-4	99.9050594628802
570	1.08605881096794		1.68819895443593		0.995352268218994	1.08583636958833	1.67544389958717	0.648088766120955	3.93981552382735E-4	99.909323531036
568	1.10502340439802		1.7170341044672		0.995181918144226	1.10480096301841	1.70385337479921	0.648413167094618	4.07626216943312E-4	99.9061846290971
566	1.1286462448798		1.75305258759964		0.995282471179962	1.12842380350019	1.73987409679569	0.648566356369347	4.17018691708243E-4	99.9040239841657
564	1.15549488063678		1.79394689834932		0.995623111724854	1.15527243925716	1.78118489857462	0.648597706044816	4.4989038422214E-4	99.896462547827
562	1.18198840714224		1.83417028869153		0.996170461177826	1.18176596576263	1.82223346838305	0.648526100670989	4.57934794988242E-4	99.894612188751
560	1.21127723820197		1.87844999249408		0.99668163061142	1.21105479682236	1.86730128663546	0.648558861652399	4.4716828460924E-4	99.8970886874295
558	1.24287542533157		1.92630024681949		0.997178435325623	1.24265298395195	1.91594730110337	0.648584114623782	4.72458079148007E-4	99.8912716591301
556	1.27335801310039		1.97227201482427		0.997675478458405	1.27313557172078	1.96276720979478	0.64864318364779	4.65338742051793E-4	99.8929091781283
554	1.30199121672133		2.01528875537504		0.99818366765976	1.30176877534172	2.00670559876204	0.648709395212128	4.92850070603948E-4	99.8865814449522
552	1.33150726274597		2.05939906464702		0.998678505420685	1.33128482136635	2.05175241709325	0.648852566360031	4.96688711726192E-4	99.8856985715551
550	1.36208252629567		2.10507845228188		0.999059557914734	1.36186008491606	2.0981717058304	0.649069893151128	5.27132294766234E-4	99.8786969353221
548	1.39171666314015		2.14903768672537		0.999196529388428	1.39149422176053	2.14238328051927	0.649507599510049	5.27739835117531E-4	99.8785572137767
546	1.4201378812883		2.19102690286618		0.99907249212265	1.41991543990869	2.18406760228474	0.650124308617243	5.30132727145159E-4	99.8780069006716
544	1.44472658785509		2.22678949915883		0.998806416988373	1.44450414647548	2.21920584737005	0.650910391294859	5.39969663229051E-4	99.8757446512437
542	1.46709163110068		2.25903755200849		0.998482644557953	1.46686918972107	2.25068559215507	0.651743270954392	5.71380220571074E-4	99.8685213511792
540	1.48702254105522		2.2875786285546		0.99831360578537	1.48680009967561	2.27879750590495	0.652449415019513	5.89901483119074E-4	99.8642623708325
538	1.50890978706151		2.31880608936732		0.998360693454742	1.5086873456819	2.31008125986157	0.65308843108502	6.20088410011963E-4	99.857321250127
536	1.53101632139701		2.3501707389002		0.998661279678345	1.5307938800174	2.34209943967133	0.653599012103524	6.21362692269339E-4	99.8570282548637
534	1.55137303945532		2.37853754786888		0.999168038368225	1.5511505980757	2.37163111881626	0.654043786897991	6.096010568007E-4	99.8597326361491
532	1.57143275739274		2.40636396987683		0.999805629253387	1.57121031601313	2.40096552164808	0.65440769633985	6.19234692500181E-4	99.8575175455697
530	1.59286229038817		2.43601023806892		1.0004802942276	1.59263984900855	2.43224619102555	0.654802073443488	6.31950319616971E-4	99.8545938787432
528	1.61264018215484		2.46307611442561		1.00102841854095	1.61241774077523	2.46067243569664	0.655275248092392	6.44011329202167E-4	99.8518208053081
526	1.63602273821375		2.495328444619		1.0014044046402	1.63580029683414	2.49389428934948	0.655922066873506	6.58506710081006E-4	99.8484881218872
524	1.66225771918802		2.53183079676807		1.00163662433624	1.66203527780841	2.5310347013161	0.656662382757605	6.91557237060392E-4	99.8408897762444
522	1.68853001400492		2.56815360179871		1.00181710720062	1.68830757262531	2.5678795707679	0.657471476405897	6.97426002494163E-4	99.8395406022893
520	1.7230109531982		2.61644558280692		1.0020604133606	1.72278851181858	2.61689470090192	0.658333142416781	6.91854227134025E-4	99.8408215005828
518	1.7582134609921		2.666032386808		1.00242054462433	1.75799101961249	2.66754201977692	0.659030300770859	7.52594663062431E-4	99.8268587374991
516	1.80365065746582		2.73042389533976		1.00289297103882	1.80342821608621	2.73337698534351	0.659780273908893	7.65161111126475E-4	99.8239702575876
514	1.84795723748897		2.7926041660874		1.00349617004395	1.84773479610936	2.79741866308381	0.66051421637134	7.69888557547615E-4	99.8228836448809
512	1.90048654514041		2.86695058424736		1.00418245792389	1.90026410376079	2.87398917784994	0.661193896764219	7.91732670161073E-4	99.8178628869272
510	1.96459264962058		2.95817961220314		1.00497353076935	1.96437020824097	2.96793600162162	0.661864072260209	7.86388265339888E-4	99.8190912478028
508	2.04358553382642		3.0710603612638		1.00580215454102	2.04336309244681	3.08391883367326	0.662586534423462	7.82908585753231E-4	99.8198910273536
506	2.13328603700804		3.19910351749045		1.00663805007935	2.13306359562842	3.21537491006784	0.66339498667775	8.00993551183539E-4	99.8157343968479
504	2.2234853072775		3.32731138807191		1.00742840766907	2.22326286589789	3.34705969893296	0.664243564764221	8.43641322981726E-4	99.8059329606527
502	2.32493478196978		3.47139934892194		1.00814700126648	2.32471234059017	3.49470898536889	0.665209134815781	8.53691972402163E-4	99.8036232310179
500	2.44867023923903		3.64868801276431		1.00866842269897	2.44844779785942	3.67534195282678	0.666182311546894	8.69349744853672E-4	99.8000250405791
498	2.63900096601757		3.92405140766011		1.00904226303101	2.63877852463796	3.9545574390456	0.667275305849346	8.93753157477852E-4	99.7944173414986
496	2.84836814291536		4.22496095723898		1.00876116752625	2.84814570153575	4.25700166066053	0.669049704127627	8.92947752165445E-4	99.7946024118409
494	3.02761512950381		4.4774332023239		1.00816118717194	3.0273926881242	4.50900244433238	0.671410744505028	9.15887585633259E-4	99.7893313084858
492	3.09678291975477		4.56599271124738		1.00794267654419	3.09656047837516	4.59728806367492	0.673562421037387	9.46631472618006E-4	99.7822674302533
490	3.13703187955488		4.61326452258193		1.00791668891907	3.13680943817527	4.64481558009021	0.675335626159424	9.62929085472904E-4	99.7785230072422
488	3.2475993888787		4.76501218554979		1.00887954235077	3.24737694749909	4.80234784194989	0.67620610883958	9.98019825106904E-4	99.7704612867507
486	3.46247755208259		5.06681189625793		1.00954282283783	3.46225511070298	5.11018484234596	0.677520523722102	9.94761635589535E-4	99.7712097933609
484	3.65814764651558		5.33480936344878		1.01009511947632	3.65792520513596	5.3836834354153	0.679446562751658	0.00102508102545882	99.7642447115011
482	3.72745117162928		5.4166203860711		1.01073944568634	3.72722873024967	5.46980724295925	0.681418661516339	0.00107029760097794	99.7538582965916
480	3.71047813702913		5.37430665333002		1.01162850856781	3.71025569564952	5.43181279616905	0.683060303231784	0.00109596855495545	99.7479620645867
478	3.82979725276329		5.53224981920281		1.0127238035202	3.82957481138368	5.59764664915752	0.684140148781998	0.00108272496818981	99.751003873745
476	4.12620876036795		5.94490966862813		1.01399922370911	4.12598631898834	6.02313306927588	0.68502327136604	0.00108820523330255	99.7497451460379
474	4.60599002065787		6.61631630901172		1.01552999019623	4.60576757927826	6.71405936744149	0.685988509665706	0.00115339583052723	99.7347731450087
472	5.14406482807814		7.36955280990819		1.01726651191711	5.14384238669853	7.49178244837043	0.686597938761208	0.00121623207506157	99.7203439834445
470	5.58593287074612		7.97745363267445		1.01911818981171	5.58571042936651	8.12494214060125	0.687476948476234	0.00122818333280017	99.7175998382059
468	5.7207245816333		8.13571894454205		1.02110064029694	5.72050214025369	8.30235208189955	0.689021867998744	0.00133214215872273	99.6937328898669
466	5.54641800273995		7.84900827918379		1.02326714992523	5.54619556136034	8.02658590539939	0.690978160170126	0.00136286246718328	99.6866811909917
464	5.35179659238481		7.54720094396397		1.02553856372833	5.3515741510052	7.73488798817526	0.691874809200397	0.00137272758663351	99.6844168061348
462	5.19966828244581		7.3192511768084		1.027627825737	5.1994458410662	7.51639824120818	0.691746987614435	0.00139912958382062	99.6783568910218
460	5.05619186944489		7.10864508634135		1.02919805049896	5.05596942806528	7.31112798906701	0.691544373949674	0.00140615528386615	99.6767443801537
458	4.86264037363625		6.8381615132034		1.03004312515259	4.86241793225664	7.03852141223584	0.690829457988685	0.00144302403465466	99.6682828380074
456	4.68573409260486		6.60135039110277		1.03006207942963	4.68551165122524	6.79472077430413	0.68958119205496	0.00144635086974319	99.6675193499034
454	4.54064224748149		6.4178252722072		1.02918720245361	4.54041980610188	6.60006801575358	0.687935305403586	0.00149898489445074	99.6554409445342
452	4.34723605196524		6.16687305885448		1.02735614776611	4.34701361058563	6.33050835769778	0.686676861471913	0.00156335037761607	99.6406724048224
450	4.0593965633693		5.77707312388861		1.02460694313049	4.05917412198968	5.91417620009688	0.686346497746075	0.0015620922114427	99.6409610677236
448	3.6927166527251		5.27670081143488		1.02102768421173	3.69249421134549	5.38262222792533	0.686002854182973	0.00161659407177656	99.6284573928531
446	3.41199770121008		4.89487378415199		1.01675081253052	3.41177525983047	4.97185260758139	0.68621810200648	0.00160969667711727	99.6300396884507
444	3.28704505034218		4.72805053774827		1.0121191740036	3.28682260896257	4.78035915698287	0.687568130558008	0.00169637638017083	99.6101567729085
442	3.23782073169121		4.66020176360532		1.00782012939453	3.2375982903116	4.69167489798364	0.690073025243722	0.00173613731278124	99.6010375885776
440	3.20558705750361		4.61109430042263		1.0045450925827	3.20536461612399	4.62709805594161	0.692737559777454	0.00180709156030931	99.5847662802957
438	3.17002978957928		4.55212645153716		1.00285410881042	3.16980734819967	4.56017296015557	0.695106825091022	0.00189318751203267	99.5650262288101
436	3.13537868620211		4.49059044592367		1.00277864933014	3.1351562448225	4.49812283860709	0.696992135900261	0.00194467529153448	99.5532229974473
434	3.12528703341041		4.46108663744781		1.00421047210693	3.1250645920308	4.47491747355851	0.69835133507964	0.00197515579926668	99.546236202938
432	3.13765464322427		4.46250724535229		1.00665414333344	3.13743220184466	4.48723691204185	0.699190228495649	0.0020448633545723	99.5302595599148
430	3.15552009237163		4.47182434492444		1.00962591171265	3.15529765099202	4.50989057930484	0.699639513533028	0.0020964243880389	99.5184436639456
428	3.15405374960405		4.4590346794482		1.01240730285645	3.15383130822444	4.50936640427401	0.699395663487274	0.00211900459088755	99.5132695520883
426	3.13906788052331		4.43571640561559		1.01423370838165	3.1388454391437	4.49385122325966	0.698475602151089	0.002186133453971	99.4978889827472
424	3.12192061740823		4.41870773869137		1.01462960243225	3.12169817602862	4.47834784761277	0.69706469489472	0.00218948870334314	99.4971202901806
422	3.09291007064915		4.39321810012135		1.01337480545044	3.09268762926954	4.44697889720908	0.695458130284924	0.00221114851007684	99.4921581395068
420	3.43710127044571		4.90140218500481		1.01114857196808	3.4368788290661	4.95105915877733	0.694170422700996	0.00236800451034832	99.456230618571
418	3.23002604422236		4.63480869730053		1.0079870223999	3.22980360284275	4.66685594870454	0.692072701266749	0.00242300400352921	99.4436361782675
416	3.03846109869875		4.38968136429564		1.00422537326813	3.03823865731914	4.40327688835728	0.689994913868024	0.00246596115076329	99.4338004473571
414	2.89738347963356		4.21223479273905		1	2.89716103825395	4.20730311269742	0.68860287948127	0.00251638464069461	99.4222564181469
412	2.77888519641565		4.06343546227894		0.995681941509247	2.77866275503604	4.04097892552066	0.687621194331773	0.0026065988070633	99.4016059958127
410	2.67215540192025		3.92679425432884		0.991583049297333	2.67193296054064	3.88885245033679	0.687074913400028	0.00269083725323366	99.3823273147438
408	2.58837832461829		3.81904686462265		0.988153755664825	2.58815588323868	3.76893224418197	0.686707989307571	0.0027943502884298	99.3586426010603
406	2.53535806726179		3.7510323629413		0.985654711723328	2.53513562588218	3.69236178869003	0.68658917272069	0.00286580383991453	99.3422966787029
404	2.52042881195035		3.73512832491891		0.98426741361618	2.52020637057074	3.67151100393311	0.686422120993498	0.00297234700683299	99.3179285479619
402	2.54262031210582		3.76925082478257		0.984128773212433	2.5423978707262	3.70457478189397	0.686286016725083	0.00308322846422553	99.292574528014
400	2.58860672427558		3.83396582452398		0.985299050807953	2.58838428289597	3.7727437080697	0.686074772945629	0.00315264034011761	99.2767061865844
398	2.63733577803594		3.89838402006736		0.987817049026489	2.63711333665633	3.84601860104949	0.685673578369258	0.00324837988515638	99.2548232027858
396	2.6585521182832		3.9189877992819		0.991658091545105	2.65832967690359	3.88140542140625	0.684888432999732	0.00336419815415144	99.2283573147607
394	2.66403150058552		3.91426328025781		0.996615350246429	2.66380905920591	3.89609988197888	0.683711696285601	0.0034399557620124	99.2110495945834
392	2.67044694977864		3.90974596338133		1.0025714635849	2.67022450839903	3.9148553710751	0.682074880244101	0.00357690957668095	99.1797685396245
390	2.68485569483825		3.91530551902318		1.0093150138855	2.68463325345864	3.94679902558915	0.680205208335355	0.00367475029350499	99.1574271858551
388	2.70867024064153		3.93475986220716		1.01699423789978	2.70844779926192	3.99661261719851	0.677685845159656	0.00373264068550733	99.144210624272
386	2.74471415651313		3.97156750122024		1.02549052238464	2.74449171513352	4.06774744037009	0.674695702072354	0.00382674033682903	99.1227311319088
384	2.77975933947857		4.00787546494235		1.03449034690857	2.77953689809896	4.14100670469744	0.671222506098801	0.00394463267093831	99.0958272114848
382	2.80647501808275		4.03396052587328		1.04369103908539	2.80625257670314	4.20506130261103	0.667351169163853	0.00407119973622306	99.0669517798904
380	2.82106290376665		4.04373928559983		1.0526317358017	2.82084046238704	4.25137706040782	0.663512180243182	0.00420294181741916	99.0369046399599
378	2.82460050873298		4.03983913913104		1.06117713451386	2.82437806735337	4.28175153546507	0.659631471830978	0.00435909488355408	99.001301755171
376	2.82373021332631		4.0297960263782		1.06922745704651	2.82350777194669	4.3034954699906	0.656096373665489	0.00446720234956612	98.9766607608283
374	2.82319821137531		4.02203201517875		1.07646524906158	2.82297576999569	4.32426891276875	0.652821512015587	0.0046089613562564	98.9443588458114
372	2.82975640226707		4.0251395786429		1.08239138126373	2.82953396088746	4.35143838033439	0.650252563307588	0.00473169538446341	98.9164005722462
370	2.84153951013014		4.03632585301226		1.08660447597504	2.84131706875053	4.38053095276956	0.648623899564989	0.00485320473904447	98.8887290561681
368	2.8592302327157		4.05786327968402		1.08728444576263	2.85900779133609	4.40668948803103	0.648788120674583	0.00509281502901261	98.834184909833
366	2.87579443186827		4.07759884357		1.08414971828461	2.87557199048866	4.41538095800625	0.651262488523099	0.00522720473140212	98.8036060229265
364	2.91056164608481		4.12351687073027		1.07767069339752	2.9103392047052	4.43847855826619	0.655706491875467	0.0053704490124018	98.7710227913049
362	2.94641336713296		4.17139948284363		1.06871128082275	2.94619092575335	4.45275114203928	0.661656318031743	0.00553077338661797	98.7345671591557
360	2.98747717067982		4.22716515156611		1.05907070636749	2.98725472930021	4.4716437851359	0.668043984010998	0.0057304910956511	98.6891728265003
358	3.03040157480518		4.28556606441869		1.04836678504944	3.03017913342556	4.48767490752146	0.675222514078929	0.00592743634012347	98.6444290922072
356	3.06751818598499		4.33590272437381		1.03684234619141	3.06729574460538	4.49053417889241	0.683058100085973	0.00604325196013242	98.6181265647695
354	3.10398854228457		4.38663087846798		1.02479386329651	3.10376610090496	4.49033844935855	0.691209835496551	0.00626641322095351	98.567464875447
352	3.13526537077288		4.43031550231686		1.01273274421692	3.13504292939327	4.48173110254595	0.699516070389036	0.00648172042181908	98.5186108694703
350	3.15490131307723		4.45815154712751		1.00126516819	3.15467887169762	4.4588539392048	0.707508905810947	0.0066933432510524	98.4706164572367
348	3.17364890333435		4.48522361244902		0.990810453891754	3.17342646195474	4.43912008311613	0.714877363652458	0.00688302112843417	98.4276188596414
346	3.19392511174942		4.51523609768066		0.981342911720276	3.19370267036981	4.42615526995071	0.721552335059719	0.0071076087443287	98.3767319375183
344	3.2048569305534		4.5331186317889		0.972720801830292	3.20463448917379	4.40466164254106	0.727555201567089	0.00733197643241226	98.3259211163325
342	3.20723879089544		4.5395973378177		0.964752793312073	3.20701634951583	4.37483136007578	0.733060565210056	0.00754369168529101	98.2779996601383
340	3.21252380308136		4.55141295300486		0.957048177719116	3.21230136170174	4.35120161732354	0.738256151797824	0.00776975625700214	98.2268560388274
338	3.20346716737536		4.54533606582211		0.950148642063141	3.20324472599575	4.31405906156685	0.742512951325322	0.00802236726952064	98.1697381807961
336	3.18065175242746		4.52206712304399		0.944044172763824	3.18042931104785	4.26437539255131	0.745813634654018	0.00830350999547518	98.1062080705361
334	3.14607652063202		4.48579102211473		0.938558220863342	3.14585407925241	4.20554737203501	0.748024882604087	0.0085020091590831	98.0613777737423
332	3.08601626452436		4.41781451603869		0.933434963226318	3.08579382314474	4.11913912774096	0.749135614857726	0.0087529902602467	98.0047239515171
330	3.01883754653107		4.34437143771887		0.928119659423828	3.01861510515146	4.02751934998562	0.749497356272723	0.00902732713349298	97.9428354850173
328	2.93485344286275		4.2512879151416		0.923022568225861	2.93463100148314	3.91948263772387	0.748729174926858	0.00933025873288923	97.8745416529372
326	2.83846283045494		4.14225679253039		0.918195605278015	2.83824038907533	3.79887373589354	0.747126802941171	0.0096208907605805	97.8090654337347
324	2.75046427856047		4.04549873139358		0.913534343242645	2.75024183718086	3.69119676758467	0.745081340917102	0.00994139223507143	97.7369107397867
322	2.65936419103386		3.94304143932251		0.908978700637817	2.65914174965425	3.57965789196024	0.742848012271388	0.0103029701755006	97.6555723732149
320	2.57678973579741		3.85001965746764		0.904343068599701	2.57656729441779	3.47727866054126	0.740972336688351	0.0107157537470607	97.5627978465
318	2.50814231663811		3.77502121538451		0.899914681911469	2.5079198752585	3.39275892497584	0.739197782900641	0.01108615894098	97.4796230372853
316	2.45799836664317		3.72624213110676		0.895963847637177	2.45777592526355	3.33415962998875	0.737150046193753	0.0114281937060615	97.4028818039816
314	2.40533735244929		3.67372461666818		0.892610192298889	2.40511491106968	3.27480196866702	0.734430641633167	0.011909395722577	97.2950183421134
312	2.35161469519326		3.61877308612603		0.88999992609024	2.35139225381364	3.21631858431697	0.7310818851339	0.0123254144346077	97.2018622706563
310	2.29055761169699		3.55394025435384		0.888025283813477	2.29033517031738	3.15160934646006	0.726719246752432	0.0127429233598471	97.1084621794089
308	2.23035470544341		3.49106781319882		0.887133359909058	2.2301322640638	3.0926676609081	0.721103108572928	0.013209287730689	97.0042388439094
306	2.16212640737619		3.41656078224653		0.887335538864136	2.16190396599658	3.02725974780955	0.714145513136387	0.0137420297819394	96.8853182592385
304	2.09330884173321		3.34133658576977		0.888603985309601	2.0930864003536	2.96474269583653	0.705992598714545	0.0141612002866073	96.7918520119273
302	2.01177931080898		3.24839499190287		0.891015827655792	2.01155686942937	2.88997714728923	0.696045943240828	0.0147542660959622	96.6597647685608
300	1.92601590416925		3.14638996545499		0.894482612609863	1.92579346278964	2.80997981454144	0.685340674984141	0.0152574409960865	96.5478393238817
298	1.83898767209513		3.04148517583511		0.900495111942291	1.83876523071552	2.7344015801133	0.67245617618438	0.0158249418876817	96.4217608113652
296	1.74272420934501		2.92077686577056		0.909423410892487	1.7425017679654	2.65173787444003	0.657116898604981	0.0164692606395448	96.2788156700824
294	1.64103283890174		2.79087257918025		0.92107892036438	1.64081039752213	2.56607143557757	0.639425066182078	0.0171341095176177	96.1315379724645
292	1.53837842524943		2.65579487708328		0.934718489646912	1.53815598386982	2.47781084379935	0.620772157696786	0.0178455130288751	95.9741969636536
290	1.42666725626221		2.50342129248706		0.948803901672363	1.4264448148826	2.37057669257609	0.601729030471691	0.0184081650243823	95.8499377092064
288	1.3105233895388		2.34075462077376		0.962523102760315	1.31030094815919	2.24828354441221	0.582800577540922	0.0190655130102657	95.704969014774
286	1.19341179332706		2.17614600570885		0.97529125213623	1.19318935194745	2.1175663383361	0.563472005738916	0.0199362257746807	95.5132832759194
284	1.08459883477749		2.02123346604464		0.986907541751862	1.08437639339787	1.98990343905412	0.544939202634537	0.020861951780285	95.3099075358596
282	0.983828703954557		1.87580228986795		0.996903836727142	0.983606262574945	1.8650780889559	0.527380739926865	0.0215227626123124	95.1649968117046
280	0.887651643791986		1.73406608804172		1.00535523891449	0.887429202412374	1.73839433587019	0.510487858882809	0.0223115096841106	94.9923190652649
278	0.802016683807018		1.60658169768198		1.00982344150543	0.801794242427406	1.61738373290081	0.495735320021658	0.0231044979331433	94.819028668151
276	0.727951134786563		1.49573932812977		1.01022160053253	0.727728693406951	1.50604608833773	0.483204796348675	0.0238647440922752	94.6531901693308
274	0.662497859901617		1.39794494802737		1.00653350353241	0.662275418522005	1.40211452509281	0.472340459120603	0.0247707164569175	94.4559419971198
272	0.614178964525842		1.32692827472715		0.99854451417923	0.613956523146231	1.32007244738685	0.465093051795445	0.0255989597904113	94.2759766595651
270	0.576713426803233		1.27306154154396		0.988452672958374	0.576490985423621	1.2534863512603	0.459910061919697	0.0264467076805673	94.0921283497861
268	0.543690206567755		1.22621989500261		0.972882628440857	0.543467765188144	1.18817008865508	0.457398961964537	0.0272361598482406	93.9212448475359
266	0.513800684134698		1.18342439895779		0.953488886356354	0.513578242755086	1.12367971013844	0.457050383771557	0.0279748595845418	93.7616282035505
264	0.486473639718745		1.14383219574685		0.931065678596497	0.486251198339133	1.06039118150898	0.458558319626138	0.0287489700158473	93.5946511662238
262	0.458732339780766		1.1014206047298		0.906938552856445	0.458509898401154	0.994448078579804	0.461069721262836	0.0293791091618334	93.4589485729075
260	0.426984292880037		1.04889083992505		0.883175373077393	0.426761851500425	0.921999020507597	0.462865840427331	0.0300144672254092	93.3223212731137
258	0.39572304300495		0.994625536186805		0.859192788600922	0.395500601625338	0.850337824122569	0.465109972067208	0.0306694364319724	93.1816858707343
256	0.362333371965273		0.933403949517372		0.834685504436493	0.362110930585661	0.774982344602652	0.467250554941768	0.0313023674471382	93.0459838849625
254	0.330008284814164		0.871808164241036		0.80953711271286	0.329785843434552	0.701768686097459	0.469935250699905	0.0319274607650154	92.9121562914688
252	0.298374347562638		0.809144515809787		0.784095585346222	0.298151906183026	0.630579734204575	0.472821897074	0.0327259897411401	92.7414774428179
250	0.268174243770958		0.747033436346056		0.758817315101624	0.267951802391346	0.563119662251121	0.475834570080868	0.0335961293125201	92.5558493847544
248	0.2397520894961		0.686482171329218		0.735633492469788	0.239529648116488	0.501371368200385	0.477748956778788	0.0344871691732641	92.3661476736194
246	0.211830134956791		0.624694728033628		0.715051770210266	0.211607693577179	0.443162664577585	0.477494406661897	0.0355946365369471	92.1309105609196
244	0.184933757653375		0.562516169779884		0.697206974029541	0.184711316273763	0.388751794856211	0.475139455863048	0.0369236194847056	91.8494120261359
242	0.159948531770545		0.502077349068017		0.681808710098267	0.159726090390933	0.338958247329818	0.471226446470012	0.0384933841472358	91.5180200631201
240	0.136147698354296		0.441641072606627		0.667849898338318	0.135925256974684	0.291656323427919	0.466045979655494	0.0407902037222823	91.035293406373
238	0.11355922409458		0.380977348941557		0.657016694545746	0.113336782714968	0.247068282378871	0.458726557790892	0.0441749667004514	90.3285488618658
236	0.0947592075757676		0.327828863588742		0.649702370166779	0.0945367661961557	0.209787065470733	0.450632006239413	0.0484256214197506	89.4487711473172
234	0.0761494075021185		0.272526027353423		0.645702123641968	0.0759269661225065	0.172786238333808	0.439427160719954	0.054372798977281	88.2322188681115
232	0.0598517441837568		0.222234613369807		0.644411623477936	0.0596293028041449	0.140032536052525	0.425824629654485	0.0624720781782089	86.6020000049065
230	0.0456290157402218		0.176984775904132		0.644490897655487	0.0454065743606099	0.110886654196827	0.409486377684478	0.073964466918223	84.3403760503396
228	0.0336687571133911		0.138022787954042		0.646355271339417	0.0334463157337791	0.0860241391675881	0.388801516149097	0.089678631399788	81.3432215904381
226	0.0248278014907588		0.108580726571138		0.649210751056671	0.0246053601111469	0.0672900753437268	0.365661057525339	0.108751777362184	77.8481367850996
224	0.0183457163649876		0.0863042517074524		0.652522802352905	0.0181232749853756	0.0530974584980422	0.341320950155154	0.130533843309282	74.0399568011985
222	0.0137673777220879		0.0702801242690402		0.655378818511963	0.0135449363424759	0.0428279861693522	0.316263676020534	0.156980667186926	69.6657525441805
220	0.0105149812564309		0.0586013109535849		0.656985223293304	0.0102925398768189	0.0352601544487571	0.291902858558855	0.185702590692082	65.2074788687434
218	0.00817572053980305		0.0499391994388195		0.657121121883392	0.00795327916019109	0.0295753916394669	0.268915430001537	0.2163437861575	60.7653793994434
216	0.00649931625153398		0.0435278893448089		0.655903518199921	0.00627687487192202	0.0253153894711327	0.247946999949559	0.248201562238032	56.4674840372451
214	0.00532835698382826		0.0388181138204154		0.654084265232086	0.0051059156042163	0.0221645831395298	0.230363710071771	0.278464075365433	52.6666778719445
212	0.00447720371364684		0.0351468703772908		0.652615189552307	0.00425476233403488	0.0197188921682635	0.215770860641081	0.305114046691101	49.5320101570934
210	0.00381216501143207		0.0321506396058006		0.652986526489258	0.00358972363182011	0.0177736138604565	0.201969259600417	0.329770636414103	46.7982231102833
208	0.00324009681837493		0.0293059057685958		0.655270755290985	0.00301765543876297	0.015971717301739	0.188937443717114	0.352681535105614	44.3934058128465
206	0.002737107695133		0.0266088704953303		0.661797821521759	0.00251466631552104	0.0143459174189682	0.1752879402607	0.374943987189993	42.1750894931098
204	0.00227989488167521		0.0240731596938475		0.668592393398285	0.00205745350206325	0.0127978476938578	0.160765587408163	0.399637535840889	39.8439571309497
202	0.00183467297774591		0.0214365073587257		0.687935590744019	0.00161223159813395	0.0113542581305113	0.141993565726813	0.428959149220741	37.2426735957934
200	0.00139404821792514		0.0186410580080946		0.715800225734711	0.00117160683831318	0.00981317584307473	0.119391199857078	0.468631915649762	33.9913242491288
