Wavelength	I1	I1 dark	R1	R1dark	XCorrect	I1c	R1c	I1c/R1c	Abs	Percent T
nm	uA	uA	uA	uA		uA	uA	uA/uA	OD	T*100
	Abs Detector Raw	Dark Offset for Abs Detector	Ref Detector Raw	Dark Offset for Ref Detector	Linear interp	Dark subtracted Abs Detector	Corrected Ref Detector	Corrected Intensity 	-Log(T)	% Transmittance
800	0.145311530486258	2.27130607651086E-4	0.214565523434631	0.00492639975963484	1.35067892074585	0.145084399878607	0.283155145311449	0.512384826060729	0.00192323189701382	99.5581385831351
798	0.154808865310064		0.228741327706905		1.34199333190918	0.154581734702413	0.300358140886971	0.514658048707875	0.00187048545415999	99.5702309692808
796	0.167162974071124		0.246569557730577		1.33337259292603	0.166935843463473	0.322200364106548	0.518111901972492	0.00177449733470149	99.5922404948692
794	0.166215314200949		0.244820126890399		1.32502686977386	0.165988183593298	0.317865634338463	0.52219606544995	0.00191042254376281	99.5610750564875
792	0.156196402116349		0.230343141207585		1.31713449954987	0.155969271508697	0.296904166937207	0.525318566989609	0.00198720580306542	99.5434742155462
790	0.151858937610365		0.224454346332129		1.30966234207153	0.151631807002714	0.287507484658287	0.527401250728946	0.00176935938204538	99.5934187351296
788	0.154053081659825		0.227814965100744		1.30193436145782	0.153825951052174	0.290186281993627	0.530093807313579	0.00173804890862558	99.6005991844108
786	0.158197740685622		0.233967436237048		1.29363858699799	0.157970610077971	0.296296322793195	0.533150761335061	0.00182255928641812	99.5812195567623
784	0.16372867957496		0.242051305948094		1.28498160839081	0.163501548967308	0.304701143343566	0.536596440607879	0.00173520205008044	99.6012520818296
782	0.171861889343181		0.254032870231273		1.27644824981689	0.17163475873553	0.317971518251586	0.539780291264102	0.00173685876017146	99.6008721320684
780	0.184108841160395		0.272062300930105		1.268270611763	0.183881710552743	0.338800612801332	0.5427431462781	0.00176668186854952	99.5940327506327
778	0.20041042018919		0.295812602577757		1.26044166088104	0.200183289581539	0.366645088607453	0.54598655703217	0.00173788326684961	99.6006371725132
776	0.220779405474621		0.325501417766743		1.25292003154755	0.220552274866969	0.401654861674822	0.549108938822027	0.00174407062196494	99.5992181811429
774	0.266384219821812		0.392456443744321		1.24577045440674	0.266157089214161	0.482773478991066	0.551308430965168	0.00170136792586561	99.609011914264
772	0.358726603791209		0.528044367396875		1.23883104324341	0.358499473183558	0.648054777587413	0.553193164500976	0.00149696105646387	99.6559053458686
770	0.439094477615582		0.643619768241211		1.23221707344055	0.438867347007931	0.787008873336255	0.557639642800345	0.00167932394468496	99.6140680109987
768	0.428647987178809		0.625489790896662		1.22665858268738	0.428420856571158	0.761219409839819	0.562808634453119	0.00167392694854367	99.6153059269833
766	0.365500145023908		0.532667858284162		1.22236526012421	0.365273014416257	0.645092825227662	0.566233261526894	0.00178895794367832	99.5889244488894
764	0.327748808504834		0.479627260961922		1.2186872959137	0.327521677897182	0.578511908906518	0.566145092010728	0.00135847285379374	99.6876887750625
762	0.331185353290906		0.485094198195937		1.214359998703	0.330958222683255	0.583096567086331	0.567587328351146	0.00153165894403079	99.6479436714411
760	0.347406463760758		0.508852285259207		1.20898902416229	0.347179333153107	0.609240864560247	0.569855624185194	0.00157007325821692	99.6391299786883
758	0.373127107273706		0.546149881850896		1.2031888961792	0.372899976666055	0.651194084003647	0.57264030160318	0.00162054599062664	99.6275508149347
756	0.398843517998585		0.583001039845736		1.19780671596527	0.398616387390934	0.692421686224339	0.575684435252922	0.00146121066640512	99.6641091897569
754	0.422395275716977		0.616563248268757		1.1931779384613	0.422168145109326	0.729791593991083	0.578477675798612	0.00143662389108376	99.6697516478738
752	0.450272375214961		0.656560492371631		1.18890511989594	0.450045244607309	0.774731109005144	0.580905090006294	0.00134849516850822	99.689979073127
750	0.492635619674592		0.717578349488655		1.1848680973053	0.492408489066941	0.844398559716335	0.583147002562817	0.00134595732661112	99.6905616228838
748	0.545615308488774		0.793743865846911		1.18107759952545	0.545388177881123	0.931654639310109	0.585397372447996	0.0014032405559833	99.6774133537952
746	0.597916063589849		0.867966065562541		1.17750906944275	0.597688932982198	1.01623703377176	0.588139295380604	0.00135475654489242	99.6885418179761
744	0.645795792097262		0.935449329453047		1.174187541008	0.645568661489611	1.09260843066826	0.590850887993576	0.00144226100871969	99.6684579485711
742	0.718152795592317		1.03809748120353		1.17108881473541	0.717925664984666	1.20993509718704	0.593358822844104	0.00144180786866369	99.6685619420503
740	0.827312720998421		1.19280220928409		1.16803753376007	0.82708559039077	1.38748353097019	0.596104798312405	0.00137939841894489	99.6828856493984
738	0.930691550541394		1.337254009244		1.16498303413391	0.930464419933743	1.55213906095748	0.599472330372101	0.0014240081738161	99.6726469728722
736	0.986009783047404		1.41183604477362		1.16204738616943	0.985782652439753	1.63489567556507	0.602963642985377	0.00141003143723511	99.6758547519395
734	0.999717383395463		1.4288071537146		1.15931880474091	0.999490252787812	1.65073173376865	0.605483151708703	0.00130771290660292	99.6993408631101
732	0.999411598789752		1.42939010354137		1.15665113925934	0.9991844681821	1.64760756581272	0.606445666380046	0.00142278826063981	99.6729269491353
730	1.00207346096173		1.43572424505659		1.15388596057892	1.00184633035408	1.65097754611472	0.606820082266865	0.00133414743694452	99.6932725726899
728	1.01016564385176		1.45170162383796		1.15089321136475	1.00993851324411	1.66508378376245	0.606539156223139	0.00137164324925879	99.6846656964114
726	1.0264062230105		1.47970148334522		1.1476241350174	1.02617909240285	1.69248747964511	0.60631414101688	0.00141172063477914	99.6754670613548
724	1.03988846477792		1.50263573923502		1.14410185813904	1.03966133417027	1.71353203824598	0.606735859595885	0.0014785454913519	99.6601311852484
722	1.02642446794451		1.48522626359658		1.14027833938599	1.02619733733686	1.68795387052929	0.607953425300108	0.00169166401969373	99.6112376098339
720	0.98029606236711		1.41868219342791		1.13600122928619	0.980068931759459	1.60602831951763	0.610243866717008	0.0017507346541982	99.5976898925376
718	0.886013158691112		1.28158551733997		1.13137769699097	0.88578602808346	1.44438365229056	0.61326229127472	0.00177479523037547	99.5921721815734
716	0.753520788615056		1.08980702079183		1.12621939182281	0.753293658007405	1.22181359321924	0.616537303388994	0.00180127600197696	99.5860998106975
714	0.621489310260792		0.900200484684226		1.12039887905121	0.621262179653141	1.00306408119311	0.619364396853062	0.00145877172144333	99.6646688928378
712	0.511547696930566		0.744056129534223		1.11375534534454	0.511320566322915	0.823209687439515	0.621130404712935	0.0013245674600409	99.6954717021337
710	0.429236320306341		0.62880128685511		1.10628998279572	0.42900918969869	0.690186538111532	0.621584406546862	0.0012356016340562	99.7158965495178
708	0.368379997307323		0.544625464742729		1.09837675094604	0.368152866699672	0.59279290548475	0.621048030928472	0.00117298604191286	99.7302743974911
706	0.323814534228562		0.484248821612401		1.09038031101227	0.323587403620911	0.522643731414972	0.619135721277764	0.00118872377869152	99.7266604893362
704	0.292804674122979		0.443289841978701		1.0826700925827	0.292577543515328	0.474602988572189	0.616467975466248	0.00117087158263603	99.7307599576951
702	0.280271832681359		0.428768469050886		1.07555782794952	0.280044702073708	0.45586665544053	0.614312757319538	0.0012076764927188	99.7223084892199
700	0.279819856669981		0.431488352768045		1.0694442987442	0.27959272606233	0.456184248706036	0.612894300615141	0.00125617637469258	99.7111726117358
698	0.295167680705334		0.456765090643118		1.0649927854538	0.294940550097683	0.481204945979798	0.612920861603249	0.0012614176416381	99.7099692583861
696	0.321862274409703		0.497907621301475		1.06259047985077	0.321635143802052	0.523837152755562	0.613998343015842	0.00119894065030719	99.7243144256753
694	0.348300692883161		0.537843012377253		1.06203079223633	0.34807356227551	0.565973852294189	0.614999369431266	0.00122764955396881	99.7177223983094
692	0.367661384639296		0.566730730462507		1.06277585029602	0.367434254031645	0.597072075262731	0.615393466308003	0.00133070781338892	99.6940621491199
690	0.382469122312061		0.588832633145188		1.06392598152161	0.38224199170441	0.621233012471309	0.615295684599606	0.0012328545945203	99.7165272837037
688	0.390871377527511		0.601739208105823		1.06461536884308	0.390644246919859	0.63537608808775	0.614823652075979	0.00120857737573371	99.7221016294865
686	0.391848615987961		0.603305293914995		1.0645604133606	0.39162148538031	0.637010482908286	0.614780283665589	0.00124458415641192	99.7138341447568
684	0.386793728618023		0.59576656256084		1.06376242637634	0.386566598010372	0.628513565182004	0.615048933587345	0.0012999018726135	99.701134028752
682	0.385184629808534		0.594022804938414		1.06245732307434	0.384957499200883	0.625889789678963	0.615056365431907	0.00138091543122378	99.6825374527169
680	0.39249724727199		0.605743962728492		1.06094348430634	0.392270116664339	0.637433478688621	0.615389887382992	0.00128138444379837	99.7053851719024
678	0.400153877185244		0.617877936373855		1.05921316146851	0.399926746577593	0.649246334924127	0.615986144341238	0.0012143498922531	99.7207761609914
676	0.408173243608278		0.630714691693656		1.05730748176575	0.407946113000627	0.661650643063248	0.616558175039257	0.00130649659572048	99.6996200873879
674	0.414452509940609		0.640837936892463		1.05524814128876	0.414225379332958	0.671044467583493	0.617284545724116	0.00125091926692806	99.7123796166007
672	0.420861183010704		0.651213048240166		1.05312037467957	0.420634052403053	0.680617637398218	0.618018148943366	0.00126866065734958	99.7083063432865
670	0.425606757942914		0.658941894950006		1.0509113073349	0.425379627335263	0.687312279067795	0.618902994010536	0.00118115092323843	99.7283994526448
668	0.429515774345751		0.665413304531081		1.0485315322876	0.4292886437381	0.692541346315897	0.619874388759287	0.00120903851583434	99.721995743187
666	0.432407420147185		0.670409233466196		1.04595601558685	0.432180289539534	0.696065773185163	0.620890016703304	0.00121958405595165	99.7195743227388
664	0.438091865314901		0.679730388214107		1.04322910308838	0.43786473470725	0.70397515963582	0.621988899343786	0.00132478445746034	99.695421888803
662	0.44392288030625		0.689324038993644		1.04042720794678	0.443695749698599	0.712065924913606	0.623110493248826	0.00134627635974012	99.6904883901317
660	0.453183634663777		0.703927226496328		1.03775990009308	0.452956504056126	0.72539502811925	0.62442736233045	0.00119856157197361	99.7244014710903
658	0.464808526279924		0.722352017377296		1.03528940677643	0.464581395672273	0.742743142069601	0.625494022573874	0.00126322217924373	99.709554954215
656	0.480709139619708		0.747383952396902		1.03309750556946	0.480482009012057	0.767031045620765	0.626417941953313	0.00129295041165311	99.7027298908146
654	0.499464141375822		0.776810934396017		1.03115320205688	0.499237010768171	0.795931209508494	0.627236380234997	0.00130360952599689	99.700282865119
652	0.511683390289398		0.795902157464263		1.02945709228516	0.511456259681747	0.814275603594655	0.628111977595671	0.0013216982006315	99.6961303637726
650	0.514663109820949		0.800800124973989		1.02793705463409	0.514435979213298	0.818108092957507	0.628811747056043	0.00129625832142622	99.7019704835637
648	0.518205820683258		0.80655615064679		1.02666783332825	0.517978690075607	0.823007479474778	0.629373004491001	0.00117066137399075	99.7308082297177
646	0.520722471063827		0.811134213067461		1.02560043334961	0.520495340456176	0.826847082698348	0.629494076168935	0.00137910194250087	99.6829536991637
644	0.528862558921926		0.824138528201046		1.02465677261353	0.528635428314275	0.839411255614633	0.629769287436106	0.00128087986538037	99.7055010131503
642	0.541076296360915		0.843454468980796		1.02378344535828	0.540849165753264	0.858471155736864	0.630014371640744	0.00123877209888834	99.7151685996994
640	0.553834206466187		0.863793571072377		1.02288675308228	0.553607075858536	0.878523852193049	0.630155999153094	0.00131426254823609	99.6978372980016
638	0.570602980813245		0.890170182295106		1.02184903621674	0.570375850205594	0.904585506000729	0.630538347587822	0.00118435155440482	99.7276644844134
636	0.584379326583393		0.911769646625303		1.02063095569611	0.584152195975741	0.925552289715067	0.631139053370582	0.00122827058224892	99.7175798050139
634	0.600145777020881		0.936661589885215		1.01923584938049	0.59991864641323	0.949657907905341	0.63172079273943	0.00121758741624509	99.7200327778369
632	0.614438005662503		0.959121930676815		1.0177036523819	0.614210875054852	0.971088276900898	0.632497466672161	0.0012526354484656	99.7119855885529
630	0.627138760921812		0.979373686882514		1.01619136333466	0.62691163031416	0.990224917199156	0.63310023755752	0.00126486786592096	99.7091771221629
628	0.645096681687457		1.00771266229418		1.01451146602631	0.644869551079806	1.01733816131496	0.633879250382468	0.00127400259565517	99.7070799119882
626	0.660275963243015		1.03152306106378		1.01275491714478	0.660048832635364	1.03969081666019	0.634851075010596	0.00116664356362023	99.7317308786247
624	0.673961055351418		1.05309532507671		1.01092803478241	0.673733924743767	1.05962335179078	0.635823968587657	0.0012676666225113	99.7085345608848
622	0.684853033762486		1.07027898894847		1.0092089176178	0.684625903154835	1.07516333341659	0.636764556487686	0.0012574793484824	99.7108734579244
620	0.695008063018783		1.08635843834711		1.00772297382355	0.694780932411132	1.08978390991344	0.637540090371054	0.00118489048191447	99.7275407297935
618	0.701156367742751		1.09633733692785		1.0068142414093	0.7009292371351	1.09884807477083	0.637876384577808	0.00126401382281803	99.7093732011423
616	0.710992286892902		1.11189347547653		1.00664889812469	0.710765156285251	1.11432718703072	0.637842425956761	0.00121381056350718	99.7208999993472
614	0.717563597291449		1.12233671426536		1.00700271129608	0.717336466683798	1.12523521633748	0.637499125754927	0.00120581470063894	99.7227359931598
612	0.727701704550744		1.13834996035616		1.00780045986176	0.727474573943092	1.14226478558733	0.636870350134308	0.00122198362636978	99.7190233521656
610	0.739465187169755		1.15698310694919		1.00835275650024	0.739238056562104	1.16167955633918	0.636352815652257	0.00118150901730559	99.7283172224187
608	0.751415557910577		1.17584689624149		1.0085117816925	0.751188427302926	1.18088711612719	0.636122129748107	0.00119182528638896	99.7259482953904
606	0.766104217519853		1.19890063607857		1.00798010826111	0.765877086912202	1.20350227998573	0.636373606970882	0.00118792058837897	99.7268449253929
604	0.780538011102315		1.22155121429617		1.00688087940216	0.780310880494664	1.22499626316304	0.636990416999184	0.00123846823883293	99.715238366801
602	0.797747163255231		1.24822783619885		1.00539457798004	0.79752003264758	1.25000852299079	0.638011675903956	0.0011905057113215	99.7262513065507
600	0.817490041899487		1.27880601600831		1.00393652915955	0.817262911291835	1.27889428050379	0.63903867876389	0.00117683726717495	99.7293900158902
598	0.837143706982087		1.30925029689252		1.00287997722626	0.836916576374436	1.30808032025229	0.639805188883983	0.00117986312147916	99.7286951750268
596	0.855713697447436		1.33834516829726		1.00218975543976	0.855486566839785	1.3363386295395	0.640171995278309	0.00127735897176777	99.706309344592
594	0.877413025974011		1.37180496735789		1.00178515911102	0.87718589536636	1.36931866332687	0.64060026264096	0.00117448435603675	99.7299303290602
592	0.895726777121536		1.40004219563862		1.00154709815979	0.895499646513885	1.39727417695948	0.640890428865238	0.00119921185203259	99.7242521513458
590	0.914342327279085		1.42891990090653		1.00122630596161	0.914115196671434	1.42573975286664	0.641151510879515	0.00128787202330897	99.7038957636562
588	0.929971920112141		1.45310801573908		1.00070452690125	0.929744789504489	1.44920189888579	0.641556425104962	0.00121493131009936	99.7206426584891
586	0.945154784431356		1.47644007741343		0.999973237514496	0.944927653823705	1.47147429629032	0.642163887066139	0.00125871561767207	99.7105896198596
584	0.959353868847275		1.49798480541572		0.999053955078125	0.959126738239624	1.49164590533335	0.642998941511714	0.00113165986333847	99.7397648870103
582	0.971578018883879		1.51694662479796		0.998229086399078	0.971350888276228	1.50934256785693	0.643558930200596	0.0012150495113792	99.7206155176745
580	0.989073221450691		1.54389266350864		0.997582137584686	0.988846090843039	1.53524525506145	0.644096497014386	0.00127119893728103	99.7077235892706
578	1.0040835958414		1.56680624221347		0.997147619724274	1.00385646523374	1.55742476719817	0.644561770415208	0.00117384176991132	99.7300778904951
576	1.02416070452582		1.59761289492241		0.996688485145569	1.02393357391817	1.58741229017559	0.645033165142566	0.00124570515928037	99.7135767632922
574	1.04185583232377		1.62471323966275		0.996220171451569	1.04162870171611	1.61366432336328	0.64550519375994	0.00122965166292499	99.7172626980524
572	1.06430798219743		1.65920942940528		0.9957315325737	1.06408085158978	1.64722177641972	0.64598517748022	0.0012241326660073	99.718529909093
570	1.08235535151008		1.68683510983689		0.995352268218994	1.08212822090243	1.67409164951268	0.646397239492495	0.00124861695001518	99.7129082213057
568	1.10303057573167		1.71813474807852		0.995181918144226	1.10280344512402	1.70495397026069	0.646823001887492	0.00120238810397304	99.7235228116826
566	1.12567270820955		1.75273716493244		0.995282471179962	1.1254455776019	1.73956541751613	0.646969390325595	0.00123912237435242	99.7150881755532
564	1.15086281125831		1.79127682237122		0.995623111724854	1.15063568065066	1.77853176639155	0.646958183370082	0.00124769263985947	99.7131204407919
562	1.17903304277417		1.83393566009139		0.996170461177826	1.17880591216652	1.8220049983632	0.646982809172039	0.00125390949371417	99.7116930741406
560	1.20390138831689		1.87157448440388		0.99668163061142	1.20367425770924	1.86045385678091	0.646978829021817	0.00121675987499665	99.7202227929591
558	1.23949077263513		1.92556065057		0.997178435325623	1.23926364202748	1.91521505705588	0.647062395140371	0.00118430996465989	99.7276740347266
556	1.26729007519739		1.96768069434701		0.997675478458405	1.26706294458974	1.95819182994875	0.647057619795555	0.00121786048788125	99.7199700768239
554	1.29867620941036		2.01476301685175		0.99818366765976	1.2984490788027	2.00618608584589	0.647222651958144	0.00121708927274662	99.7201471585545
552	1.32909093707203		2.06036444794395		0.998678505420685	1.32886380646438	2.05272179794552	0.647366734154808	0.00115620108105919	99.7341289274709
550	1.3576321250073		2.10320427168634		0.999059557914734	1.35740499439965	2.09630456310936	0.647522797157996	0.00126748153804517	99.7085770539525
548	1.38801608942446		2.14822650508799		0.999196529388428	1.38778895881681	2.14157802668194	0.648021665111585	0.00128471488189076	99.7046205724119
546	1.41739678388714		2.19169518167211		0.99907249212265	1.41716965327949	2.1847405366413	0.648667257970215	0.00117783397075305	99.7291611377212
544	1.44189654727802		2.22729801356109		0.998806416988373	1.44166941667037	2.2197190287977	0.649482839029062	0.00121934414457185	99.719629409479
542	1.46405956751416		2.25932259839407		0.998482644557953	1.46383243690651	2.2509754782939	0.650310254830499	0.00125310597668392	99.7118775575291
540	1.48268508166093		2.28584732973339		0.99831360578537	1.48245795105328	2.27707439811342	0.65103623855308	0.00129728111000301	99.7017356799439
538	1.50793711708249		2.32224869677544		0.998360693454742	1.50770998647484	2.31352349540684	0.651694261790805	0.00118832990831206	99.7267509334866
536	1.52786063384858		2.3499331815281		0.998661279678345	1.52763350324093	2.34186747353529	0.652314240880083	0.00122164031060765	99.7191021814565
534	1.55037876882941		2.38215841333293		0.999168038368225	1.55015163822176	2.37525424774817	0.652625561954623	0.00130320868332325	99.7003748859667
532	1.56971559126191		2.4088673976012		0.999805629253387	1.56948846065425	2.40347374203501	0.65300836585191	0.00124241479388721	99.7143322307428
530	1.5927661771073		2.44064353272814		1.0004802942276	1.59253904649965	2.43688699384753	0.653513704377909	0.00124313237323223	99.714167474134
528	1.61060044522451		2.46502547843149		1.00102841854095	1.61037331461686	2.46262909017695	0.653924426151058	0.00130463144948658	99.7000482640698
526	1.63028174702575		2.49186104961333		1.0014044046402	1.6300546164181	2.49042731241581	0.654528083711419	0.00129607234397853	99.7020131788379
524	1.66000242256618		2.53338061731852		1.00163662433624	1.65977529195853	2.53259234726441	0.65536614834651	0.0012446687474933	99.7138147226812
522	1.68602178281377		2.5690960834844		1.00181710720062	1.68579465220612	2.56882905492068	0.656250227696905	0.00124202590280358	99.7144215204614
520	1.71645319748709		2.61160139337315		1.0020604133606	1.71622606687944	2.61204582159709	0.657042863754239	0.00129869623944721	99.701410806758
518	1.75577538513515		2.66740639803298		1.00242054462433	1.7555482545275	2.66892464992054	0.657773629757498	0.00133605373308326	99.6928349790952
516	1.79511546981682		2.7223976697859		1.00289297103882	1.79488833920917	2.72533283570927	0.658594178183028	0.00128299187613313	99.7050161380552
514	1.84600416285078		2.79423267926448		1.00349617004395	1.84577703224313	2.79905816856264	0.659427893630008	0.00118756455073834	99.7269266821883
512	1.89376189123661		2.86232834549629		1.00418245792389	1.89353476062896	2.86935290914634	0.659916998913983	0.00138146669619878	99.682410922312
510	1.96201510293898		2.9597691898335		1.00497353076935	1.96178797233133	2.96953879160889	0.660637260531775	0.00131851702629015	99.6968606330866
508	2.04214496101724		3.07432967521558		1.00580215454102	2.04191783040959	3.08721242760884	0.661411509019845	0.00132682660157733	99.6949531010354
506	2.12479071721776		3.19158596136815		1.00663805007935	2.12456358661011	3.20781276736429	0.662309099902911	0.0012972506636273	99.7017426695713
504	2.21992125577807		3.32752936902807		1.00742840766907	2.21969412517042	3.34728461864661	0.663132771203631	0.00128396159876835	99.7047935100756
502	2.31108063041382		3.45711373130324		1.00814700126648	2.31085349980616	3.48031230610582	0.66397877447723	0.00143018072972125	99.6712303520327
500	2.44804330076498		3.65318069829324		1.00866842269897	2.44781617015733	3.67987890890664	0.665189325722845	0.00125404235859081	99.7116625690794
498	2.62693941821421		3.91220297509026		1.00904226303101	2.62671228760655	3.94260719785966	0.666237379425607	0.0012758997317937	99.7066443607683
496	2.84362341393041		4.22461549825599		1.00876116752625	2.84339628332276	4.25665850159695	0.667987878815276	0.00128691560025613	99.7041153363502
494	3.01369901139535		4.46403389329541		1.00816118717194	3.0134718807877	4.49549910441031	0.670330882244273	0.00139266832328849	99.6798398769935
492	3.09127834458145		4.56380427863894		1.00794267654419	3.0910512139738	4.5950875712757	0.672686029597398	0.00130808344469294	99.6992558001191
490	3.12671099824847		4.60475213003782		1.00791668891907	3.12648386764082	4.63624111966672	0.674357477737389	0.00137141682916454	99.6847176671783
488	3.23725465015051		4.75536072318602		1.00887954235077	3.23702751954285	4.79261600618579	0.675419753087844	0.00127583552026314	99.7066591026473
486	3.45933648520061		5.06852887379013		1.00954282283783	3.45910935459296	5.11192353536136	0.676674705845035	0.00127510965002744	99.7068257503014
484	3.65188395757576		5.33205754705352		1.01009511947632	3.65165682696811	5.38090917269184	0.678631939282733	0.00140154160318753	99.6778032909425
482	3.7223651950871		5.41656024446977		1.01073944568634	3.72213806447945	5.46975179245977	0.680494875400112	0.00142642989119464	99.6720911787776
480	3.70442020004162		5.37216860646356		1.01162850856781	3.70419306943397	5.42965522869009	0.68221515242094	0.00139866916704929	99.6784625649677
478	3.82214408873137		5.5273728660973		1.0127238035202	3.82191695812372	5.59271299012618	0.683374413253681	0.00132929270153964	99.6943869943214
476	4.11558658023461		5.93615518868264		1.01399922370911	4.11535944962696	6.01426138760903	0.684266809238736	0.00130444237637998	99.7000916691849
474	4.5945290954107		6.60718436080603		1.01552999019623	4.59430196480305	6.70479096245441	0.685226726758566	0.00147218671471009	99.6615903821298
472	5.14288707661801		7.37545919904474		1.01726651191711	5.14265994601036	7.49779619169945	0.685889535341547	0.00147289725663909	99.6614273276042
470	5.57011002412966		7.96138032707461		1.01911818981171	5.56988289352201	8.10856692372548	0.686913352990237	0.00141494123514032	99.6747279000983
468	5.71512258458537		8.13475392257325		1.02110064029694	5.71489545397772	8.30137208904864	0.688427815627846	0.00152991304326479	99.6483442654577
466	5.53893635482063		7.84475147011876		1.02326714992523	5.53870922421298	8.02223545565877	0.690419678508196	0.00156141949930578	99.6411154093939
464	5.34069407045651		7.53738475992116		1.02553856372833	5.34046693984886	7.72482652802352	0.691338105842913	0.00148387479615839	99.6589082455621
462	5.18926091676474		7.30922226083285		1.027627825737	5.18903378615709	7.50609767425444	0.691309121110325	0.0014036354235175	99.6773227255276
460	5.0437950604124		7.09552472750706		1.02919805049896	5.04356792980475	7.29762997578885	0.691124097349092	0.00145414275338053	99.665731183627
458	4.84831727799036		6.82248182088324		1.03004312515259	4.84809014738271	7.02237609187513	0.690377456854232	0.00156990591297164	99.6391683723096
456	4.67187681238679		6.58571065483714		1.03006207942963	4.67164968177914	6.77861631406288	0.689174525498273	0.00151023291123083	99.652859950294
454	4.52607628806703		6.40086768682574		1.02918720245361	4.52584915745938	6.58262092029313	0.687545160546454	0.00146348594103635	99.6635870495163
452	4.34810188692272		6.17028946509083		1.02735614776611	4.34787475631507	6.33402364837814	0.686431721395351	0.00153633964687104	99.6468696999334
450	4.05419383145649		5.77187221814767		1.02460694313049	4.05396670084884	5.90885272617775	0.686083557792652	0.0015545522081695	99.6426909992003
448	3.6840100560802		5.26485321382597		1.02102768421173	3.68378292547255	5.37053089408933	0.685925283388059	0.00141662323302042	99.6743418662817
446	3.41423337258787		4.89880083491754		1.01675081253052	3.41400624198021	4.97585080836913	0.686115073273103	0.00151769061870339	99.6511487254722
444	3.28254540924688		4.72100241033502		1.0121191740036	3.28231827863923	4.77323095636176	0.687651259418854	0.00146292801676229	99.6637150842312
442	3.23482857594145		4.65465193452593		1.00782012939453	3.2346014453338	4.68608699009722	0.6902563806795	0.00140558794688822	99.6768745921233
440	3.20216188906026		4.60466865835846		1.0045450925827	3.20193475845261	4.62064851302073	0.692962199879462	0.00145765253114382	99.6649257321001
438	3.17113903762172		4.55189287731935		1.00285410881042	3.17091190701407	4.55994401464402	0.695383955774644	0.0014812282950127	99.6595155482783
436	3.13822054410091		4.492541510369		1.00277864933014	3.13799341349326	4.50008461933039	0.697318757077105	0.0016021984372347	99.6317598493491
434	3.12696787080603		4.46186281176112		1.00421047210693	3.12674074019838	4.47570221844659	0.698603389499759	0.00161220188478501	99.6294649788242
432	3.13906446499598		4.46238610277465		1.00665414333344	3.13883733438833	4.48712027878189	0.699521550431989	0.0016834237203967	99.6131276504231
430	3.1538086177691		4.46748075607461		1.00962591171265	3.15358148716144	4.50551051056175	0.699938770483138	0.0017383919448172	99.6005205129144
428	3.15432603720062		4.4564204045563		1.01240730285645	3.15409890659297	4.50672503907783	0.699864952763651	0.00170386654432562	99.6084388372152
426	3.13298363005934		4.42397315126799		1.01423370838165	3.13275649945169	4.48194617429421	0.698972361029082	0.00166912765658797	99.6164067597084
424	3.11896474583801		4.4107206732936		1.01462960243225	3.11873761523036	4.47024929215405	0.697665255650106	0.00166926768374513	99.6163746409489
422	3.09633156721751		4.3938559150602		1.01337480545044	3.09610443660986	4.44763059370341	0.696124458041339	0.00164483021433225	99.6219801475839
420	3.4409765365435		4.90176118646822		1.01114857196808	3.44074940593585	4.95142750174399	0.694900491772111	0.00176749410253096	99.5938464862764
418	3.23225432058064		4.63201583842497		1.0079870223999	3.23202718997299	4.66404610565831	0.692966389429979	0.00172459667659985	99.603684351681
416	3.04595968021176		4.39348595656559		1.00422537326813	3.04573254960411	4.40710285904287	0.691096315883487	0.00158869379903306	99.6348580047387
414	2.8964489508287		4.20427532499742		1	2.89622182022105	4.19934892523779	0.689683537087135	0.00171389092904324	99.6061397018822
412	2.7849520274461		4.06505368248732		0.995681941509247	2.78472489683845	4.04259541564096	0.688845805856366	0.00173067476214	99.6022903770797
410	2.67245451812999		3.91965032613473		0.991583049297333	2.67222738752234	3.88177388807224	0.688403669191927	0.001824482151579	99.5807786558487
408	2.59108353456842		3.81520214539974		0.988153755664825	2.59085640396076	3.76513828817286	0.688117196677536	0.00178177176634444	99.5905723390248
406	2.53967788291835		3.74884554166098		0.985654711723328	2.5394507523107	3.69021154252622	0.688158584689773	0.00177716553955606	99.5916286250566
404	2.52527679655012		3.73291957736915		0.98426741361618	2.52504966594247	3.66934220290448	0.688147773174101	0.00180760497180665	99.5846485538777
402	2.55044061480894		3.77056993122261		0.984128773212433	2.55021348420129	3.70587814897399	0.688153625587324	0.00180886419993057	99.5843598106087
400	2.60109919614949		3.84186171560571		0.985299050807953	2.60087206554184	3.78052872471465	0.687965164380056	0.0018764568130182	99.5688619316394
398	2.64163396161252		3.89344499176678		0.987817049026489	2.64140683100487	3.84114496064114	0.687661324441133	0.00191331374757387	99.560412256444
396	2.66491474765231		3.9162957851325		0.991658091545105	2.66468761704466	3.87874110002681	0.686998061568543	0.0019697139279251	99.5474835621068
394	2.67317133941619		3.91488117332175		0.996615350246429	2.67294420880854	3.89672094610131	0.685947042598171	0.00198481579535645	99.544022024315
392	2.68185035549479		3.91240518456211		1.0025714635849	2.68162322488714	3.91752672420637	0.684519446496028	0.00195791579849192	99.5501879253854
390	2.69407717429359		3.91435899314806		1.0093150138855	2.69385004368594	3.94584901228025	0.682704795673163	0.00202126953313373	99.5356668654611
388	2.72384417856918		3.94136238659484		1.01699423789978	2.72361704796153	4.00333271647274	0.680337419059502	0.00202491904439864	99.5348304398873
386	2.75763034786777		3.97401664671827		1.02549052238464	2.75740321726012	4.0702644307454	0.677450633534182	0.00205784512616586	99.527284482314
384	2.79481652935981		4.01235840681897		1.03449034690857	2.79458939875216	4.14564972719532	0.674101668652744	0.00206000962836171	99.5267884444919
382	2.82200669038397		4.03757506931586		1.04369103908539	2.82177955977632	4.20883928019545	0.670441271790565	0.00203138264855191	99.5333490741718
380	2.83387065518032		4.04286546236113		1.0526317358017	2.83364352457267	4.25046280452769	0.666667056009573	0.00212306540522616	99.5123390704924
378	2.83479569179772		4.03365771093308		1.06117713451386	2.83456856119006	4.27519754851728	0.66302633481186	0.00208467414497566	99.5211362648658
376	2.83763596278246		4.0284527182781		1.06922745704651	2.83740883217481	4.3020648139092	0.659545812280897	0.00215720129559437	99.5045176291878
374	2.83692974940638		4.01882257915642		1.07646524906158	2.83670261879872	4.3208197504617	0.656519545508837	0.00213778134888775	99.5089671806204
372	2.84491837242133		4.02281538919906		1.08239138126373	2.84469124181368	4.34892841304368	0.654113145040887	0.00216799379574445	99.5020449079751
370	2.85452367023451		4.03014773780258		1.08660447597504	2.85429653962686	4.37382352270768	0.652586123973256	0.00222107729894964	99.4898835876025
368	2.87826899484666		4.05801460780841		1.08728444576263	2.87804186423901	4.40685976591538	0.653082243846076	0.00222300492922205	99.4894419994779
366	2.89668317934339		4.07910718584913		1.08414971828461	2.89645604873574	4.41702195147948	0.655748619896619	0.00226693821103372	99.4793781446468
364	2.9332385991192		4.12594828673618		1.07767069339752	2.93301146851155	4.44110451444438	0.660423878558169	0.00228903675664225	99.4743163864679
362	2.97144126009936		4.17540514689012		1.06871128082275	2.97121412949171	4.4570376834899	0.666634285031493	0.00230498095350536	99.470664465857
360	3.00340852071382		4.21643565209727		1.05907070636749	3.00318139010616	4.46028607874645	0.673315867432028	0.002378191288619	99.4538978081642
358	3.05542498779112		4.28521964840445		1.04836678504944	3.05519785718347	4.48731727215058	0.680851758832565	0.0023511045570186	99.4601008919208
356	3.09083930649727		4.33169038796486		1.03684234619141	3.09061217588962	4.48617212494719	0.688919660193824	0.00240226048465619	99.4483860894323
354	3.13029029510916		4.38400077593943		1.02479386329651	3.13006316450151	4.48764854762804	0.69748402337699	0.00241473770301282	99.4455289925642
352	3.16307536577894		4.42724794373537		1.01273274421692	3.16284823517129	4.47862983304015	0.706208897158243	0.00250699137205759	99.4244068255354
350	3.19492097112044		4.46967395674944		1.00126516819	3.19469384051279	4.4703962135753	0.714633264678292	0.00238654935144975	99.4519838213128
348	3.21655368587775		4.49915132479572		0.990810453891754	3.2163265552701	4.45292503786663	0.722295239178566	0.00245982465727465	99.4352054368407
346	3.22806202323411		4.51447639797667		0.981342911720276	3.22783489262646	4.42541492579847	0.729385819578053	0.00249021570177106	99.4282474068708
344	3.24570958175735		4.53895341203902		0.972720801830292	3.2454824511497	4.4103423909046	0.735879930284509	0.00246107020554712	99.4349202589811
342	3.24888254317045		4.54444418350145		0.964752793312073	3.2486554125628	4.37951246215475	0.741784717051459	0.00248174713983308	99.4301862352837
340	3.2524632682538		4.552111834838		0.957048177719116	3.25223613764615	4.35187553439266	0.74731827965756	0.00253135454902458	99.4188294429592
338	3.2442281486578		4.5441941224673		0.950148642063141	3.24400101805015	4.31297906269173	0.752148566199059	0.00250544024798486	99.4247619299004
336	3.22227199640178		4.52036438623439		0.944044172763824	3.22204486579413	4.26277291860791	0.755856557999892	0.00255689373653992	99.4129831760175
334	3.18885502876187		4.48420337563669		0.938558220863342	3.18862789815422	4.20406222923331	0.758463534621782	0.00250680109219317	99.424450386915
332	3.13303821990287		4.42074893253087		0.933434963226318	3.13281108929522	4.12188314349127	0.760043645158195	0.00253283966330288	99.4184894707126
330	3.05805043944079		4.33483798316712		0.928119659423828	3.05782330883314	4.01867606412745	0.760903158164122	0.00254679722852474	99.4152943627598
328	2.97747996857133		4.2458396070579		0.923022568225861	2.97725283796368	3.91445860022342	0.760578445712455	0.00254487296820449	99.4157348503505
326	2.88638469305642		4.14377406791495		0.918195605278015	2.88615756244877	3.80027173981537	0.759460838605448	0.00255692094949312	99.4129769467862
324	2.80270022073456		4.05190847990312		0.913534343242645	2.80247309012691	3.69705711669864	0.758028075213897	0.00256448581664056	99.4112453120432
322	2.70954216446617		3.94585889536594		0.908978700637817	2.70931503385852	3.58222369915757	0.756322123181662	0.00258476060234441	99.4066044641099
320	2.61963509695433		3.84153882742341		0.904343068599701	2.61940796634668	3.4696138558612	0.7549566249056	0.00268380927719866	99.3839355835457
318	2.56244776808128		3.78190024123593		0.899914681911469	2.56222063747363	3.39895421314008	0.753826170287405	0.00265237243066149	99.3911298508979
316	2.50666198949559		3.72356286353935		0.895963847637177	2.50643485888794	3.33176383405197	0.752284670741414	0.0026904876793089	99.3824073099674
314	2.45690758295612		3.67345234127864		0.892610192298889	2.45668045234847	3.27456364611274	0.750231395033293	0.00276257578899209	99.3659122919244
312	2.40783294936315		3.62374881364521		0.88999992609024	2.4076058187555	3.22075168089187	0.747529166262454	0.00279128372131506	99.3593441780648
310	2.34777442909532		3.55927907513329		0.888025283813477	2.34754729848767	3.15635504332188	0.743752609027472	0.00281713062987471	99.3534310118349
308	2.284716506984		3.49102667062086		0.887133359909058	2.28448937637635	3.09263584626899	0.738686832183103	0.0028751042556715	99.3401692863297
306	2.22166383389611		3.42305806737682		0.887335538864136	2.22143670328846	3.03302970519366	0.732415083005794	0.00285486101455329	99.3447998168833
304	2.14982286738629		3.34277361945544		0.888603985309601	2.14959573677864	2.96602434177626	0.724739748929814	0.00293904502237262	99.3255446035744
302	2.06872782376502		3.24956519697632		0.891015827655792	2.06850069315737	2.89102452334612	0.715490538545573	0.00285404975867617	99.344985391721
300	1.98889227720903		3.15703448445543		0.894482612609863	1.98866514660138	2.81950587482736	0.705323994660285	0.00289498207865554	99.3356225531967
298	1.89098887183851		3.03536770027361		0.900495111942291	1.89076174123086	2.72889757814088	0.692866510042852	0.00298738185598526	99.3144903181679
296	1.80102206311597		2.92576304983267		0.909423410892487	1.80079493250832	2.6562772289692	0.677939378039671	0.0029963117795637	99.3124482436587
294	1.69559934625206		2.79087780867242		0.92107892036438	1.69537221564441	2.56608111590901	0.660685356021507	0.00303807278713965	99.3028989892246
292	1.59011528905637		2.65300422523896		0.934718489646912	1.58988815844872	2.47520730549951	0.642325252885381	0.00306772639198659	99.2961188238756
290	1.47827794819466		2.50324669409908		0.948803901672363	1.478050817587	2.37041604289651	0.623540674227343	0.00313177188204039	99.2814766859656
288	1.35963190374687		2.3405474759992		0.962523102760315	1.35940477313922	2.24808924517449	0.604693419559375	0.00315030533873509	99.2772399531392
286	1.24073174553056		2.17596465194981		0.97529125213623	1.24050461492291	2.1173946154142	0.58586368638717	0.0031608123537349	99.27483813853
284	1.13192699743017		2.02531783858692		0.986907541751862	1.13169986682252	1.99393954826954	0.567569798093766	0.00320610816517901	99.2644845649849
282	1.02657053727986		1.8759536424064		0.996903836727142	1.02634340667221	1.86523423681557	0.550249071357623	0.00320641960934596	99.2644133797986
280	0.930399067022055		1.73875195838432		1.00535523891449	0.930171936414404	1.74311060872717	0.533627603295709	0.00310823610434904	99.2868572058164
278	0.840883796383647		1.60882976957241		1.00982344150543	0.840656665775995	1.6196592207465	0.519033050290998	0.00322396182662497	99.2604039281187
276	0.762362617498183		1.49310570692447		1.01022160053253	0.762135486890532	1.50339088156345	0.506944332466583	0.0032013818792928	99.2655648340299
274	0.697729895283298		1.40044392293193		1.00653350353241	0.697502764675647	1.40463514183949	0.496572201491563	0.00317598255602804	99.2713704613269
272	0.646702794351938		1.32694481281302		0.99854451417923	0.646475663744287	1.32009423399839	0.4897193299498	0.00331465570038049	99.2396775062888
270	0.608735532235582		1.2739560511229		0.988452672958374	0.60850840162793	1.25437575095345	0.485108549942393	0.00345343280035705	99.2079709223241
268	0.57504620131551		1.22734214444881		0.972882628440857	0.574819070707859	1.18926704274069	0.48333893906887	0.00333231824790546	99.2356415584457
266	0.544702958028553		1.1851779295294		0.953488886356354	0.544475827420901	1.12535671674056	0.483825101251364	0.00338917931305695	99.2226497403528
264	0.516247587048505		1.1450218353295		0.931065678596497	0.516020456440853	1.06150373038363	0.486122131906558	0.00357210004965361	99.1808668967037
262	0.486892682990996		1.10126026323874		0.906938552856445	0.486665552383345	0.994307447591256	0.489451782305673	0.0034697907057599	99.2042342779292
260	0.454820457167002		1.0508002643559		0.883175373077393	0.454593326559351	0.923690040556698	0.492149213047022	0.00360144540534559	99.1741654542286
258	0.420756352078506		0.993407236325951		0.859192788600922	0.420529221470855	0.849295606447985	0.495150591005218	0.00364267824500442	99.1647500954829
256	0.386994180277378		0.935123445970462		0.834685504436493	0.386767049669727	0.77642199074182	0.498140256563569	0.00367232157444267	99.1579817086893
254	0.352776315423872		0.87293092607737		0.80953711271286	0.35254918481622	0.702681878056953	0.501719477654789	0.00368171639595076	99.1558367091507
252	0.319023465216944		0.809238429078455		0.784095585346222	0.318796334609293	0.630657511429748	0.50549835502087	0.00380783766550048	99.1270455435868
250	0.2873653232536		0.747430687015856		0.758817315101624	0.287138192645949	0.56342510970721	0.509629740845529	0.00389906387995627	99.1062254876312
248	0.257589072151877		0.687183026428957		0.735633492469788	0.257361941544226	0.501890825037409	0.512784710748684	0.00386976067946976	99.1129127187462
246	0.227595172735594		0.623970046029688		0.715051770210266	0.227368042127943	0.442648255102819	0.51365398938516	0.00405136052375261	99.0714774077286
244	0.199506136287774		0.562390021556511		0.697206974029541	0.199279005680123	0.388667524884549	0.512723582293934	0.00395686255433979	99.0930366778749
242	0.173312596963727		0.502398321051597		0.681808710098267	0.173085466356076	0.339180688966179	0.510304601608185	0.00407016317687792	99.0671882298143
240	0.148136858538934		0.441601565313084		0.667849898338318	0.147909727931283	0.291633464921739	0.507176801437979	0.00433671867312143	99.0064027433792
238	0.124493930700667		0.381076170352295		0.657016694545746	0.124266800093016	0.24713667892893	0.502826211922803	0.00456533742471985	98.9542980895893
236	0.104776584778782		0.327644531466676		0.649702370166779	0.104549454171131	0.209670735065859	0.49863636972652	0.0047256217700519	98.9177839291665
234	0.0854203068181011		0.272680269296166		0.645702123641968	0.08519317621045	0.172889242173092	0.492761580417808	0.00474295213845727	98.9138367285796
232	0.0682322375432144		0.221983420438682		0.644411623477936	0.0680051069355633	0.139874067083068	0.486188100151377	0.00509255549632823	98.8342439727731
230	0.0531890825053624		0.17619398409058		0.644490897655487	0.0529619518977113	0.110380399164738	0.479813012984923	0.00538038610638505	98.7687628369456
228	0.0407818935672072		0.137874314520187		0.646355271339417	0.0405547629595561	0.0859315855190665	0.471942449503131	0.00593412341308215	98.6429102209266
226	0.0313802056012344		0.108516162438705		0.649210751056671	0.0311530749935833	0.0672515876306616	0.463231814907815	0.00629527784936073	98.5609139777968
224	0.0243176999074089		0.0862110676181641		0.652522802352905	0.0240905692997578	0.0530400992593726	0.454195403782183	0.00663188984023192	98.4845512034926
222	0.0193309224309972		0.0702902092986019		0.655378818511963	0.0191037918233461	0.0428380562690892	0.44595374970668	0.00696630494562832	98.4087453942734
220	0.0157567572917754		0.058619149355308		0.656985223293304	0.0155296266841243	0.0352753430823448	0.440240273436118	0.00781205676334409	98.2172891583472
218	0.0131172149134065		0.0500096525101322		0.657121121883392	0.0128900843057554	0.0296251576255594	0.435106015930001	0.00795230626314345	98.1855763407156
216	0.011150910094527		0.0435795311140118		0.655903518199921	0.0109237794868759	0.0253527248447795	0.430872008975608	0.00919814549236507	97.9043198111829
214	0.00972842794345744		0.0388353409169042		0.654084265232086	0.00950129733580636	0.0221793048616506	0.428385713396938	0.010129241115845	97.6946449501422
212	0.00862809687981521		0.0351314150360134		0.652615189552307	0.00840096627216412	0.0197122517700241	0.42617993977427	0.0110347732088928	97.4911575106667
210	0.00771351696746932		0.0320846935897524		0.652986526489258	0.00748638635981824	0.0177339999535031	0.422148775202821	0.0125957945955588	97.1413658174632
208	0.00683997928747287		0.0293086697837825		0.655270755290985	0.00661284867982178	0.015976988494432	0.413898318955814	0.0138873455476506	96.8529056690858
206	0.00601270177345978		0.0266407250770359		0.661797821521759	0.0057855711658087	0.0143704931908708	0.402600738121092	0.0156169987071779	96.4679392670281
204	0.00521401894393326		0.0241171397676006		0.668592393398285	0.00498688833628218	0.01283078279301	0.388665946320823	0.0184638512713081	95.8376483955233
202	0.00439481061133019		0.0214778492546176		0.687935590744019	0.00416768000367911	0.0113863311860007	0.366024835884203	0.020278463937247	95.4380453541967
200	0.0035205213882917		0.0186429395407561		0.715800225734711	0.00329339078064061	0.00981830227162575	0.335433834641483	0.0242790542035347	94.5629355708628
