Wavelength	I1	I1 dark	R1	R1dark	XCorrect	I1c	R1c	I1c/R1c	Abs	Percent T
nm	uA	uA	uA	uA		uA	uA	uA/uA	OD	T*100
	Abs Detector Raw	Dark Offset for Abs Detector	Ref Detector Raw	Dark Offset for Ref Detector	Linear interp	Dark subtracted Abs Detector	Corrected Ref Detector	Corrected Intensity 	-Log(T)	% Transmittance
800	0.142851349832026	2.18002310835449E-4	0.210076614837455	0.00493720568782195	1.35067892074585	0.142633347521191	0.277077475752668	0.514777850973754	6.10027540689115E-4	99.8596345723976
798	0.146236929347307		0.215263324945514		1.34199333190918	0.146018927036471	0.282256249570158	0.517327525108267	6.35296394419071E-4	99.8538245398102
796	0.159196895649891		0.234238856257021		1.33337259292603	0.158978893339056	0.30574453638167	0.519972965733058	6.90234864159551E-4	99.8411937798491
794	0.166976702213653		0.245256547558211		1.32502686977386	0.166758699902818	0.318429585304637	0.523690974704132	7.10074131749738E-4	99.8366329783639
792	0.160292280853644		0.235378842519556		1.31713449954987	0.160074278542809	0.303522630003817	0.527388282517174	7.48175623247896E-4	99.8278745024376
790	0.151018791281935		0.222177931317421		1.30966234207153	0.150800788971099	0.28451199752138	0.530033145473126	7.70966795462051E-4	99.8226358114666
788	0.149747206280302		0.220763860812207		1.30193436145782	0.149529203969466	0.280992138424945	0.532147286424552	9.10249549848578E-4	99.7906267876969
786	0.153531574017255		0.226284769985093		1.29363858699799	0.15331357170642	0.286343750312967	0.535417907807841	7.80609320299637E-4	99.8204195006457
784	0.157764495600683		0.232464805665965		1.28498160839081	0.157546493289848	0.292368781373215	0.538862229236221	7.71790618535309E-4	99.8224464558196
782	0.163872613557233		0.241389837063408		1.27644824981689	0.163654611246398	0.301819547483966	0.542226680182443	8.46114313406642E-4	99.8053646402523
780	0.174100449362312		0.25643599560314		1.268270611763	0.173882447051477	0.318968524143555	0.545139830076837	8.42810774620427E-4	99.8061238305274
778	0.187710599378119		0.276029218257393		1.26044166088104	0.187492597067284	0.341695666574775	0.548712247207425	5.0767518277241E-4	99.8831717665861
776	0.205047556477423		0.301097074297364		1.25292003154755	0.204829554166588	0.371064631921384	0.552005059350373	5.68938120579572E-4	99.8690829277384
774	0.231230350257079		0.339078686694425		1.24577045440674	0.231012347946244	0.416263584629736	0.554966507944066	4.93552233014537E-4	99.8864199495866
772	0.29631269542549		0.433897514745723		1.23883104324341	0.296094693114655	0.531409347180215	0.557187589352359	4.45443059243555E-4	99.8974855272257
770	0.39454394373598		0.576854592421565		1.23221707344055	0.394325941425145	0.704726368530821	0.559544752450821	5.75934270384771E-4	99.867474126645
768	0.446173103991106		0.64936905837937		1.22665858268738	0.445955101680271	0.790497863061216	0.564144601167297	5.44905780092962E-4	99.874609487049
766	0.403319499731188		0.585439135844294		1.22236526012421	0.403101497420353	0.70958539285832	0.568080320532808	5.99101764394934E-4	99.8621468257136
764	0.341565793312905		0.496147314912024		1.2186872959137	0.341347791002069	0.598631519735915	0.570213528269702	4.90242186606066E-4	99.8871812531706
762	0.322028147822126		0.46936011744826		1.214359998703	0.32181014551129	0.56397660652305	0.570609031986751	5.41519423469626E-4	99.8753882497964
760	0.332744709058601		0.484864046829669		1.20898902416229	0.332526706747766	0.580226283341373	0.573098317492325	4.73982816506916E-4	99.8909209577219
758	0.353043039971146		0.514205296712427		1.2031888961792	0.35282503766031	0.612745712299182	0.575809884228187	5.42340902220489E-4	99.8751993332087
756	0.378507403272715		0.550613419430717		1.19780671596527	0.37828940096188	0.65361463356374	0.578765195172132	5.17246276014801E-4	99.88097053987
754	0.403418797826495		0.586156421913205		1.1931779384613	0.403200795515659	0.693497946209898	0.581401571149894	5.4631747562714E-4	99.8742848402553
752	0.426469294865737		0.61883590634073		1.18890511989594	0.426251292554902	0.729867308303705	0.584012035756963	5.01868016868188E-4	99.8845073627119
750	0.458947721249632		0.665238674404826		1.1848680973053	0.458729718938796	0.78237014488661	0.586333363992667	5.11994961571902E-4	99.8821782677507
748	0.505426002313913		0.731639646734715		1.18107759952545	0.505208000003078	0.858291974640951	0.588620207260381	4.11329415018937E-4	99.9053327398175
746	0.562106547131375		0.812289944874367		1.17750906944275	0.561888544820539	0.950665172631603	0.59104778527348	4.64633639218504E-4	99.8930713603189
744	0.610183355716124		0.879829224084474		1.174187541008	0.609965353405289	1.02728730772869	0.593763155464182	5.03494148991977E-4	99.8841333650933
742	0.664351778046065		0.955632960964194		1.17108881473541	0.664133775735229	1.11334916522059	0.596518860822643	5.44202395647932E-4	99.874771244351
740	0.749212191525339		1.07533946164554		1.16803753376007	0.748994189214503	1.25027001118007	0.599065947768806	5.74678882891764E-4	99.8677628076309
738	0.862129624850998		1.23398218043302		1.16498303413391	0.861911622540163	1.4318165437657	0.601970710768101	5.35246014190864E-4	99.8768309660611
736	0.949061202262426		1.35405102730432		1.16204738616943	0.948843199951591	1.56773419005451	0.605232191764982	6.0040379219288E-4	99.8618474364704
734	0.986311651027155		1.40345182788818		1.15931880474091	0.986093648716319	1.621324300222	0.608202596224149	5.72739260974487E-4	99.8682088324878
732	0.991081703498329		1.40910657762144		1.15665113925934	0.990863701187494	1.62413410376009	0.610087368335847	6.29387258227777E-4	99.8551831890384
730	0.988561722429297		1.40665620287537		1.15388596057892	0.988343720118462	1.61742387153148	0.611060426097605	7.05751752759409E-4	99.8376266219175
728	0.989365921644834		1.41037481003825		1.15089321136475	0.989147919333998	1.61750859784364	0.61152560218392	6.77299612580752E-4	99.8441675459143
726	0.999130918554057		1.42783902505636		1.1476241350174	0.998912916243221	1.63295646966749	0.611720480489369	6.43568276349808E-4	99.8519226708818
724	1.01438362845405		1.45354134551029		1.14410185813904	1.01416562614321	1.65735068807879	0.611919754484089	6.49771226585411E-4	99.8504965139541
722	1.02040821247538		1.46519522852037		1.14027833938599	1.02019021016455	1.66510059335056	0.612689836421051	6.80841672378916E-4	99.8433532307791
720	0.995844764697559		1.43173115272635		1.13600122928619	0.995626762386723	1.62083967777387	0.614266035092477	6.56037922013361E-4	99.8490557216771
718	0.932366007016637		1.34116964429915		1.13137769699097	0.932148004705801	1.51178357904071	0.616588258814987	6.97290960629571E-4	99.8395716469385
716	0.823008167182613		1.18385552078224		1.12621939182281	0.822790164871778	1.32772066783442	0.619701255546314	7.69694185583098E-4	99.8229283214199
714	0.69179469083924		0.996009042345828		1.12039887905121	0.691576688528405	1.11039577485085	0.6228199928276	0.0010464126125229	99.7593446321841
712	0.565379643431772		0.816938484894855		1.11375534534454	0.565161641120937	0.90437076514344	0.624922501814063	0.0016059437001599	99.6309006500203
710	0.465719747894935		0.676680914959691		1.10628998279572	0.4655017455841	0.743143336573506	0.626395639541681	0.00170038973406649	99.6092362708523
708	0.39492666010408		0.578029494455445		1.09837675094604	0.394708657793244	0.629471246128814	0.627047955280982	0.00147180952638222	99.661676939078
706	0.341970488745858		0.505513155328702		1.09038031101227	0.341752486435023	0.545818159654684	0.626128831351516	0.00129701901308675	99.7017958500046
704	0.302788720103593		0.452885827352955		1.0826700925827	0.302570717792757	0.484980575690484	0.62388213664429	0.00130287896714632	99.7004505784756
702	0.281638056735958		0.425693935676941		1.07555782794952	0.281420054425123	0.452548194602241	0.621856539881839	6.66735607684074E-4	99.8465962369227
700	0.271582175733659		0.414628846304651		1.0694442987442	0.271364173422823	0.438142389300826	0.6193515625271	7.38249975436146E-4	99.8301560595107
698	0.277406594655698		0.426107172979977		1.0649927854538	0.277188592344863	0.448542976615956	0.617975549268698	6.97857459115806E-4	99.839441415191
696	0.297298711885783		0.457254524234913		1.06259047985077	0.297080709574948	0.480628076559766	0.618109353289114	7.36464169549428E-4	99.8305665589629
694	0.325395325848222		0.499899585710019		1.06203079223633	0.325177323537386	0.525665288582153	0.618601476263477	7.45519560553629E-4	99.8284850326542
692	0.349995787786056		0.536582313529751		1.06277585029602	0.349777785475221	0.565019581542426	0.619054271571218	7.98090927809369E-4	99.8164015212624
690	0.36694242620711		0.561646081129796		1.06392598152161	0.366724423896275	0.592297036726392	0.619156269839116	7.86187696900545E-4	99.819137346855
688	0.379308250437484		0.580183841065489		1.06461536884308	0.379090248126649	0.612416408898335	0.619007333276042	7.67177221568281E-4	99.8235068492552
686	0.385436380906161		0.589585851220791		1.0645604133606	0.385218378595326	0.62239380375929	0.618930291832257	8.56916360739943E-4	99.8028822489018
684	0.382598119503928		0.585280193889363		1.06376242637634	0.382380117193093	0.617347065259769	0.619392459624302	8.5907951004725E-4	99.802385148416
682	0.377570530717865		0.577970021494257		1.06245732307434	0.37735252840703	0.608822911515456	0.619806714349399	8.33923540525468E-4	99.8081662452925
680	0.379013580638857		0.580797067991749		1.06094348430634	0.378795578328021	0.610954768784895	0.620005927904276	7.97869402655725E-4	99.816452435677
678	0.385898501265643		0.591787942886797		1.05921316146851	0.385680498954807	0.62160002465865	0.620464098544081	8.1670904041998E-4	99.8121225049556
676	0.393829690809147		0.60439909914744		1.05730748176575	0.393611688498311	0.633815544988316	0.621019303819012	0.00100882046189482	99.7679800875642
674	0.400920240402396		0.615565305767862		1.05524814128876	0.400702238091561	0.644364167628147	0.621856798099922	9.5005617632036E-4	99.7814805831539
672	0.407227311910398		0.625640381716373		1.05312037467957	0.407009309599562	0.653675161303984	0.622647660020674	8.74906023103213E-4	99.7987482268401
670	0.413377689388263		0.635605384728313		1.0509113073349	0.413159687077428	0.662776320529963	0.623377260592323	0.0010022022922606	99.7695004532948
668	0.417268400127111		0.641923335447696		1.0485315322876	0.417050397816276	0.667900042683068	0.624420379044915	9.52546733085569E-4	99.780908366054
666	0.420330621184211		0.647017009133398		1.04595601558685	0.420112618873376	0.671587232900724	0.625551824531897	9.49237539610557E-4	99.7816686694948
664	0.424023893874532		0.653135428908754		1.04322910308838	0.423805891563696	0.676219251034254	0.626728521726496	9.04779175579944E-4	99.7918837585722
662	0.429326328240551		0.661676711833609		1.04042720794678	0.429108325929716	0.683289650727607	0.628003549406575	9.21330454232213E-4	99.7880806897535
660	0.43593490853641		0.6722635452874		1.03775990009308	0.435716906225575	0.692524515512338	0.629171814810377	9.47809790721298E-4	99.7819967035977
658	0.445536555836911		0.687399145812859		1.03528940677643	0.445318553526076	0.70654561713954	0.630275728450421	9.79839640587093E-4	99.7746379075391
656	0.457673307192224		0.706429323654299		1.03309750556946	0.457455304881388	0.724709757247803	0.631225535887147	9.36069114136314E-4	99.7846942372678
654	0.474913972101361		0.73327349560514		1.03115320205688	0.474695969790525	0.751026297522474	0.632063046735485	9.37832537351255E-4	99.7842890691241
652	0.491257866079023		0.758817717304828		1.02945709228516	0.491039863768187	0.776087639419689	0.63271187276653	9.50285301375888E-4	99.7814279404606
650	0.501224612560194		0.77427309566104		1.02793705463409	0.501006610249358	0.79082886876337	0.633520891862217	9.12586588873171E-4	99.7900897927054
648	0.503602038392979		0.778167426700167		1.02666783332825	0.503384036082143	0.793850595670666	0.63410424937311	9.26328799414476E-4	99.7869322238555
646	0.505235180781473		0.781116099784087		1.02560043334961	0.505017178470637	0.79604941014195	0.634404312140101	9.95317954685484E-4	99.7710819893109
644	0.509838526710344		0.788689155478925		1.02465677261353	0.509620524399509	0.803076743402509	0.634585086152946	9.36865876450728E-4	99.7845111711357
642	0.519371457885632		0.803801688377522		1.02378344535828	0.519153455574796	0.817864232462419	0.634767281620488	9.74528406837794E-4	99.7758581156851
640	0.531863626719993		0.82357041449482		1.02288675308228	0.531645624409157	0.837369064921914	0.634900006078842	0.0010226830056548	99.7647955757304
638	0.546788605603226		0.846981293917876		1.02184903621674	0.546570603292391	0.860441940009881	0.63522078350355	0.00101665894373879	99.766179414344
636	0.561208026627152		0.869486649052558		1.02063095569611	0.560990024316317	0.882385924627887	0.635764928540642	0.00101492680632158	99.7665773219485
634	0.575207888021407		0.891542042946363		1.01923584938049	0.574989885710572	0.903659434368063	0.636290469442913	0.00112613593213654	99.7410335172283
632	0.588324120573977		0.912141756914344		1.0177036523819	0.588106118263142	0.923265385240711	0.636984909934442	0.00111429415427715	99.7437531632617
630	0.60170886264696		0.933036836786905		1.01619136333466	0.601490860336124	0.943126829436969	0.637762431904524	0.00104287501964362	99.7601572360721
628	0.616858223243164		0.956855201865072		1.01451146602631	0.616640220932329	0.965731721838606	0.638521244552618	0.00114253307631642	99.7372677838341
626	0.632486609411185		0.981413514755223		1.01275491714478	0.632268607100349	0.988931183483392	0.639345404068723	0.00112407865552223	99.7415059970555
624	0.64791801224259		1.00552060297677		1.01092803478241	0.647700009931755	1.01151780745722	0.640324871353437	0.0011644292996027	99.7322393652744
622	0.66099093272258		1.02602084734065		1.0092089176178	0.660772930411745	1.03048671678969	0.641224112495376	0.00114947301940383	99.7356740140291
620	0.670663205022799		1.04129996349054		1.00772297382355	0.670445202711963	1.04436656025293	0.641963490816476	0.0012214810304531	99.7191387540532
618	0.678646383701837		1.05385159307906		1.0068142414093	0.678428381391002	1.05606194324461	0.642413435812886	0.00120499301366635	99.7229246691711
616	0.686696820681388		1.06672206177763		1.00664889812469	0.686478818370552	1.06884455542829	0.642262539378775	0.00123150199637551	99.7168378485519
614	0.694226429110774		1.07863837093411		1.00700271129608	0.694008426799938	1.08121998452478	0.641875322999113	0.00124865023379736	99.7129005794343
612	0.701265940191044		1.08977269889255		1.00780045986176	0.701047937880208	1.09329770892608	0.641223275377417	0.00125596202184968	99.7112218257588
610	0.710077968048899		1.10368494432036		1.00835275650024	0.709859965738063	1.10792531094853	0.640711028733813	0.00121380789636148	99.7209006117661
608	0.721241016710348		1.1212812024898		1.0085117816925	0.721023014399513	1.12584607319649	0.640427702831872	0.00126101467820746	99.7100617750807
606	0.732547839174934		1.13906065066094		1.00798010826111	0.732329836864099	1.14317387284547	0.640611069111702	0.00130472998563885	99.7000256433402
604	0.746938993292235		1.16154680810283		1.00688087940216	0.746720990981399	1.16456809360461	0.641199939344145	0.00132992743786654	99.6942412876514
602	0.762238007208153		1.18532841994628		1.00539457798004	0.762020004897318	1.18675892671073	0.642101767887573	0.00135903736015855	99.6875591987022
600	0.77862089349523		1.21072179081649		1.00393652915955	0.778402891184394	1.21053119130816	0.643025885473644	0.00142870587600714	99.6715688337312
598	0.796963187428285		1.2389805391777		1.00287997722626	0.79674518511745	1.23759735018654	0.643783848597735	0.00141910977445215	99.673771185139
596	0.816227794895253		1.26882409618735		1.00218975543976	0.816009792584418	1.26665449369324	0.644224448456454	0.00146284108153774	99.6637350344923
594	0.837055668347185		1.30087046294163		1.00178515911102	0.83683766603635	1.29824670431527	0.644590633856237	0.00147301792634598	99.6613996364544
592	0.855499479613819		1.32933418292066		1.00154709815979	0.855281477302984	1.32644594935915	0.644791804533157	0.00147075653801708	99.6619185786057
590	0.873972077806608		1.35794581610712		1.00122630596161	0.873754075495773	1.35466781294436	0.644995080821085	0.00156604087028877	99.6400551239686
588	0.89083424357175		1.38374726986144		1.00070452690125	0.890616241260914	1.37978147295554	0.645476300934222	0.00154073870017268	99.6458603625153
586	0.905957447246672		1.40708318285414		0.999973237514496	0.905739444935836	1.40210845225493	0.64598387056236	0.00160969081309161	99.6300410336972
584	0.920469777816125		1.42929390298023		0.999053955078125	0.920251775505289	1.423009191872	0.646694189160283	0.00161275081069824	99.6293390523786
582	0.933247674493582		1.44879470124215		0.998229086399078	0.933029672182747	1.44130054867766	0.647352610140034	0.00161303569455493	99.62927369861
580	0.946861171753639		1.46963432640302		0.997582137584686	0.946643169442803	1.4611556845972	0.647872899118046	0.0016455908518114	99.6218056665609
578	0.961784274111001		1.49258798964138		0.997147619724274	0.961566271800166	1.48340743820024	0.648214541088452	0.00169608210581835	99.6102242679506
576	0.97779282903971		1.51710859623286		0.996688485145569	0.977574826728875	1.5071638125228	0.648618828694235	0.00173894911014174	99.6003927334398
574	0.994421017144654		1.54259389520329		0.996220171451569	0.994203014833818	1.53184461086275	0.64902341124135	0.00177792941251199	99.5914534552398
572	1.01343322318441		1.57164103864191		0.9957315325737	1.01321522087357	1.56001640867646	0.649490104872164	0.00177124031836337	99.592987395381
570	1.03225576522345		1.60033570283389		0.995352268218994	1.03203776291262	1.58798351284751	0.649904583116236	0.00183166622644393	99.5791314098398
568	1.05109302924731		1.62910284627363		0.995181918144226	1.05087502693647	1.61634027758213	0.650157050165492	0.0018936451299294	99.5649213167843
566	1.07039033233182		1.65843864815836		0.995282471179962	1.07017233002098	1.64570100176171	0.650283574522572	0.00193519495716517	99.5553961960077
564	1.09278010458122		1.69269578181054		0.995623111724854	1.09256210227038	1.68037144539961	0.650190828498971	0.00202292763638256	99.5352868465927
562	1.11762476970411		1.73048378825134		0.996170461177826	1.11740676739328	1.71893853493613	0.650056267099045	0.00203974314697712	99.5314330000949
560	1.14593244293085		1.77353291161448		0.99668163061142	1.14571444062001	1.76272685207534	0.649967088928785	0.00208930388660339	99.5200753379816
558	1.17583513812386		1.81875922491033		0.997178435325623	1.17561713581303	1.80870420308746	0.649977555095103	0.00209308295861512	99.5192093543906
556	1.20421337623068		1.86163460926049		0.997675478458405	1.20399537391985	1.85238147046184	0.649971613902865	0.00213861187811797	99.5087768834135
554	1.23241334621077		1.90408257906158		0.99818366765976	1.23219534389994	1.89569589421328	0.649996314103587	0.00218315571502149	99.4985711920947
552	1.26145150802101		1.94771244705131		0.998678505420685	1.26123350571018	1.9402078744132	0.650050709690903	0.00221527833246325	99.4912120464629
550	1.28872699771915		1.98863595518857		0.999059557914734	1.28850899540832	1.98183319571223	0.65016016393108	0.00224496853119385	99.4844106409374
548	1.31667317711188		2.03086901776395		0.999196529388428	1.31645517480105	2.02430403540408	0.650324828571644	0.0024162054607024	99.4451929033452
546	1.34449814160031		2.07265992091728		0.99907249212265	1.34428013928947	2.06580488612291	0.650729479981244	0.00256452255558786	99.4112369023938
544	1.37094095521535		2.11171300181592		0.998806416988373	1.37072295290451	2.10426118432853	0.651403429913056	0.0025992264947863	99.4032933898063
542	1.39432319389145		2.14563376095772		0.998482644557953	1.39410519158061	2.13744835770199	0.652228713062076	0.002631079208298	99.3960030634295
540	1.41506520552732		2.17478192002094		0.99831360578537	1.41484720321648	2.16618550076022	0.653151451119928	0.00247619598060341	99.4314571616864
538	1.43337215613776		2.20097203710379		0.998360693454742	1.43315415382693	2.19243485714321	0.653681521782753	0.00256245813829558	99.4117094544819
536	1.45478257475338		2.23166800866082		0.998661279678345	1.45456457244255	2.2237498331962	0.654104409915524	0.00256732232707987	99.4105960288356
534	1.47527132589222		2.26072762280252		0.999168038368225	1.47505332358138	2.25391368603833	0.654440909924133	0.00266408064864178	99.3884503848302
532	1.49382378187277		2.28666324525748		0.999805629253387	1.49360577956194	2.28128253877578	0.654721961955428	0.00268335016850006	99.3840406460214
530	1.51267897955134		2.31299908499599		1.0004802942276	1.5124609772405	2.30917042810575	0.654980229623501	0.00276893058895972	99.3644583340624
528	1.53293418698993		2.34130837687506		1.00102841854095	1.5327161846791	2.33877393861824	0.655350292463338	0.00283319172808983	99.3497567866864
526	1.55176983877014		2.36734500030618		1.0014044046402	1.5515518364593	2.36572557108716	0.655846077593138	0.00293448803055199	99.3265868182188
524	1.57187922223471		2.39504240742207		1.00163662433624	1.57166121992387	2.39401690607359	0.656495455790888	0.0029934673595617	99.3130986945649
522	1.59665298068064		2.4295524561123		1.00181710720062	1.5964349783698	2.42902103625476	0.657233903923408	0.00305773243238122	99.2984038467345
520	1.62428178428117		2.46799149648605		1.0020604133606	1.62406378197034	2.46812920076686	0.658014086728415	0.00308070116782427	99.2931523444654
518	1.65440909983462		2.51046405491009		1.00242054462433	1.65419109752378	2.51159158876826	0.658622645863787	0.00316658673459615	99.2735181887303
516	1.68945560726294		2.55999550246608		1.00289297103882	1.68923760495211	2.56245000643333	0.659227536424547	0.00325628021292553	99.2530176571563
514	1.72919923625452		2.61598945487905		1.00349617004395	1.72898123394369	2.62018093184803	0.659870932166592	0.00328877270534982	99.2455921488421
512	1.7741987636626		2.67989992581509		1.00418245792389	1.77398076135177	2.68615063915217	0.660417452206512	0.00336553372258547	99.2280521622351
510	1.82544278689534		2.75276609251611		1.00497353076935	1.82522478458451	2.76149529834584	0.660955238880123	0.00341803105807025	99.2160582416809
508	1.88872844582215		2.8431954378579		1.00580215454102	1.88851044351132	2.85472624506044	0.661538193646072	0.00348605371529805	99.200519450161
506	1.96040484934434		2.94609692670454		1.00663805007935	1.96018684703351	2.96068328653618	0.662072453324383	0.0035999630491318	99.1745039611575
504	2.0435338040903		3.06535433101317		1.00742840766907	2.04331580177947	3.08315115136966	0.662736175251007	0.00364702364545427	99.1637578922386
502	2.13091392459076		3.18988566840619		1.00814700126648	2.13069592227992	3.21089624187781	0.663582925692374	0.00375455849819671	99.1392071773127
500	2.2253610067329		3.32483337294509		1.00866842269897	2.22514300442206	3.34867443055176	0.664484723901758	0.00387008522651061	99.1128386519739
498	2.34441575967515		3.49591027899978		1.00904226303101	2.34419775736431	3.52253937007501	0.665485183012843	0.00396653565789122	99.0908295889751
496	2.52391572721962		3.75582116175029		1.00876116752625	2.52369772490878	3.78374607877304	0.666983902293768	0.00401778221451443	99.0791376047844
494	2.73615216435984		4.06279652917602		1.00816118717194	2.73593416204901	4.09097627294457	0.668772923505557	0.00415389223805165	99.0480905818601
492	2.89999857972077		4.29504521477144		1.00794267654419	2.89978057740994	4.3241829493394	0.670596182303741	0.00428904975519531	99.0172704548158
490	2.96486673131704		4.37897995076418		1.00791668891907	2.9646487290062	4.40867068080783	0.672458648796823	0.00434156545799469	99.005297824764
488	3.00027114523807		4.42006324893986		1.00887954235077	3.00005314292724	4.45433034193708	0.673513842177809	0.00441454074310183	98.9886631836137
486	3.10037027569747		4.55794446665063		1.00954282283783	3.10015227338663	4.59645580263353	0.674465807244444	0.00457209511502579	98.9527583571583
484	3.31787205217213		4.86591608407238		1.01009511947632	3.31765404986129	4.91005104093371	0.675686265214545	0.0047472877843098	98.9128492575359
482	3.49718428045954		5.11353652986029		1.01073944568634	3.4969662781487	5.16346284914769	0.677252142663509	0.00483377680218213	98.8931528907716
480	3.56191356486886		5.19159655396244		1.01162850856781	3.56169556255802	5.24697246094434	0.678809654342458	0.00497998419325129	98.8598656239
478	3.53714833547563		5.13986502584883		1.0127238035202	3.53693033316479	5.20026363283516	0.680144427838647	0.00507981104621029	98.8371443240931
476	3.6412999512704		5.27772101895033		1.01399922370911	3.64108194895956	5.34659869343412	0.681009022321234	0.00524650024377455	98.7992163197854
474	3.91534556785114		5.66144437190924		1.01552999019623	3.91512756554031	5.74435266705772	0.681561142301113	0.00540292831912904	98.7636363415023
472	4.38956214798752		6.33047058505625		1.01726651191711	4.38934414567668	6.4347532768454	0.682130915799236	0.00552835423566287	98.7351171419384
470	4.91249590078079		7.06984673932841		1.01911818981171	4.91227789846996	7.19997781510726	0.682262921444401	0.00569966272857	98.6961785200087
468	5.33583555973374		7.65942802603506		1.02110064029694	5.3356175574229	7.81600547780358	0.682652740274472	0.00582482374409439	98.6677389827812
466	5.45213059344874		7.79446133604237		1.02326714992523	5.4519125911379	7.97076415614172	0.683988697236392	0.00600132147164038	98.627648458367
464	5.28196969569117		7.51604683031892		1.02553856372833	5.28175169338033	7.70293257645023	0.685680634090963	0.00614780740603468	98.5943873243615
462	5.08251686201548		7.21025503954862		1.027627825737	5.08229885970465	7.4043850993544	0.68639040129717	0.00628565899523107	98.5630969517759
460	4.9267083201576		6.97940105121325		1.02919805049896	4.92649031784676	7.17810459309027	0.686321890961168	0.00641781958368812	98.5331076803584
458	4.77472578902661		6.76033282454954		1.03004312515259	4.77450778671577	6.95834881489443	0.686155281048268	0.00664896094118574	98.4806800820677
456	4.56968901006074		6.47509006201744		1.03006207942963	4.5694710077499	6.66465910541842	0.685627116927088	0.00681379391698372	98.4433096247026
454	4.38725345414909		6.23157998974827		1.02918720245361	4.38703545183825	6.40838106760515	0.684577806088194	0.00700673821441254	98.3995838640195
452	4.2560677588725		6.06785004411344		1.02735614776611	4.25584975656166	6.22877077792666	0.683256762577204	0.00718393959618203	98.3594429315498
450	4.08564074539334		5.84891653912888		1.02460694313049	4.0854227430825	5.98778180055482	0.682293189558769	0.00743992327430106	98.3014845781669
448	3.816802636116		5.48578540288457		1.02102768421173	3.81658463380516	5.59609774229984	0.682008215288365	0.00761941839462634	98.2608646952279
446	3.4779503791692		5.02017539009662		1.01675081253052	3.47773237685837	5.09924749903172	0.682008939067724	0.00782954372114379	98.2133344983537
444	3.21598391781363		4.66179858000519		1.0121191740036	3.21576591550279	4.71329868762336	0.682275011330612	0.00809986062222385	98.152222822484
442	3.09001852036774		4.491995499629		1.00782012939453	3.0898005180569	4.5221476704006	0.683259535791141	0.00832959897626006	98.1003148017785
440	3.03674031745563		4.42029661075533		1.0045450925827	3.03652231514479	4.43542762234945	0.68460644016469	0.00866492105979276	98.0246000338634
438	3.00660320575964		4.37555567587552		1.00285410881042	3.00638520344881	4.38309269087046	0.685905002582036	0.00886801673104077	97.9787700303251
436	2.97377298128145		4.32288033917194		1.00277864933014	2.97355497897062	4.32994118327955	0.686742579888444	0.0091384065678277	97.917787864062
434	2.94636899701595		4.27522852295609		1.00421047210693	2.94615099470512	4.28827125974811	0.687025334045257	0.00944217274785224	97.8493234607192
432	2.92708297170239		4.23612132828814		1.00665414333344	2.92686496939156	4.25933902822225	0.687164123352998	0.00977239898312575	97.7749496581272
430	2.92806513966722		4.2244581081199		1.00962591171265	2.92784713735638	4.26013763810855	0.687265855254458	0.0100207425527595	97.7190547761942
428	2.94134220992666		4.23157452166568		1.01240730285645	2.94112420761583	4.27907848522155	0.68732653952795	0.0103252012781482	97.6505736095199
426	2.93936416305957		4.22100680930556		1.01423370838165	2.93914616074873	4.27607990887239	0.687345939127642	0.010634330796692	97.5810909538132
424	2.91884125054392		4.19140859653321		1.01462960243225	2.91862324823308	4.24771780288745	0.687103848153262	0.0109896847633531	97.5012795663665
422	2.90416195616898		4.17922115273425		1.01337480545044	2.90394395385814	4.23011418273307	0.686493042129164	0.0113042199180387	97.4306904186715
420	3.35479360720037		4.84762990982905		1.01114857196808	3.35457560488954	4.89668181227263	0.68507118360885	0.0116598835503256	97.3509326292327
418	3.20709741394288		4.66020614837092		1.0079870223999	3.20687941163205	4.69245068000588	0.683412491748987	0.0120461348125251	97.2643894977951
416	3.01107099382773		4.40579347848907		1.00422537326813	3.01085299151689	4.41945153325321	0.681272997081737	0.0124199704349333	97.1807014702621
414	2.83832861170547		4.18371559851707		1	2.83811060939464	4.17877839282925	0.679172318461494	0.0128582005025351	97.0826895735956
412	2.69121623436362		3.99702220814978		0.995681941509247	2.69099823205278	3.97484694592127	0.677006754892565	0.0132896001709642	96.9863018745025
410	2.57484958443797		3.85053892260229		0.991583049297333	2.57463158212714	3.8132334768411	0.675183305130314	0.0137590735669255	96.8815160922765
408	2.47739973863596		3.72673860327275		0.988153755664825	2.47718173632512	3.67771202886214	0.673565988006827	0.0142138511978714	96.7801183369139
406	2.3956735207008		3.62175731462973		0.985654711723328	2.39545551838996	3.56493578183428	0.671949135969407	0.0147132889862902	96.6688853648653
404	2.33718347943061		3.54785325730785		0.98426741361618	2.33696547711977	3.4871768187873	0.67015973051016	0.0152037040823917	96.559786295615
402	2.31013918998789		3.51682784727557		0.984128773212433	2.30992118767705	3.45615262876198	0.668350456647653	0.0157460429562425	96.4392794888849
400	2.32301125780755		3.54193244190182		0.985299050807953	2.32279325549671	3.48499804895391	0.666512067687942	0.0163229132291891	96.3112649187628
398	2.36310646760827		3.60478689721708		0.987817049026489	2.36288846529744	3.55599289922535	0.664480647813493	0.0168712279314231	96.1897447013216
396	2.40532258560365		3.66722173095197		0.991658091545105	2.40510458329281	3.63173408301862	0.662246884907868	0.0174848289090386	96.0539372061181
394	2.42483212654132		3.69240426503104		0.996615350246429	2.42461412423048	3.67498627486951	0.659761409399161	0.0181549669468113	95.9058354856967
392	2.43047096440941		3.69414339100065		1.0025714635849	2.43025296209858	3.69869284467555	0.657057253509722	0.018805444841511	95.7622970972861
390	2.42873360357651		3.68323041497004		1.0093150138855	2.42851560126567	3.71255656160161	0.65413565045269	0.0194949498115595	95.610381299748
388	2.43459149661951		3.68364475090588		1.01699423789978	2.43437349430867	3.74122437640521	0.650688985579572	0.0201921902113637	95.4570062528345
386	2.45127708981456		3.69951338853779		1.02549052238464	2.45105908750372	3.78875285974067	0.646930316714162	0.0209441616134033	95.2918675414235
384	2.47666064928344		3.72908215062667		1.03449034690857	2.4764426469726	3.85259199602758	0.642799094616319	0.0217545939925921	95.1142102003259
382	2.50481271704204		3.76426592734155		1.04369103908539	2.50459471473121	3.92357769976632	0.638344619728157	0.0225370713924631	94.9429952368574
380	2.53027514125671		3.79703313424187		1.0526317358017	2.53005713894587	3.99168051960039	0.633832574155799	0.0234154553204622	94.7511619888145
378	2.54444439168837		3.81428314393856		1.06117713451386	2.54422638937754	4.04239080712492	0.629386546420304	0.0242460766625184	94.5701163470804
376	2.5389682369251		3.80383366155844		1.06922745704651	2.53875023461426	4.06188439709354	0.62501784551792	0.0251417047138991	94.3752891590463
374	2.53484257532049		3.79701799019896		1.07646524906158	2.53462457300965	4.08204318616043	0.620920567818323	0.0260807274835733	94.1714532565909
372	2.52794779751601		3.78779526318503		1.08239138126373	2.52772979520517	4.09453295797904	0.617342642285823	0.0271276214580928	93.9447204731574
370	2.5266681808219		3.78808123974639		1.08660447597504	2.52645017851107	4.11078124066629	0.61459124935132	0.0281659433394186	93.7203834172739
368	2.53172632777435		3.79932838325613		1.08728444576263	2.53150832546351	4.12558250850899	0.613612337225662	0.0292895909919893	93.4782146162981
366	2.53819079552195		3.81414475038443		1.08414971828461	2.53797279321112	4.12975128647043	0.614558266868474	0.0304307338337781	93.2329156819177
364	2.54844448688723		3.83551317803342		1.07767069339752	2.5482264845764	4.12809946422957	0.61728805389915	0.0316169340726059	92.9786135524463
362	2.56903398387527		3.87374583657206		1.06871128082275	2.56881598156444	4.13463942717042	0.621291415324802	0.0328723840847606	92.7102209100643
360	2.59071913515581		3.91451432517869		1.05907070636749	2.59050113284497	4.14051860153738	0.625646539030913	0.0342058029300511	92.4260082924475
358	2.61796044364071		3.96409516970713		1.04836678504944	2.61774244132987	4.1506497062418	0.630682574198752	0.0355428691993988	92.1418931002038
356	2.64711948893435		4.01729636578361		1.03684234619141	2.64690148662352	4.1601838853163	0.636246271701106	0.0368803583018497	91.8585618364304
354	2.68016239651716		4.07767402667517		1.02479386329651	2.67994439420633	4.17371570096956	0.642100369602024	0.0383053779042091	91.5576468247046
352	2.699933819778		4.11990811586188		1.01273274421692	2.69971581746717	4.16736578223337	0.647823099420935	0.0399199213986696	91.2179018527018
350	2.72037489147367		4.16346042769957		1.00126516819	2.72015688916283	4.16378445330962	0.653289554170051	0.041466782344195	90.8935817707343
348	2.73841927616719		4.20576608671021		0.990810453891754	2.73820127385636	4.16222517032738	0.657869567792023	0.0431755481050239	90.5366564676873
346	2.74973564575088		4.23930600600979		0.981342911720276	2.74951764344004	4.15536780780545	0.661678525370329	0.0449819301981232	90.1608650287868
344	2.75291726927332		4.26237313726527		0.972720801830292	2.75269926696249	4.14129649310511	0.664695046960652	0.0468946411841185	89.7646535017943
342	2.75320296263156		4.28086543211326		0.964752793312073	2.75298496032072	4.12521370044587	0.667355720268059	0.0487271602267264	89.3866867429581
340	2.75123888793237		4.2979732469863		0.957048177719116	2.75102088562154	4.1086423202072	0.669569330017222	0.0506563967640704	88.9904910540108
338	2.74405110719938		4.30905293200062		0.950148642063141	2.74383310488854	4.08954971263872	0.670937706517847	0.052723300725786	88.5679717579976
336	2.72842084847277		4.30880603258755		0.944044172763824	2.72820284616193	4.06304228637456	0.67146799217694	0.0548216822869623	88.1410698645708
334	2.69941442036602		4.28989705805373		0.938558220863342	2.69919641805518	4.0216842955074	0.671160692814809	0.0569355804516876	87.713091763207
332	2.66516671786614		4.26679213382965		0.933434963226318	2.66494871555531	3.97816439812597	0.669894063908146	0.0591958854874193	87.2577709545556
330	2.61358891045505		4.21973667991611		0.928119659423828	2.61337090814422	3.91183825256049	0.668067220426008	0.0615043755937095	86.7951832480117
328	2.54402065145569		4.14889345754293		0.923022568225861	2.54380264914485	3.82496514220292	0.665052504943823	0.0639219183950732	86.3133716231123
326	2.46367224113221		4.06347792565767		0.918195605278015	2.46345423882138	3.72653425291819	0.661057720559602	0.0663860440568602	85.8250284266319
324	2.38066007593657		3.97551631956384		0.913534343242645	2.38044207362573	3.62726038308769	0.656264459183763	0.0689479057329097	85.3202450778871
322	2.2953822930742		3.88539496738488		0.908978700637817	2.29516429076336	3.52725345410733	0.650694462596882	0.0716836346534819	84.7844808684827
320	2.20995577486086		3.79286657175852		0.904343068599701	2.20973777255002	3.42558766655129	0.64506822993518	0.0745504943095515	84.226645757668
318	2.13321441774563		3.71064642560268		0.899914681911469	2.13299641543479	3.33482213389607	0.639613247661521	0.0773654903283733	83.6824736951169
316	2.06218719634975		3.63719547130633		0.895963847637177	2.06196919403892	3.25437209127549	0.633599704092461	0.0804395724636393	83.0922324812769
314	2.00558829520872		3.58592266633542		0.892610192298889	2.00537029289789	3.19642412064818	0.627379289232503	0.0835678724727104	82.495854911317
312	1.95266088331083		3.53955394337617		0.88999992609024	1.952442881	3.14580863529996	0.620648967356474	0.0868091111120398	81.8824613508056
310	1.90005498508354		3.49487612861329		0.888025283813477	1.8998369827727	3.09915400252259	0.613017933676839	0.090200107114364	81.245607967169
308	1.84084469235138		3.43865011077155		0.887133359909058	1.84062669004054	3.04616126645002	0.604244663706068	0.0938263620582601	80.5700508875265
306	1.77791120139191		3.37512663446288		0.887335538864136	1.77769319908108	2.99048885285633	0.594449030426291	0.0976371127421167	79.8661753357868
304	1.71375087449985		3.31027997212434		0.888603985309601	1.71353287218901	2.93714075506975	0.583401687246793	0.101558487813652	79.1482855942933
302	1.64509615065308		3.2398243620543		0.891015827655792	1.64487814834225	2.88233565700297	0.570675432733111	0.105967932913495	78.3487491149452
300	1.57242248150988		3.15955932331252		0.894482612609863	1.57220447919904	2.8217546335698	0.557172640205802	0.110479167241379	77.5391137359625
298	1.4954128358215		3.07033849359091		0.900495111942291	1.49519483351066	2.76037887589833	0.541662902352153	0.115332864400308	76.6773571551068
296	1.41388645919414		2.97085414340249		0.909423410892487	1.4136684568833	2.69727429792027	0.524110009120433	0.120550916502534	75.7615905088596
294	1.32227435750942		2.84997614339721		0.92107892036438	1.32205635519859	2.62050539313999	0.504504344337352	0.126296047106056	74.7659666864332
292	1.23846652581305		2.73965933719739		0.934718489646912	1.23824852350222	2.55619534036861	0.484410758421795	0.132156869462064	73.7637743352545
290	1.14331584748232		2.60165368101055		0.948803901672363	1.14309784517148	2.46377472332312	0.463961998777908	0.138448302323569	72.7028938351493
288	1.05137733130916		2.46374757072176		0.962523102760315	1.05115932899832	2.36666178165169	0.444152745925834	0.144881850831493	71.6338262467004
286	0.95291665512788		2.30763523491977		0.97529125213623	0.952698652817044	2.24580124422126	0.424213253629841	0.151911536519394	70.4836625824974
284	0.859179330673334		2.15196408319805		0.986907541751862	0.858961328362499	2.1189170177588	0.405377521235368	0.158909310397732	69.3570622678131
282	0.770819357881872		2.00058215509201		0.996903836727142	0.770601355571036	1.98946610680617	0.387340780993819	0.166146994327866	68.2107784126202
280	0.690075349720622		1.8594324242107		1.00535523891449	0.689857347409787	1.86442648348385	0.370010485004872	0.173446700762188	67.0738598736956
278	0.615232547895656		1.72254488569518		1.00982344150543	0.61501454558482	1.73448049858119	0.354581412756099	0.180643364819931	65.971541985671
276	0.548361086676045		1.59692822604086		1.01022160053253	0.548143084365209	1.60826371661447	0.340829105763262	0.187916767427657	64.8758756302384
274	0.486147819102371		1.47802214497302		1.00653350353241	0.485929816791536	1.48270934493956	0.327731000313716	0.19581068945325	63.707316290344
272	0.436844301843323		1.38339499203082		0.99854451417923	0.436626299532488	1.37645146058045	0.317211548708273	0.203492009076172	62.5904380319696
270	0.397065252930007		1.30764328426466		0.988452672958374	0.396847250619172	1.2876633054484	0.308191783473226	0.21108257904704	61.5059910849716
268	0.364476958382489		1.24820236012473		0.972882628440857	0.364258956071654	1.20955107129751	0.301152191681254	0.218904023971452	60.4082112528171
266	0.337918494743494		1.20073295052437		0.953488886356354	0.337700492432659	1.14017795305387	0.296182268327638	0.226445060569627	59.3683446008048
264	0.314502235071436		1.15803096491619		0.931065678596497	0.314284232760601	1.07360602342135	0.2927370244804	0.233671086483172	58.3887144586167
262	0.293306207629276		1.11783142833366		0.906938552856445	0.29308820531844	1.00932667576871	0.290379925899829	0.240462387374604	57.4827600364468
260	0.272921295601355		1.07703296841367		0.883175373077393	0.272703293290519	0.946848575220096	0.288011515703162	0.247144906721059	56.6050389121416
258	0.252975515041406		1.03226551314822		0.859192788600922	0.25275751273057	0.882673073295564	0.286354620275059	0.253114762408484	55.8322638366788
256	0.232434169908641		0.981643158003817		0.834685504436493	0.232216167597806	0.815242300495001	0.284843128793499	0.258913802045974	55.0917030533521
254	0.211685106270847		0.925986875267224		0.80953711271286	0.211467103960012	0.745623890176443	0.283610955531442	0.264577078278221	54.3779613533539
252	0.191372128141565		0.867560380139357		0.784095585346222	0.191154125830729	0.676379022904792	0.282613918169423	0.270076843686455	53.6936782839127
250	0.171888530807308		0.808285989201889		0.758817315101624	0.171670528496473	0.6095949669963	0.281614084417981	0.275783705930537	52.9927300789391
248	0.153605193172845		0.749526742610508		0.735633492469788	0.15338719086201	0.547745001502897	0.280033939955905	0.281338246337818	52.3192793876123
246	0.135827761298079		0.690114295032967		0.715051770210266	0.135609758987244	0.489937090643763	0.276790146279916	0.287701249852728	51.5583191080045
244	0.118590135558242		0.629007656483191		0.697206974029541	0.118372133247406	0.435106270580291	0.272053383853871	0.294686951479217	50.735628949516
242	0.102623994493499		0.569584828046317		0.681808710098267	0.102405992182664	0.384981667060299	0.266002256586998	0.302345126790305	49.8488189525115
240	0.0879343789973865		0.511998550200248		0.667849898338318	0.087716376686551	0.338640867383915	0.259024781516129	0.310902177564305	48.8762437987324
