Wavelength	I1	I1 dark	R1	R1dark	XCorrect	I1c	R1c	I1c/R1c	Abs	Percent T
nm	uA	uA	uA	uA		uA	uA	uA/uA	OD	T*100
	Abs Detector Raw	Dark Offset for Abs Detector	Ref Detector Raw	Dark Offset for Ref Detector	Linear interp	Dark subtracted Abs Detector	Corrected Ref Detector	Corrected Intensity 	-Log(T)	% Transmittance
800	0.139767036070242	2.32900575660867E-4	0.207711954812724	0.00493876518660264	1.35067892074585	0.139534135494581	0.273881472920403	0.509469056109293	0.00555390023430962	98.7293095319119
798	0.143574450109899		0.213567807488605		1.34199333190918	0.143341549534238	0.279978783611886	0.511972899107033	0.00548263311795584	98.7455122027405
796	0.156404061646158		0.232572611833137		1.33337259292603	0.156171161070498	0.303520732340815	0.514532104169864	0.00549536492083136	98.7426174158607
794	0.163758950532785		0.243049671155591		1.32502686977386	0.163526049957124	0.315503348395108	0.51830210610741	0.00554269461712889	98.7318569672719
792	0.15682669634143		0.232712120461425		1.31713449954987	0.156593795765769	0.300008144310696	0.521965149064742	0.00563430538722549	98.7110325084754
790	0.148244797495717		0.220347186352507		1.30966234207153	0.148011896920056	0.28211229736607	0.524655955454488	0.00555601881366017	98.7288279108575
788	0.147165607245818		0.219202666551172		1.30193436145782	0.146932706670157	0.278957535606543	0.526720693709448	0.0055242218464408	98.7360566286049
786	0.151043147627968		0.224953803307977		1.29363858699799	0.150810247052307	0.284619943033643	0.529865354637081	0.00557461265594053	98.7246010347769
784	0.155025036001644		0.23086352408667		1.28498160839081	0.154792135425983	0.290309160066714	0.53319755873501	0.00553775167462734	98.7329806948108
782	0.161491446803442		0.240449901573695		1.27644824981689	0.161258546227782	0.300617777853691	0.536423851507096	0.00555860014607769	98.7282410943602
780	0.171578729897596		0.255425172166627		1.268270611763	0.171345829321935	0.317684548618872	0.539358398344705	0.00572033350013465	98.691481067715
778	0.185099836945009		0.275268838926935		1.26044166088104	0.184866936369348	0.34073528713136	0.542552953425333	0.00558233430066319	98.7228457522451
776	0.201672556643497		0.299589001793624		1.25292003154755	0.201439656067836	0.369173183745161	0.545650835264592	0.00566662438932896	98.7036869779687
774	0.22790611996183		0.338210420401508		1.24577045440674	0.227673219386169	0.415179981357958	0.548372343583383	0.00563195479493901	98.7115667773395
772	0.294051095931963		0.435763213895983		1.23883104324341	0.293818195356302	0.533718701249408	0.550511336156086	0.00562135013986188	98.7139771577196
770	0.390169674649455		0.577404125195248		1.23221707344055	0.389936774073794	0.705401590555945	0.552786922080052	0.0056467511473459	98.7082037453207
768	0.438761747514373		0.646271472637353		1.22665858268738	0.438528846938712	0.786696269952596	0.557430947225841	0.00583016892888782	98.6665246130978
766	0.393952987622619		0.578469467903394		1.22236526012421	0.393720087046958	0.701064006615629	0.561603624393203	0.00588692968569127	98.6536300890315
764	0.335167685123138		0.492752552352347		1.2186872959137	0.334934784547477	0.59449246519044	0.56339618104358	0.00580101683229302	98.6731478439135
762	0.316704539750136		0.467130038111468		1.214359998703	0.316471639174475	0.561266593589579	0.563852619751484	0.00571678439256338	98.6922875898526
760	0.327398536899788		0.482860779930935		1.20898902416229	0.327165636324127	0.577802470231427	0.566224018033511	0.00566658676603266	98.7036955287525
758	0.34736934980827		0.512082985929892		1.2031888961792	0.347136449232609	0.610190295159778	0.568898673063476	0.00557410029273775	98.7247175061684
756	0.37287662814873		0.549060996341217		1.19780671596527	0.37264372757307	0.651753262783004	0.571755829778083	0.00569333463296826	98.6976166303911
754	0.397577304014387		0.584620961714263		1.1931779384613	0.397344403438726	0.691664008215594	0.574476044320745	0.00561031696505412	98.7164850007754
752	0.420050808563259		0.616746483436482		1.18890511989594	0.419817907987598	0.727381328619131	0.57716343748414	0.00537864112041676	98.7691596885261
750	0.45212208223882		0.663319250889546		1.1848680973053	0.451889181663159	0.780094033397785	0.579275269796522	0.00562504059915908	98.7131383297305
748	0.497210155789125		0.728483839557384		1.18107759952545	0.496977255213464	0.854562879586307	0.581557269903943	0.00548952009171976	98.7439463243145
746	0.55515636527438		0.811763984488285		1.17750906944275	0.55492346469872	0.950044013182866	0.584102901548317	0.00555112593070295	98.7299402236793
744	0.601041058999725		0.876824430395308		1.174187541008	0.600808158424065	1.02375728527153	0.58686581972866	0.00548120440518559	98.745837049618
742	0.654713321358504		0.953046436316326		1.17108881473541	0.654480420782843	1.11031828882486	0.589452977015746	0.00553804936063538	98.7329130185726
740	0.738746870522234		1.07320057554569		1.16803753376007	0.738513969946573	1.24776989038189	0.591867118800682	0.00565914823175142	98.7053861261265
738	0.851370998795355		1.23331004145865		1.16498303413391	0.851138098219694	1.43103169647436	0.594772359212341	0.00554064803458067	98.732322235379
736	0.936153069379434		1.35100058969444		1.16204738616943	0.935920168803773	1.56418762479179	0.598342650184534	0.00543011849545535	98.7574531714713
734	0.968915180149402		1.39491281333489		1.15931880474091	0.968682279573741	1.61142305212016	0.601134679250891	0.00557621051399184	98.7242378074853
732	0.976907833010531		1.40479132892042		1.15665113925934	0.976674932434871	1.61914106263783	0.603205585339006	0.00541942091389544	98.7598858040871
730	0.972277503134014		1.39929767659862		1.15388596057892	0.972044602558353	1.60893117188644	0.604155491262347	0.005389129614648	98.7667743778772
728	0.973546108170448		1.40363354846851		1.15089321136475	0.973313207594788	1.60974833085043	0.604636879530472	0.00527857189392171	98.7919204939423
726	0.982387622722522		1.42032439007662		1.1476241350174	0.982154722146861	1.62433070348046	0.604651946824865	0.0051563697198299	98.8197225651804
724	0.999612775241584		1.44912527191954		1.14410185813904	0.999379874665924	1.65229646585248	0.604842953622312	0.00507465920294435	98.8383167923555
722	1.00371022090392		1.45807193478663		1.14027833938599	1.00347732032826	1.65697627753821	0.605607535805607	0.00510347673670938	98.8317586108594
720	0.980229901783878		1.4256727512613		1.13600122928619	0.979997001208217	1.61395555466953	0.607201975527064	0.00511059945248339	98.8301377181639
718	0.91654907623267		1.33351267319938		1.13137769699097	0.916316175657009	1.50311888832978	0.609609913607825	0.00530087878483958	98.7868463240164
716	0.808820139895556		1.17644014422496		1.12621939182281	0.808587239319895	1.31936757062017	0.612859719554741	0.0053059947699381	98.7856826227077
714	0.677367596780677		0.985798380155182		1.12039887905121	0.677134696205016	1.0989540131174	0.616162904109329	0.00538066524136284	98.7686993551177
712	0.555882819434075		0.811252161980564		1.11375534534454	0.555649918858414	0.898035855702191	0.618739124201162	0.00544778192931957	98.7534366335179
710	0.458014507752384		0.672059346374642		1.10628998279572	0.457781607176723	0.738028816285184	0.620276061144787	0.00556045070508897	98.7278204073504
708	0.387766632056518		0.573541263577383		1.09837675094604	0.387533731480857	0.624539764762269	0.620510899939849	0.00531393709634378	98.7838760582816
706	0.335690138429156		0.501687928293206		1.09038031101227	0.335457237853495	0.541645506963262	0.619329863427167	0.00547395271841935	98.7474858844247
704	0.298315957975469		0.451302566250883		1.0826700925827	0.298083057399808	0.483264737823832	0.616811105941834	0.00553359908563851	98.7339247534293
702	0.277529085194759		0.424674551220565		1.07555782794952	0.277296184619099	0.451450110339374	0.614234393276908	0.00538445487242554	98.7678375083441
700	0.266423245700562		0.411993903993402		1.0694442987442	0.266190345124901	0.435322797471461	0.611478072526978	0.00551089913720685	98.7390855686558
698	0.27273671460844		0.424127096388768		1.0649927854538	0.272503814032779	0.446432548476722	0.61040310560373	0.00539070160335318	98.7664168785784
696	0.29321287419459		0.456718308721919		1.06259047985077	0.292979973618929	0.480056641951953	0.610302926812233	0.00545700409659023	98.7513396438491
694	0.320458630616483		0.498443583213396		1.06203079223633	0.320225730040822	0.52411731286144	0.610981019292297	0.00525478968670751	98.7973305425454
692	0.344223680265175		0.534300524293263		1.06277585029602	0.343990779689514	0.562592893648778	0.611438188382565	0.00533953514510926	98.7780537417171
690	0.361013354575528		0.559389255577291		1.06392598152161	0.360780453999867	0.589894282194049	0.611601883405248	0.0052406727065128	98.8005420561266
688	0.373885466035324		0.57900784985925		1.06461536884308	0.373652565459663	0.61116277032018	0.611379788830907	0.00532691287997211	98.7809246529412
686	0.379033174144638		0.586724263707812		1.0645604133606	0.378800273568977	0.619345810792938	0.611613523443398	0.00510341087866485	98.8317735980792
684	0.376162579368511		0.58235939556119		1.06376242637634	0.37592967879285	0.614238370807029	0.612025716170951	0.00516584633231017	98.8175662725311
682	0.371693518107071		0.575816400897393		1.06245732307434	0.37146061753141	0.606533124640295	0.612432532438694	0.00518630048110682	98.8129123298911
680	0.372625901831373		0.577928798655066		1.06094348430634	0.372393001255712	0.607910042580835	0.612579123836721	0.00520023096995962	98.8097428443122
678	0.380272207647988		0.590183730246723		1.05921316146851	0.380039307072327	0.619899169674855	0.613066327015186	0.00518341656636471	98.813568495172
676	0.388244140599532		0.602899086641227		1.05730748176575	0.388011240023871	0.632227921673026	0.613720506043297	0.00518851408998919	98.8124086795061
674	0.394246552990098		0.612554514153915		1.05524814128876	0.394013652414437	0.641185389715533	0.614508157444518	0.00523703941154985	98.801368622036
672	0.402033488383788		0.624982744389899		1.05312037467957	0.401800587808127	0.652980947696384	0.61533278915046	0.00507374444408243	98.8385249767216
670	0.405932380580123		0.631753931191456		1.0509113073349	0.405699480004462	0.658727145563503	0.615883955499373	0.00528171419361914	98.7912056962376
668	0.411275996281427		0.640298738591395		1.0485315322876	0.411043095705766	0.666194966468334	0.617001202943349	0.0051970015181828	98.8104776049397
666	0.413830499139872		0.644818401048921		1.04595601558685	0.413597598564211	0.669285954381717	0.617968442123203	0.0052538064314606	98.7975542228076
664	0.417514283610016		0.650909801171065		1.04322910308838	0.417281383034355	0.673895784491142	0.619207587638263	0.00520578095381741	98.8084801320361
662	0.422183709555713		0.658676578178605		1.04042720794678	0.421950808980052	0.680166607500502	0.620363899560801	0.00516336817746811	98.8181301432208
660	0.429288873101541		0.670061899178034		1.03775990009308	0.42905597252588	0.690238117080543	0.621605735627339	0.00521185036513984	98.8070992599723
658	0.438233428729863		0.684406071789174		1.03528940677643	0.438000528154202	0.703445304776554	0.622650439458588	0.00523365260951223	98.8021391176219
656	0.450775022612854		0.704398575066222		1.03309750556946	0.450542122037194	0.722610184832722	0.623492626444907	0.00522933744291209	98.8031208243362
654	0.468578445088102		0.732406627017295		1.03115320205688	0.468345544512441	0.750130815120194	0.624351826470957	0.00519972690405871	98.8098575283642
652	0.485001037185567		0.758201989768226		1.02945709228516	0.484768136609906	0.775452168903139	0.625142537541162	0.00522245021284658	98.8046876994598
650	0.494675178077086		0.773538577231358		1.02793705463409	0.494442277501426	0.790072226985604	0.625819084146132	0.0052625409676859	98.7955672251033
648	0.495548858188342		0.775117353775342		1.02666783332825	0.495315957612681	0.790717582822209	0.626413233211296	0.00524755545590545	98.7989762660678
646	0.496838544767661		0.777635510198386		1.02560043334961	0.496605644192	0.792478116531918	0.626649031477702	0.00525795379610088	98.7966107442613
644	0.502555590338078		0.787011872770783		1.02465677261353	0.502322689762418	0.801356506365037	0.626840470842322	0.00525406478573629	98.7974954498689
642	0.511118287142243		0.800755995030317		1.02378344535828	0.510885386566582	0.814744505444878	0.627049809053479	0.00520169194053219	98.809410448001
640	0.522674784288448		0.819324546591863		1.02288675308228	0.522441883712787	0.833024427697999	0.627162741381446	0.00533134863417337	98.7799157392153
638	0.536957370901299		0.841940011284211		1.02184903621674	0.536724470325638	0.855288916637048	0.627535865232548	0.0052422827626683	98.8001757744153
636	0.551800765312203		0.865594843648187		1.02063095569611	0.551567864736542	0.87841223588591	0.627914596590593	0.00531705668772416	98.7831664839391
634	0.566619646478575		0.888944797778518		1.01923584938049	0.566386745902915	0.901010639486301	0.628612716744202	0.00531035193410928	98.7846915364845
632	0.578901570867976		0.908599772065215		1.0177036523819	0.578668670292315	0.919659107215467	0.629220833841793	0.00535609980018652	98.7742862676783
630	0.592194191664471		0.92970226068939		1.01619136333466	0.59196129108881	0.939736677257099	0.629922514907713	0.00542710339110946	98.7581388008593
628	0.607774227002606		0.954609600067404		1.01451146602631	0.607541326426945	0.963451950937348	0.630588090911918	0.00545768835214267	98.7511840556433
626	0.623237076367089		0.979083045099008		1.01275491714478	0.623004175791429	0.986569409489745	0.631485397579525	0.00540351592431527	98.763502713312
624	0.639735988349503		1.00517928065147		1.01092803478241	0.639503087773842	1.01117117860864	0.632438009807389	0.00542138016307039	98.7594402658719
622	0.650835345910132		1.02286358081274		1.0092089176178	0.650602445334472	1.02729880139435	0.633313739343811	0.00550101010793146	98.7413339159534
620	0.661050929670583		1.03915452465634		1.00772297382355	0.660818029094922	1.04220298070802	0.634058855450591	0.00553844755954305	98.7328224917026
618	0.668024081803364		1.05057863197153		1.0068142414093	0.667791181227703	1.05276510926439	0.634321156116502	0.0055706952738121	98.7254915451289
616	0.674891485950728		1.06172317233227		1.00664889812469	0.674658585375067	1.06381085900855	0.634190354104712	0.00571167491178684	98.6934487128547
614	0.682320328084129		1.07376827726461		1.00700271129608	0.682087427508469	1.07631421657582	0.633725186385122	0.00566381768127523	98.7043248707809
612	0.689440201102555		1.08535865350004		1.00780045986176	0.689207300526894	1.08884766028606	0.632969446199503	0.00574700241184164	98.6854208627294
610	0.697903317523816		1.09879899005522		1.00835275650024	0.697670416948155	1.10299697297224	0.632522512793615	0.00568186862204747	98.7002224265415
608	0.707384889446379		1.11394098828573		1.0085117816925	0.707151988870718	1.11844180791865	0.632265339031527	0.00572112322033767	98.6913016074897
606	0.721422606065091		1.13614708103147		1.00798010826111	0.721189705489431	1.14023548067117	0.632491899888011	0.00574080245498641	98.6868296987714
604	0.734149273799883		1.15628254542855		1.00688087940216	0.733916373224222	1.15926603794422	0.633087099252652	0.00574838634115806	98.6851063907867
602	0.750974859670151		1.1826987272688		1.00539457798004	0.75074195909449	1.18411348003942	0.634011833958261	0.00577932964169575	98.6780753686345
600	0.767606481918147		1.20882019628063		1.00393652915955	0.767373581342487	1.20862054545217	0.634916876293376	0.00581865969874568	98.6691394075138
598	0.785817120273116		1.23722061425797		1.00287997722626	0.785584219697455	1.23583079273302	0.63567296131224	0.00580069744248897	98.6732204103638
596	0.803413549646163		1.26499031019193		1.00218975543976	0.803180649070502	1.26281074973038	0.636026141875961	0.0058723865976257	98.6569337286414
594	0.823963468692468		1.2971381524707		1.00178515911102	0.823730568116807	1.29450616879357	0.636328036107	0.00598210105851528	98.6320134829676
592	0.843401504198293		1.32749368518632		1.00154709815979	0.843168603622632	1.32460104228267	0.636545327013793	0.00589816349687263	98.6510782677085
590	0.858019649891835		1.35054174570213		1.00122630596161	0.857786749316174	1.3472531014725	0.636693096774946	0.00602881737822244	98.6214043754298
588	0.877158112644951		1.38045086423497		1.00070452690125	0.876925212069291	1.37648118432513	0.63707751479308	0.00602467623490679	98.622344768029
586	0.890189222212022		1.40053385823431		0.999973237514496	0.889956321636362	1.39555774345426	0.637706555540696	0.0060490033573923	98.6168205655205
584	0.903815827382182		1.42207335552373		0.999053955078125	0.903582926806522	1.41579391735433	0.638216420999346	0.00617523384983002	98.5881611157567
582	0.91699201751508		1.4426056964451		0.998229086399078	0.916759116939419	1.43512094733634	0.638802686728928	0.00620182711709681	98.5821244260021
580	0.931867313476149		1.46575318628181		0.997582137584686	0.931634412900488	1.45728237281069	0.639295739990063	0.00623347494577691	98.5749408290632
578	0.946513553652001		1.48838504501706		0.997147619724274	0.94628065307634	1.47921492692177	0.639718161204294	0.00622376206625064	98.5771454558109
576	0.961831691713351		1.512130825867		0.996688485145569	0.96159879113769	1.50220097178298	0.640126593711599	0.00625627987230839	98.5697647668365
574	0.976875746829019		1.53540482021981		0.996220171451569	0.976642846253358	1.52468115574598	0.640555464709941	0.00629238946969507	98.5615694829858
572	0.998340163247158		1.5684751875193		0.9957315325737	0.998107262671497	1.55686251804414	0.641101735768809	0.00628865749418214	98.5624164450347
570	1.0167164098168		1.5964675015554		0.995352268218994	1.01648350924114	1.58413173768039	0.641666021242367	0.0062210155608335	98.5777688658043
568	1.03308545119426		1.62172000542178		0.995181918144226	1.0328525506186	1.60899145587685	0.641925441459681	0.00621387734470314	98.5793891378364
566	1.054324946959		1.65419518992337		0.995282471179962	1.05409204638334	1.64147601002143	0.642161103755379	0.00619844923377743	98.5828911873186
564	1.07736578548998		1.68964983303121		0.995623111724854	1.07713288491432	1.67733727572475	0.642168334599796	0.00619222767164903	98.5843034640137
562	1.1012398942813		1.72619071728461		0.996170461177826	1.10100699370564	1.71466035092471	0.642113753380881	0.00618836415328874	98.5851804817436
560	1.12890528876304		1.76861725977866		0.99668163061142	1.12867238818738	1.7578259578643	0.642084265019433	0.00619682426649645	98.583260048262
558	1.157975990246		1.81295083046333		0.997178435325623	1.15774308967034	1.80291064230249	0.642152230124835	0.00618491887481436	98.5859625657019
556	1.18319772781612		1.85138842338835		0.997675478458405	1.18296482724046	1.84215754619579	0.642162680213418	0.006147496735252	98.5944578534787
554	1.21147808964159		1.89442535406355		0.99818366765976	1.21124518906593	1.88605465327912	0.642211076418197	0.00625156659661312	98.5708345225367
552	1.2405551952383		1.93825105426685		0.998678505420685	1.24032229466264	1.9307574273701	0.642401928424581	0.0061274152952961	98.5990168901313
550	1.27081981761493		1.9841212628238		0.999059557914734	1.27058691703926	1.97732119112199	0.642579932255869	0.00620634563724292	98.5810987555951
548	1.29701036316457		2.023516378328		0.999196529388428	1.29677746258891	2.01695574535206	0.642937984919721	0.00623115378873314	98.5754676801729
546	1.32411269307336		2.06413226714276		0.99907249212265	1.3238797924977	2.0572835837621	0.643508655270926	0.00621898277284617	98.5782302766251
544	1.35077649759329		2.1036359138355		0.998806416988373	1.35054359701762	2.09619217938572	0.644284245642686	0.00624513712598255	98.5722938157196
542	1.37289342865725		2.13554604859569		0.998482644557953	1.37266052808159	2.12737439485274	0.645236932155806	0.00615091426993273	98.5936820005325
540	1.39348403984207		2.16592671253679		0.99831360578537	1.39325113926641	2.15734366977789	0.645817891133613	0.00624946015145833	98.5713126187801
538	1.41070010727816		2.1901081699597		0.998360693454742	1.4104672067025	2.18158724226535	0.646532570129019	0.00619837883626927	98.5829071672371
536	1.43144685096967		2.22007722501573		0.998661279678345	1.43121395039401	2.21217300895767	0.646971979406064	0.00620707151096587	98.5809339886631
534	1.44553600801787		2.23941315023143		0.999168038368225	1.44530310744221	2.23261538808929	0.647358750258871	0.00627522304556362	98.5654654181513
532	1.4718134142239		2.27695099187832		0.999805629253387	1.47158051364824	2.2715706139789	0.647825123547717	0.00614903193168953	98.5941093305312
530	1.48895159011978		2.30081363826734		1.0004802942276	1.48871868954412	2.29697756852957	0.648120691268715	0.00620889438971096	98.5805202124822
528	1.50759880073863		2.32678214402295		1.00102841854095	1.50736590016297	2.32423120561634	0.648543869697871	0.00630437717153587	98.5588489547483
526	1.52961279448611		2.35774107944612		1.0014044046402	1.52937989391045	2.35610660074713	0.649113199473012	0.00628284824626377	98.5637348530871
524	1.54704524680903		2.38159503442893		1.00163662433624	1.54681234623337	2.38054596273145	0.649772098690568	0.00635754546419478	98.546783673719
522	1.57189678021803		2.41640316417265		1.00181710720062	1.57166387964237	2.41584628830949	0.65056451945962	0.0063437018466593	98.549925011643
520	1.60260812195323		2.46031847161437		1.0020604133606	1.60237522137757	2.46043880358022	0.651255873158042	0.00648030341792539	98.5189323137639
518	1.62903158833934		2.49736651834133		1.00242054462433	1.62879868776368	2.49846078575415	0.651920853451392	0.00646904187044605	98.5214870089418
516	1.66488709509304		2.54860327350769		1.00289297103882	1.66465419451738	2.55102325607613	0.652543715762858	0.00656069396055024	98.5006975496036
514	1.7085046486297		2.61119353204665		1.00349617004395	1.70827174805403	2.61536667670284	0.653167207210743	0.00651993019961866	98.5099434587733
512	1.75290051332046		2.67491943511233		1.00418245792389	1.7526676127448	2.68114775173529	0.653700495099698	0.0067047903428772	98.4680210124858
510	1.80492930492165		2.74965322387621		1.00497353076935	1.80469640434599	2.75836538050297	0.654262998333059	0.0067598989114275	98.4555269844914
508	1.86627037675906		2.83822995692071		1.00580215454102	1.8660374761834	2.84973038508825	0.654811937981148	0.00677047794441721	98.4531287233444
506	1.94525526719052		2.95289978068126		1.00663805007935	1.94502236661486	2.96752972834747	0.655434837951223	0.00682324784010814	98.4411666885372
504	2.02347188827691		3.06557021480137		1.00742840766907	2.02323898770125	3.08336706774727	0.656178438456061	0.00683981422673445	98.4374116711664
502	2.11163218760726		3.19221455023282		1.00814700126648	2.1113992870316	3.21324252490361	0.657093036292034	0.00694969173662593	98.4125099282321
500	2.21007366060258		3.33376942027266		1.00866842269897	2.20984076002691	3.35768636629765	0.658143888067661	0.00693220397581795	98.4164727901988
498	2.32363786913317		3.49767795233256		1.00904226303101	2.32340496855751	3.52432145357483	0.659248879298681	0.00697569919209888	98.4066167326187
496	2.50617127904833		3.76425904257595		1.00876116752625	2.50593837847267	3.79225631212437	0.6608040628638	0.00688174306238556	98.4279085183598
494	2.7106363050868		4.06138190515824		1.00816118717194	2.71040340451114	4.08954853168926	0.662763477070551	0.00700575941151407	98.3998056349847
492	2.87326555248384		4.29311100579479		1.00794267654419	2.87303265190818	4.32223180568111	0.664710450774964	0.00703893706331546	98.3922887313018
490	2.93196258594071		4.36775086145358		1.00791668891907	2.93172968536504	4.39735112244547	0.666703568518914	0.00708800983664939	98.3811715978716
488	2.96739102818195		4.40863015816523		1.00887954235077	2.96715812760629	4.4427941572023	0.66785856436679	0.00703731587924908	98.3926560219654
486	3.06308459469411		4.54136004044737		1.00954282283783	3.06285169411845	4.57971153980834	0.66878703330879	0.0071950627004524	98.3569237921757
484	3.27159698399766		4.83766987813056		1.01009511947632	3.271364083422	4.88151811092605	0.670153015739073	0.00725595499683241	98.3431341647379
482	3.4509395858201		5.08620012616092		1.01073944568634	3.45070668524444	5.1358312913786	0.671888636808818	0.00729502175997219	98.3342881505845
480	3.50291451237023		5.14506494526165		1.01162850856781	3.50268161179457	5.19989818139967	0.673605807191352	0.00731619294785891	98.3294946221513
478	3.48537304515517		5.10282256261794		1.0127238035202	3.48514014457951	5.16274826923868	0.675055215328839	0.00735329353417275	98.3210949619298
476	3.59019074493165		5.24234147075186		1.01399922370911	3.58995784435599	5.31072227769514	0.675982974939905	0.00743796506687285	98.3019278145867
474	3.88138908361183		5.65215276061824		1.01552999019623	3.88115618303617	5.73491517341669	0.676759126451715	0.00752124081743915	98.283080275957
472	4.34554856662042		6.31011863933679		1.01726651191711	4.34531566604476	6.41404833758675	0.677468493740672	0.00750496991665725	98.2867625336669
470	4.87146624030021		7.05810899279328		1.01911818981171	4.87123333972455	7.18801407479234	0.677688341875607	0.00769064804041393	98.2447500243264
468	5.29506418782634		7.64846742549292		1.02110064029694	5.29483128725068	7.80481200916676	0.678405998892977	0.00768683382197513	98.2456128687746
466	5.4153087308029		7.78757208802302		1.02326714992523	5.41507583022724	7.96371301917196	0.679968730313474	0.00768795141015668	98.2453600495491
464	5.22937879990521		7.48341674255868		1.02553856372833	5.22914589932955	7.66946756378812	0.681813418707095	0.00769209762554025	98.2444221042246
462	5.04149850280438		7.1915619097405		1.027627825737	5.04126560222872	7.38517391642912	0.68261975402013	0.0077944813711708	98.2212639781443
460	4.88268145021633		6.95264131743346		1.02919805049896	4.88244854964067	7.15056192221913	0.682806274912369	0.00775745596868972	98.2296381044757
458	4.73205311829868		6.73219275874402		1.03004312515259	4.73182021772302	6.92936172721911	0.68286523405699	0.00789020905315855	98.1996163216894
456	4.54472059951597		6.46883934182757		1.03006207942963	4.54448769894031	6.65821886920116	0.682538046317716	0.00785986477837464	98.2064777955684
454	4.3566365670644		6.213293761794		1.02918720245361	4.35640366648874	6.38955951079728	0.68180031176283	0.00786321463074809	98.2057203004868
452	4.22938804462364		6.05288568138027		1.02735614776611	4.22915514404798	6.21339544571467	0.680651212529019	0.00799578504783553	98.1757471210809
450	4.05552038174416		5.82512574576691		1.02460694313049	4.0552874811685	5.96340399062029	0.680028971296758	0.00794694216945432	98.186789065963
448	3.79235225535432		5.46655563001219		1.02102768421173	3.79211935477866	5.5764620195446	0.680022448191683	0.00796977852995271	98.1816262788345
446	3.44218320157775		4.98093868859324		1.01675081253052	3.44195030100209	5.0593519652755	0.680314460157282	0.00800123086789539	98.174516057544
444	3.18892717231627		4.6321552061002		1.0121191740036	3.18869427174061	4.68329448211335	0.680865635060749	0.00802780266485777	98.1685095490259
442	3.06651181636011		4.46609198654891		1.00782012939453	3.06627891578444	4.49604001680219	0.681995468084231	0.00814152349192837	98.1428073053656
440	3.02452834484817		4.40707323678474		1.0045450925827	3.02429544427251	4.42214258033305	0.683898221129889	0.00813562757044217	98.1441396875123
438	2.98659674099584		4.34943672578457		1.00285410881042	2.98636384042018	4.35689763050418	0.685433557013501	0.00826631606919148	98.1146104598818
436	2.9523524174022		4.29251712151982		1.00277864933014	2.95211951682654	4.29949203306096	0.686620534269212	0.00836029375140811	98.0933815783042
434	2.92514959768668		4.24274619886714		1.00421047210693	2.92491669711102	4.2556506036746	0.687301888596178	0.00847028066037857	98.0685421612341
432	2.90670649473303		4.20229682158736		1.00665414333344	2.90647359415737	4.22528787852979	0.687875874428866	0.00857641640989755	98.0445784524943
430	2.91300513972739		4.19617683870165		1.00962591171265	2.91277223915173	4.23158256117739	0.688341110457097	0.00872699598071394	98.0105901057938
428	2.92985731251162		4.2054268020436		1.01240730285645	2.92962441193596	4.25260476407516	0.688901173390159	0.00863088677642241	98.0322822123871
426	2.92831359913888		4.1926306961377		1.01423370838165	2.92808069856322	4.24729831668846	0.68939840817355	0.00869621707453027	98.0175364654254
424	2.91685970514168		4.17337845012088		1.01462960243225	2.91662680456602	4.22942230028768	0.689604063507121	0.00867573073477926	98.0221602126723
422	2.9035770269721		4.16085309616702		1.01337480545044	2.90334412639644	4.21149887662597	0.689384993668202	0.00863964128627133	98.0303060971798
420	3.35519278444487		4.82564008081535		1.01114857196808	3.35495988386921	4.87444525118265	0.688275221278817	0.00886676435096748	97.9790525732568
418	3.20061990908595		4.6259615171601		1.0079870223999	3.20038700851029	4.65793096420397	0.687083392412887	0.00890838487745383	97.9696632198926
416	3.00628349628827		4.37238551719678		1.00422537326813	3.0060505957126	4.38590084476609	0.685389547577181	0.0090036542996874	97.9481743685541
414	2.83979838953163		4.15720910204096		1	2.83956548895597	4.15227033685435	0.683858530055909	0.00904722315188032	97.9383486036476
412	2.69460598288523		3.97147548461905		0.995681941509247	2.69437308230957	3.94940898187222	0.682221845009402	0.00912324644639415	97.9212059859258
410	2.58009924506153		3.82514485776235		0.991583049297333	2.57986634448586	3.78805160622051	0.681053642524132	0.0091716840103529	97.9102852849165
408	2.48614688947991		3.7039302098092		0.988153755664825	2.48591398890425	3.65517228817588	0.680108567507457	0.0092066223531025	97.9024088654542
406	2.40291998551559		3.59388016142081		0.985654711723328	2.40268708493993	3.53745699729715	0.679213086343027	0.0093056791278792	97.8800811791197
404	2.35246065954534		3.52846705133063		0.98426741361618	2.35222775896968	3.46809407300643	0.678247968323009	0.0092902078077858	97.8835681242766
402	2.32932890914949		3.49977900212885		0.984128773212433	2.32909600857383	3.43937283495543	0.677186254686464	0.00938423363838044	97.8623783833278
400	2.34252226847177		3.52078845028709		0.985299050807953	2.34228936789611	3.46416335751295	0.676148647209792	0.00942427417185904	97.8533562074263
398	2.38886808127487		3.58738882843894		0.987817049026489	2.38863518069921	3.53880524976668	0.674983507740837	0.00951104825347107	97.8338065993989
396	2.43710836428523		3.65267729253353		0.991658091545105	2.43687546370957	3.6173094264844	0.673670724950375	0.00951117821087227	97.8337773238131
394	2.46314267814605		3.68203299309982		0.996615350246429	2.46290977757039	3.66464855184086	0.672072571961423	0.00956858903354229	97.8208452082896
392	2.46630166250843		3.6744608129543		1.0025714635849	2.46606876193277	3.67895809008752	0.670317166313276	0.00965883344016192	97.8005205958996
390	2.47767723619344		3.67728699702504		1.0093150138855	2.47744433561778	3.70655620661039	0.668395188827685	0.00966321220922665	97.7995345282587
388	2.47971682358763		3.66616557372963		1.01699423789978	2.47948392301197	3.72344656793246	0.66591097193823	0.00969428797931124	97.7925367715651
386	2.49959164040275		3.68030392816532		1.02549052238464	2.49935873982709	3.76905214093737	0.663126602224583	0.00974148240832618	97.7819103133258
384	2.53160520228655		3.71216539044036		1.03449034690857	2.53137230171089	3.83509015762744	0.660055487007614	0.0098020927682205	97.7682647721504
382	2.56383029981403		3.74536508513192		1.04369103908539	2.56359739923837	3.90384943248606	0.65668449656518	0.00978144711842087	97.7729126261267
380	2.59527881043056		3.77879386917803		1.0526317358017	2.5950459098549	3.97247964877859	0.653255935660436	0.00984917011795723	97.7576673053836
378	2.60664720638123		3.78473440870507		1.06117713451386	2.60641430580557	4.01103271003688	0.649811281589274	0.00997492793038921	97.7293639049762
376	2.61304507012519		3.78429173292559		1.06922745704651	2.61281216954953	4.04098796297674	0.646577568032359	0.0100139035713382	97.7205936031653
374	2.61326112237042		3.77620756547743		1.07646524906158	2.61302822179476	4.05963980838324	0.643660113983217	0.0101168813475131	97.6974253224735
372	2.60806926448101		3.76144446739188		1.08239138126373	2.60783636390535	4.06600939573506	0.641374898602245	0.0101824363492665	97.682679402807
370	2.61768187430588		3.76913412800569		1.08660447597504	2.61744897373022	4.0901915296837	0.639933106979134	0.0102694583717906	97.6631081370245
368	2.62599232349143		3.77579109819393		1.08728444576263	2.62575942291577	4.09998908894661	0.640430831875796	0.0104153759281284	97.6303000565494
366	2.64675869303736		3.80132250678332		1.08414971828461	2.64652579246169	4.11584836395234	0.643008575252832	0.0105700504968442	97.5955350839425
364	2.66204018711692		3.81970710143642		1.07767069339752	2.66180728654126	4.11106403807725	0.647474050972504	0.0106916657118899	97.5682092928314
362	2.69287004539217		3.86033936445766		1.06871128082275	2.69263714481651	4.12031011253178	0.653503515822011	0.0107956458954505	97.5448519941825
360	2.7147661878828		3.8892157803579		1.05907070636749	2.71453328730714	4.11372400218448	0.659872486794364	0.010992177163354	97.5007200117277
358	2.7585195202275		3.94919319711043		1.04836678504944	2.75828661965184	4.13502533821298	0.667054345268868	0.0111300388207361	97.4697744708513
356	2.79638388775198		4.00106869739142		1.03684234619141	2.79615098717632	4.14335673459295	0.67485161580011	0.0112469684835886	97.4435351926697
354	2.83058657316219		4.04817555755476		1.02479386329651	2.83035367258653	4.14348425267354	0.683085417969254	0.0114317632160739	97.4020812431927
352	2.87019710767188		4.10375137520378		1.01273274421692	2.86996420709622	4.15100174257361	0.691390749770404	0.011638183438969	97.3557970218171
350	2.90317525695417		4.14943137990407		1.00126516819	2.90294235637851	4.1497360949373	0.699548667665906	0.0117209774852595	97.33723884891
348	2.92809531300694		4.18521168981969		0.990810453891754	2.92786241243128	4.14185811384712	0.706895874255762	0.0119611751048253	97.2834188955548
346	2.94839670452738		4.21481745142014		0.981342911720276	2.94816380395172	4.13133460793755	0.713610511791372	0.0122147773427201	97.2266277276141
344	2.97088902621485		4.24822517833743		0.972720801830292	2.97065612563919	4.12753296219566	0.71971711742768	0.0123782712798736	97.1900328061634
342	2.984663318152		4.26924529544094		0.964752793312073	2.98443041757634	4.11400163660178	0.725432481850327	0.0125242752361305	97.1573643176338
340	2.98544826687933		4.27361411866567		0.957048177719116	2.98521536630367	4.08532796832164	0.730716209188481	0.0127808703345183	97.0999775876778
338	2.99144931666004		4.28614162105702		0.950148642063141	2.99121641608438	4.06777907990211	0.735343871269518	0.0130094389864592	97.0488874343616
336	2.9850566653184		4.28237130857208		0.944044172763824	2.98482376474273	4.03808526697341	0.739168087696151	0.0132205566468398	97.0017218456574
334	2.98073603545285		4.28405469479582		0.938558220863342	2.98050313487719	4.01619943376202	0.742120301552186	0.0133607953707241	96.9704039216636
332	2.94380128218246		4.2421231031665		0.933434963226318	2.9435683816068	3.9551360067054	0.744239484208983	0.0136198440380583	96.9125801071378
330	2.897156030904		4.19039674839272		0.928119659423828	2.89692313032834	3.884605837906	0.745744420723501	0.0138598693744404	96.8590333808231
328	2.84208488854593		4.1309918291965		0.923022568225861	2.84185198797027	3.80844009577859	0.746198421532291	0.0140216971227281	96.8229482819792
326	2.75793464474156		4.03312137060319		0.918195605278015	2.75770174416589	3.69865956555086	0.745594909531821	0.0142372455849064	96.7749051678316
324	2.68121939846606		3.94880616097916		0.913534343242645	2.6809864978904	3.60285831125144	0.744127652624555	0.0144830369142908	96.7201503785764
322	2.60230630063685		3.86293647138087		0.908978700637817	2.60207340006119	3.50683774204015	0.741999941676059	0.0147156433033409	96.6683613227747
320	2.51866739716246		3.76796702595957		0.904343068599701	2.5184344965868	3.40306852457482	0.740048129621914	0.0149981740449487	96.6054940678976
318	2.4454514916933		3.68585982413922		0.899914681911469	2.44521859111764	3.31251490390857	0.738175876048868	0.0152878965854854	96.5410689909029
316	2.38120353052424		3.61589058613755		0.895963847637177	2.38097062994858	3.23528228713168	0.735939067641448	0.0156163419726168	96.4680851447224
314	2.33082789595991		3.56461501261197		0.892610192298889	2.33059499538425	3.17740329973614	0.733490456051891	0.0159149915207051	96.4017701266333
312	2.28807175599403		3.52385959285295		0.88999992609024	2.28783885541837	3.13183927654045	0.730509663300987	0.0162096320286354	96.3363899876012
310	2.2404499910476		3.47623838942995		0.888025283813477	2.24021709047194	3.08260183402031	0.726729305662634	0.0165750840124702	96.2553585269858
308	2.18624247173296		3.41877471778456		0.887133359909058	2.1860095711573	3.02852775880657	0.721806021028093	0.0169404589038398	96.1744122964975
306	2.12773384159565		3.35584722780163		0.887335538864136	2.12750094101999	2.9733801663589	0.715515952211807	0.0172939045061862	96.0961736909445
304	2.07258541652304		3.29857142236643		0.888603985309601	2.07235251594738	2.92673510531585	0.70807655676913	0.0177385546961738	95.9978364633162
302	2.00422504081964		3.22251465997503		0.891015827655792	2.00399214024398	2.86691104894024	0.699007435541036	0.0180677129189435	95.92510584595
300	1.93498041219007		3.14507452356571		0.894482612609863	1.93474751161441	2.8087968371046	0.688817178250889	0.0186158587026499	95.8041101255624
298	1.85549947989048		3.05100404054316		0.900495111942291	1.85526657931482	2.74296689111573	0.676372210442601	0.0190925072299295	95.6990205149064
296	1.77133439233616		2.94924577678961		0.909423410892487	1.7711014917605	2.67762172520667	0.661445743096439	0.0197229338021093	95.5602035590362
294	1.68045227600009		2.83597609950784		0.92107892036438	1.68021937542443	2.60760881140786	0.644352545548145	0.020230016296187	95.448692521655
292	1.58971615575718		2.72022425670865		0.934718489646912	1.58948325518152	2.53802755359566	0.626267139192276	0.0208841788448004	95.3050297275017
290	1.48866458145393		2.58705713077591		0.948803901672363	1.48843168087827	2.449923979851	0.60754198624922	0.0216074323166661	95.1464453285963
288	1.38394281673566		2.444519057615		0.962523102760315	1.38370991616	2.34815239250109	0.589276028497523	0.0223850947603442	94.9762253196964
286	1.26983526103927		2.28437622378224		0.97529125213623	1.26960236046361	2.22311541315997	0.57109152001199	0.023170107206447	94.8047053508112
284	1.16272870629147		2.13285080934864		0.986907541751862	1.1624958057158	2.10005244456814	0.553555607014788	0.023953308653671	94.6338897546907
282	1.05991333804995		1.98451299255856		0.996903836727142	1.05968043747429	1.97344514235327	0.53696979699707	0.0246120299042824	94.490461492898
280	0.96203280407827		1.8426772875589		1.00535523891449	0.961799903502609	1.84758005122196	0.520572790806271	0.025525774767409	94.2918648902055
278	0.87119032244663		1.70828900684589		1.00982344150543	0.870957421870969	1.72008300312149	0.506346159046054	0.0262606945157906	94.1324376884274
276	0.788661448569856		1.58463978401233		1.01022160053253	0.788428547994195	1.595848091601	0.494049873633788	0.0270684793833852	93.9575147043491
274	0.709682943941591		1.4646287798532		1.00653350353241	0.70945004336593	1.46922690453364	0.482873027424665	0.0279545117230694	93.7660212902606
272	0.648390642245585		1.37172106080305		0.99854451417923	0.648157741669924	1.3647929633651	0.474912868888036	0.0287441282558683	93.5956946180317
270	0.599554613387989		1.29858086639316		0.988452672958374	0.599321712812329	1.27870399278911	0.468694644102181	0.0296242662061551	93.4062063556317
268	0.559861624960169		1.24059407615855		0.972882628440857	0.559628724384508	1.2021475867853	0.465524142406699	0.0304494427458779	93.2288994005082
266	0.52619171390086		1.19130505352835		0.953488886356354	0.525958813325199	1.1311870710817	0.464961832371591	0.0312686269009765	93.0532129527955
264	0.497978506005781		1.15108658902841		0.931065678596497	0.497745605430121	1.06713890137717	0.466430007178789	0.0320951891569591	92.8762797186307
262	0.47060814936466		1.11040079054597		0.906938552856445	0.470375248788999	1.00258612951718	0.469161935259887	0.03288199988792	92.7081682167811
260	0.444243499506629		1.07067451506994		0.883175373077393	0.444010598930968	0.941231568505131	0.47173364535164	0.0335719491304097	92.5610027534729
258	0.416330442672363		1.02515440569372		0.859192788600922	0.416097542096702	0.876561921141589	0.474692696614973	0.0342492523846647	92.4167618964168
256	0.386904864481837		0.974635987011308		0.834685504436493	0.386671963906176	0.80939221474942	0.477731261630538	0.034959076579686	92.2658364840417
254	0.356650575357121		0.919960004563767		0.80953711271286	0.35641767478146	0.740743652196333	0.481161969764666	0.0355604233287746	92.1381688115212
252	0.324499685898187		0.858095306019462		0.784095585346222	0.324266785322527	0.668956277276299	0.484735395028806	0.0362672248073723	91.9883386105942
250	0.29527098881039		0.800953323215564		0.758817315101624	0.295038088234729	0.604029629705342	0.488449694725496	0.0370299885155711	91.8269186788721
248	0.266727736360966		0.742767491233708		0.735633492469788	0.266494835785305	0.542771522586566	0.490988979147856	0.037889398683836	91.6453852738578
246	0.23813018703676		0.682009463827559		0.715051770210266	0.237897286461099	0.484140601620718	0.491380573462977	0.0387740789768489	91.4588889059923
244	0.210821057812386		0.621923486894799		0.697206974029541	0.210588157236725	0.43016605084463	0.489550853265234	0.0398540646980932	91.2317352440966
242	0.185326644156932		0.56384492877726		0.681808710098267	0.185093743581271	0.381067090463717	0.485724819102149	0.0411177009048633	90.9666704672706
240	0.160721242643922		0.50509854076737		0.667849898338318	0.160488342068262	0.334031655274532	0.480458482105118	0.0428614102503348	90.6021679600004
238	0.136449163273135		0.44425153020728		0.657016694545746	0.136216262697475	0.288635820745638	0.471931246598516	0.045195015308344	90.1166387576796
236	0.11468172275495		0.386389820843758		0.649702370166779	0.114448822179289	0.247829654963073	0.461804388164694	0.0479885281533885	89.5388416835394
234	0.0939916950284805		0.328588556121107		0.645702123641968	0.0937587944528196	0.208981357322688	0.448646691044534	0.0531400629820704	88.4830199934555
232	0.0759571005647155		0.275301327940478		0.644411623477936	0.0757241999890547	0.17422477799188	0.434635078097697	0.0592167345943274	87.253582085013
230	0.059351563407252		0.224072568379553		0.644490897655487	0.0591186628315912	0.141229741526485	0.418599242571753	0.0682725970206893	85.4530174864631
228	0.0457183424076506		0.180269191212358		0.646355271339417	0.0454854418319897	0.113325745087933	0.401369007516308	0.07907895513794	83.3529634386656
226	0.0339607437684133		0.141305707748359		0.649210751056671	0.0337278431927525	0.0885308851998195	0.380972618952434	0.0937009429043493	80.5933219335131
224	0.025394920247648		0.112112535791644		0.652522802352905	0.0251620196719871	0.0699333291339293	0.35980011224404	0.110389444404384	77.5551345426817
222	0.0190033990100647		0.089608172630835		0.655378818511963	0.0187704984344038	0.055490536214909	0.338264859465543	0.129474766350931	74.2207320679118
220	0.0141975047021044		0.0723093489618596		0.656985223293304	0.0139646041264435	0.0442614780249874	0.315502435742429	0.152628718008848	70.3673639300409
218	0.0107108638335443		0.0594002969275651		0.657121121883392	0.0104779632578834	0.0357878228371092	0.292780125395573	0.180442579118399	66.0020494072059
216	0.00819493409696963		0.0497616336741482		0.655903518199921	0.00796203352130876	0.0293994771367935	0.270822283140004	0.209967263922281	61.6641481067428
214	0.00646323072711915		0.0430105955312631		0.654084265232086	0.00623033015145828	0.0249021851770279	0.250192105920316	0.241328486460989	57.3682383053271
212	0.00524049303821835		0.0380265415579533		0.652615189552307	0.00500759246255748	0.0215935854484534	0.231901852265861	0.272581474371998	53.3849113191818
210	0.00432165892781512		0.0341659796303252		0.652986526489258	0.00408875835215426	0.019084977238563	0.214239624236623	0.304001135210733	49.6591023399774
208	0.00359716242306541		0.0310823543737106		0.655270755290985	0.00336426184740455	0.0171311294326535	0.196382956572143	0.336162412076411	46.1145088976181
206	0.00298543480633861		0.0283336592018935		0.661797821521759	0.00275253423067775	0.015482689894052	0.177781396482997	0.369751975740129	42.6823206647534
204	0.002419357862342		0.0257087502882794		0.668592393398285	0.00218645728668113	0.0138866540499768	0.157450259710675	0.410193114945891	38.8872189237654
202	0.00189088372428644		0.0232853383564345		0.687935590744019	0.00165798314862558	0.0126212606517167	0.131364306179674	0.464141977668641	34.3445651782118
200	0.00140437936221675		0.0209357742426692		0.715800225734711	0.00117147878655588	0.0114506626934127	0.102306636560852	0.541260021246051	28.7567617137299
