Wavelength	I1	I1 dark	R1	R1dark	XCorrect	I1c	R1c	I1c/R1c	Abs	Percent T
nm	uA	uA	uA	uA		uA	uA	uA/uA	OD	T*100
	Abs Detector Raw	Dark Offset for Abs Detector	Ref Detector Raw	Dark Offset for Ref Detector	Linear interp	Dark subtracted Abs Detector	Corrected Ref Detector	Corrected Intensity 	-Log(T)	% Transmittance
800	0.144669770997856	2.48127016029713E-4	0.213430991273637	0.00496076777860152	1.35067892074585	0.144421643981826	0.28157633647792	0.512904052195277	7.47839984419861E-4	99.8279516531386
798	0.153975400881632		0.227335571525084		1.34199333190918	0.153727273865602	0.298425503812391	0.515127802087065	7.99325962966956E-4	99.8161176664242
796	0.166260996726401		0.24509675042445		1.33337259292603	0.166012869710371	0.320190737835334	0.51848117416734	7.16547940028379E-4	99.8351447752417
794	0.166926080036732		0.245666406412775		1.32502686977386	0.166677953020702	0.318941438896357	0.522597357049189	8.14532062398241E-4	99.8126228321544
792	0.156362231583459		0.230395732531227		1.31713449954987	0.15611410456743	0.296928169480491	0.525763873601378	7.77615069270953E-4	99.8211077166755
790	0.151518687214996		0.223728675329779		1.30966234207153	0.151270560198966	0.286512090173564	0.527972694301762	7.49550521673647E-4	99.8275584657943
788	0.153319451291663		0.22654314007836		1.30193436145782	0.153071324275633	0.288485704390396	0.530602806122024	6.72791856773156E-4	99.8452038829636
786	0.157579557933576		0.232741446137272		1.29363858699799	0.157331430917546	0.294665874897353	0.53393163009579	5.53674336720436E-4	99.8725930043061
784	0.162917200581925		0.240554080764868		1.28498160839081	0.162669073565895	0.302733074247211	0.537334990471045	4.59986271340244E-4	99.8941403177991
782	0.170873095211085		0.252198014968219		1.27644824981689	0.170624968195055	0.315585551464734	0.540661533467327	4.54094914244403E-4	99.8954954260692
780	0.183051443131478		0.269992117756614		1.268270611763	0.182803316115448	0.336131472372988	0.543844689177455	3.17092621129239E-4	99.9270133739541
778	0.198969057432498		0.293263791247609		1.26044166088104	0.198720930416468	0.363389141738302	0.546854343159154	4.94934338783556E-4	99.8861020699374
776	0.219025970346739		0.322365616082496		1.25292003154755	0.21877784333071	0.39768289255026	0.55013139219475	4.30081017723189E-4	99.9010192043192
774	0.261434248261085		0.384452033986266		1.24577045440674	0.261186121245056	0.472759007146911	0.552472014909472	4.45391320082326E-4	99.8974974283956
772	0.352293765376972		0.517442937690701		1.23883104324341	0.352045638360942	0.634878821195851	0.554508398465446	2.35192896862024E-4	99.9458594954339
770	0.436461758204715		0.638857872508285		1.23221707344055	0.436213631188686	0.78109883525245	0.55846150512784	4.81397373464413E-4	99.8892155697157
768	0.433128819070084		0.6310411855278		1.22665858268738	0.432880692054054	0.767986917884554	0.563656335769936	5.91393491515204E-4	99.8639192901161
766	0.370121310471752		0.538581545394321		1.22236526012421	0.369873183455722	0.65227950063792	0.567047075822544	5.45934880686262E-4	99.8743728252852
764	0.328257858490592		0.479452659217014		1.2186872959137	0.328009731474563	0.578257240110054	0.567238434251399	4.19397456470108E-4	99.9034767805265
762	0.329699238794892		0.481996128445132		1.214359998703	0.329451111778862	0.579292659960295	0.568712732872263	3.78834183663758E-4	99.9128082397232
760	0.346423013447305		0.506485592153429		1.20898902416229	0.346174886431275	0.606338008014088	0.570927241663583	3.5539741880816E-4	99.9182001944332
758	0.372038705483622		0.543300850795385		1.2031888961792	0.371790578467592	0.647724810253983	0.573994654183166	3.17275797210552E-4	99.9269712268957
756	0.39686729272572		0.579038793157467		1.19780671596527	0.39661916570969	0.687634514286886	0.576787752024061	3.27473028851827E-4	99.9246249697993
754	0.420978436123029		0.613267508535832		1.1931779384613	0.420730309106999	0.725818182888827	0.579663501171122	3.70851853169739E-4	99.914644653536
752	0.447720116924378		0.651496559591572		1.18890511989594	0.447471989908348	0.768669713082413	0.582138182749464	2.38989846562362E-4	99.9449856926154
750	0.488848012878203		0.710630031034974		1.1848680973053	0.488599885862173	0.83612499728141	0.584362251398792	1.542269299469E-4	99.9644942418034
748	0.541256316501797		0.785826599032843		1.18107759952545	0.541008189485768	0.922263141529206	0.586609358136899	2.45357713537087E-4	99.9435202544523
746	0.594081165228708		0.860775942605431		1.17750906944275	0.593833038212678	1.00773013012532	0.589277843800133	3.76186793626077E-4	99.9134172941561
744	0.642743254572838		0.928913184459633		1.174187541008	0.642495127556808	1.0848934161511	0.59221958396264	1.68156867962459E-4	99.9612879453048
742	0.713490847979109		1.02889570816901		1.17108881473541	0.71324272096308	1.19911875570798	0.594805741773233	1.90601390049016E-4	99.9561220372518
740	0.816691554048673		1.17515054614662		1.16803753376007	0.816443427032644	1.36682558275622	0.59732817217708	2.9470014885836E-4	99.9321658008363
738	0.924388813139821		1.32555007557495		1.16498303413391	0.924140686123791	1.53846413864139	0.600690430743415	3.61362394262118E-4	99.9168278410109
736	0.981819563947936		1.4031403752527		1.16204738616943	0.981571436931907	1.62475095826068	0.604136549014682	3.51731330501805E-4	99.9190436555101
734	0.997643254680606		1.42303569225084		1.15931880474091	0.997395127664577	1.64400092647221	0.606687691961856	3.77995221543225E-4	99.9130012496415
732	0.999317358982999		1.4252584324153		1.15665113925934	0.999069231966969	1.64278891188942	0.608154355520889	2.32052254671208E-4	99.9465822661142
730	1.00206333980699		1.43099158821515		1.15388596057892	1.00181521279096	1.64547694305456	0.608829687355721	1.86480691050771E-4	99.9570704514343
728	1.00759325769261		1.44258205447743		1.15089321136475	1.00734513067658	1.65454857937513	0.608833819226401	1.42507251128337E-4	99.9671918758333
726	1.02710663041737		1.4745456178873		1.1476241350174	1.02685850340134	1.68653104244067	0.60885834743683	1.64859819289785E-4	99.9620468278062
724	1.03968335766204		1.4961858979522		1.14410185813904	1.03943523064601	1.70611344233524	0.609241569085394	1.46729679941151E-4	99.9662199493711
722	1.03201958663553		1.48721494919654		1.14027833938599	1.0317714596195	1.69018233653518	0.610449794271662	1.99379913010495E-4	99.9541016149789
720	0.987105126060605		1.42334860576278		1.13600122928619	0.986856999044576	1.61129032755461	0.612463801320206	3.43208186908902E-4	99.9210046123009
718	0.898390505443412		1.29495497682024		1.13137769699097	0.898142378427382	1.45947067735722	0.615389121797035	3.31557110956979E-4	99.923685288383
716	0.768444401531499		1.10750355239836		1.12621939182281	0.768196274515469	1.2417050643531	0.618662431658584	3.61770085574702E-4	99.9167340447384
714	0.633697951264255		0.914865159003071		1.12039887905121	0.633449824248225	1.01945585997167	0.621360717143585	4.16985175745486E-4	99.9040316940948
712	0.520053212948825		0.754010597267884		1.11375534534454	0.519805085932796	0.834258251523107	0.623074551535794	3.37798031932439E-4	99.9222493702014
710	0.43634945962118		0.636949512225383		1.10628998279572	0.43610133260515	0.699162817221116	0.623747890853912	1.53296453744419E-4	99.964708416025
708	0.373248469577909		0.549993875976161		1.09837675094604	0.373000342561879	0.59865169454006	0.623067379519326	1.46759943788534E-4	99.9662129832169
706	0.327380809238726		0.487766360050493		1.09038031101227	0.327132682222696	0.526441711859888	0.621403423879456	3.4172949397016E-5	99.9921316971807
704	0.295139293254275		0.445078300223508		1.0826700925827	0.294891166238246	0.476502089599398	0.618866470210372	2.38743320622464E-4	99.9450424260982
702	0.280907271216417		0.428252528196014		1.07555782794952	0.280659144200387	0.455274766423482	0.61646101409303	1.84673810076936E-4	99.9574863234107
700	0.279606262615659		0.429565460014498		1.0694442987442	0.279358135599629	0.454091067331716	0.615202887035777	2.14669132120297E-4	99.9505828199579
698	0.294399498335356		0.453852039812473		1.0649927854538	0.294151371319327	0.478065966169251	0.615294524469846	1.04549984175301E-4	99.9759293739367
696	0.320253520448846		0.493765824443025		1.06259047985077	0.320005393432816	0.519399599714532	0.616106353583435	3.41597044326799E-4	99.9213752992212
694	0.347407495254895		0.534503157959446		1.06203079223633	0.347159368238865	0.562390324166481	0.617292569450568	3.00317069178644E-4	99.9308733428238
692	0.368844921927047		0.566431981684403		1.06277585029602	0.368596794911018	0.596718046775477	0.61770679955605	3.0212589338272E-4	99.9304571344364
690	0.382848239131835		0.587326183261071		1.06392598152161	0.382600112115805	0.619593696271424	0.617501621495194	2.37636559924672E-4	99.9452971274367
688	0.391734770163221		0.60087610996474		1.06461536884308	0.391486643147191	0.634420631820745	0.617077414433465	3.27453910982585E-4	99.9246293685334
686	0.393219164993715		0.603133771393707		1.0645604133606	0.392971037977685	0.636791299989646	0.617111191663698	2.22022863931399E-4	99.9488904117228
684	0.387975566076679		0.595326084046976		1.06376242637634	0.38772743906065	0.628008441282083	0.617392081974411	2.23464210956295E-4	99.9485586994797
682	0.386471090679859		0.593660385811444		1.06245732307434	0.386222963663829	0.625468220270061	0.617494144621877	2.91111626569853E-4	99.9329915315348
680	0.392392486530222		0.603256949493801		1.06094348430634	0.392144359514192	0.6347584356761	0.617785187992826	2.51320372919041E-4	99.9421480862516
678	0.401469876020317		0.617582596409215		1.05921316146851	0.401221749004287	0.648897103888449	0.618313360623753	3.17657574443799E-4	99.9268833836754
676	0.407987257280896		0.627939562005038		1.05730748176575	0.407739130264866	0.658680140117015	0.619024478546494	2.80019233562518E-4	99.935543970534
674	0.41504178758718		0.639212485238802		1.05524814128876	0.414793660571151	0.669292945959078	0.619749039752336	2.80447524278239E-4	99.9354454165658
672	0.420484486234866		0.648055173191749		1.05312037467957	0.420236359218836	0.677255821183027	0.620498703849854	2.63355203406517E-4	99.9393786056441
670	0.4261487898011		0.657312450071263		1.0509113073349	0.42590066278507	0.685563759280302	0.621241506745013	3.74360424305913E-4	99.9138374680043
668	0.430074529836683		0.663604756564675		1.0485315322876	0.429826402820653	0.690608990793877	0.622387499367123	2.04893700756555E-4	99.9528326092118
666	0.433977096349409		0.670132033149921		1.04595601558685	0.433728969333379	0.695739886410651	0.623406790102267	2.58942169220461E-4	99.9403941334794
664	0.438678210222226		0.677971731910099		1.04322910308838	0.438430083206196	0.702104624479547	0.624451211286628	2.15908386575999E-4	99.9502976124926
662	0.445074722037487		0.688199470821868		1.04042720794678	0.444826595021457	0.710860136168483	0.625758250306538	2.72073484295224E-4	99.9373723843693
660	0.453621247577067		0.701738072452341		1.03775990009308	0.453373120561038	0.723087546085344	0.626996168051174	3.33175588200584E-4	99.9233129053201
658	0.464481158117169		0.718877302730535		1.03528940677643	0.46423303110114	0.739110225958271	0.628097156279028	1.87701053572636E-4	99.9567895736054
656	0.480503977572188		0.744103410417823		1.03309750556946	0.480255850556159	0.763606420370597	0.628931132248834	3.82018845294104E-4	99.9120755863431
654	0.498648688803397		0.772319160427149		1.03115320205688	0.498400561787367	0.791264063704774	0.629878929991851	3.30441188063144E-4	99.9239420433637
652	0.51243059029862		0.793708088564339		1.02945709228516	0.51218246328259	0.811981523403792	0.630780933457134	2.57505679791013E-4	99.940724700786
650	0.516207204663412		0.799974052284419		1.02793705463409	0.515959077647382	0.817223614069887	0.631356055753008	4.18376212855341E-4	99.9037117038607
648	0.51762440436478		0.802324897611939		1.02666783332825	0.517376277348751	0.818628103549656	0.632004050563808	2.71000130942254E-4	99.9376193786342
646	0.520136550350836		0.806802189464166		1.02560043334961	0.519888423334806	0.822368909558382	0.632183947243325	3.7152125330825E-4	99.9144906501392
644	0.528857341941966		0.820652323686167		1.02465677261353	0.528609214925936	0.835803877124351	0.63245604548361	2.89598446067446E-4	99.9333397213555
642	0.541072837193448		0.840115209655761		1.02378344535828	0.540824710177419	0.855017291911266	0.632530728084439	2.81837220382882E-4	99.9351256342918
640	0.553743792037837		0.860042094036586		1.02288675308228	0.553495665021808	0.874651361437315	0.632818617137059	3.80809203831082E-4	99.9123538720746
638	0.569905219280388		0.885289078798985		1.02184903621674	0.569657092264358	0.899562636170486	0.633260063678764	2.93116039508734E-4	99.9325303087301
636	0.58505652537219		0.909129876128038		1.02063095569611	0.584808398356161	0.922822981165582	0.633716769404152	2.23905287544828E-4	99.9484571901381
634	0.598589922229735		0.930503539372712		1.01923584938049	0.598341795213705	0.943346372943699	0.634275821029118	3.85941593147037E-4	99.9111731385196
632	0.612335889276859		0.951980634318632		1.0177036523819	0.61208776226083	0.963785577056005	0.635087074171127	2.89529082096223E-4	99.9333556823546
630	0.627928984612502		0.976468616398517		1.01619136333466	0.627680857596472	0.98723788517939	0.635794945695805	2.6186451154497E-4	99.939721642639
628	0.644536566638426		1.00254116725869		1.01451146602631	0.644288439622396	1.01205675355565	0.636612954124184	2.64962537179535E-4	99.9390087284112
626	0.66001142924749		1.02687975358722		1.01275491714478	0.65976330223146	1.03495347780128	0.637481120052954	2.9780842572449E-4	99.9314505816923
624	0.674194127249901		1.04921666298283		1.01092803478241	0.673946000233871	1.05566755994876	0.63840741707227	3.81660718627988E-4	99.9121579755854
622	0.685717319037353		1.06722614624827		1.0092089176178	0.685469192021323	1.07204769282823	0.639401769722525	3.41919656344737E-4	99.9213010734921
620	0.694370714083342		1.08094293086143		1.00772297382355	0.694122587067312	1.08429194516292	0.640162080114887	2.91988764749055E-4	99.9327896985451
618	0.70204173761226		1.09322157613707		1.0068142414093	0.70179361059623	1.09567648022291	0.640511705109756	3.59535939240565E-4	99.9172480489189
616	0.710401201079834		1.10635010849428		1.00664889812469	0.710153074063804	1.10871236623772	0.640520567542346	2.79762364241503E-4	99.935603078775
614	0.718697001827936		1.11940132761938		1.00700271129608	0.718448874811906	1.12224466533799	0.640189164628848	1.74529334548517E-4	99.9598212094366
612	0.727910220480086		1.13409079441859		1.00780045986176	0.727662093464056	1.1379377600915	0.63945684815446	3.69968400514396E-4	99.9148479026022
610	0.738393631082728		1.15066371152766		1.00835275650024	0.738145504066698	1.15527272145981	0.638936149322363	3.47328421518606E-4	99.9200566471628
608	0.74982303624946		1.1686167876278		1.0085117816925	0.749574909233431	1.17356080585533	0.638718424723735	3.6749466905398E-4	99.9154170169171
606	0.76565650786588		1.19329535808583		1.00798010826111	0.765408380849851	1.1978176289883	0.639002434365847	2.86866769717109E-4	99.933968295769
604	0.780811515739894		1.21701778078157		1.00688087940216	0.780563388723865	1.22039703113798	0.639597908556048	4.48871599848843E-4	99.8966968889909
602	0.796670675527599		1.24157318992417		1.00539457798004	0.796422548511569	1.24328342428792	0.640580042292216	3.78625758358928E-4	99.9128561895899
600	0.815202337440854		1.27017043865024		1.00393652915955	0.814954210424825	1.27019020563396	0.641600137373187	3.31577570282416E-4	99.9236805810445
598	0.835800150774077		1.30197697844013		1.00287997722626	0.835552023758047	1.30075158781033	0.642360948537921	3.66110266432951E-4	99.915735518283
596	0.854882427614332		1.33167098924678		1.00218975543976	0.854634300598302	1.32961539239262	0.642768055700983	4.21512824024193E-4	99.9029901704786
594	0.876658022620094		1.3651913840103		1.00178515911102	0.876409895604065	1.36265884430935	0.643161638926772	4.22710870108627E-4	99.9027145781648
592	0.89547731118015		1.39417389579634		1.00154709815979	0.89522918416412	1.39136237709165	0.643419140048479	3.53932930853773E-4	99.9185371299767
590	0.913420495007378		1.42187899059531		1.00122630596161	0.913172367991349	1.41865579808046	0.643688461448461	4.55883201910906E-4	99.8950840887807
588	0.930198307135162		1.44762664369067		1.00070452690125	0.929950180119132	1.44368227283115	0.644151554410542	4.2044344811043E-4	99.9032361648151
586	0.943736374708019		1.46849078697888		0.999973237514496	0.94348824769199	1.46349085149936	0.644683392947336	4.39856477710767E-4	99.8987705747236
584	0.959135529309573		1.49196499037629		0.999053955078125	0.958887402293544	1.4855974498041	0.645455740665138	4.45214426816255E-4	99.8975381178331
582	0.973103688738623		1.5134498383129		0.998229086399078	0.972855561722593	1.50581766672245	0.646064648610546	4.28659065317511E-4	99.9013462974163
580	0.987390677512101		1.5354541839281		0.997582137584686	0.987142550496071	1.52679289364171	0.646546466522736	4.8985311512639E-4	99.8872707391587
578	1.00225262966219		1.55803407733153		0.997147619724274	1.00200450264616	1.548643353878	0.647020826413653	4.29575721447988E-4	99.9011354379909
576	1.02308457995737		1.58998478215992		0.996688485145569	1.02283645294134	1.57977518381306	0.647456969461023	4.8068944382433E-4	99.8893783960858
574	1.04026441234721		1.61625092280203		0.996220171451569	1.04001628533119	1.60519975449567	0.647904587836137	5.27618335992008E-4	99.878585156013
572	1.05890475498513		1.64488658705529		0.9957315325737	1.0586566279691	1.63292584933555	0.648318861753506	5.96683737608978E-4	99.8627028309777
570	1.07831481655308		1.67456294496893		0.995352268218994	1.07806668953705	1.66184231408977	0.648717799755591	6.16009902356774E-4	99.8582590257112
568	1.10036999377208		1.7084796196381		0.995181918144226	1.10012186675605	1.69531115858838	0.648920324261938	6.81392718906621E-4	99.8432265464658
566	1.1210019989997		1.73990174933432		0.995282471179962	1.12075387198367	1.72675634747416	0.649051543156665	7.82226969722785E-4	99.8200476926904
564	1.14488509064011		1.77645225883182		0.995623111724854	1.14463696362408	1.76373787071651	0.64898360614045	8.4793171870174E-4	99.8049469825886
562	1.17383046253373		1.82075491673585		0.996170461177826	1.1735823355177	1.80884049477074	0.648803661190944	8.81719154524474E-4	99.7971826148365
560	1.20123265816398		1.86259177569954		0.99668163061142	1.20098453114795	1.85146670204898	0.648666557070049	0.00101077819431368	99.7675303499394
558	1.23067540249213		1.90727633362646		0.997178435325623	1.2304272754761	1.89694805944774	0.648635195543686	0.00111717405180385	99.7430917437696
556	1.26331509810146		1.95681385936846		0.997675478458405	1.26306697108543	1.94731596703243	0.648619429239443	0.00110949954472787	99.7448543400235
554	1.29283836763681		2.00098000604256		0.99818366765976	1.29259024062078	1.99239380396976	0.648762427410357	0.00105295231429367	99.7578424453547
552	1.3231213249743		2.0462281946435		0.998678505420685	1.32287319795827	2.03856990302536	0.648922166463384	0.00104316961560832	99.7600895655604
550	1.35332735207528		2.09088986438692		0.999059557914734	1.35307922505925	2.08396740109898	0.649280417892191	0.00100034732719328	99.769926591183
548	1.38438719844775		2.13694687866821		0.999196529388428	1.38413907143172	2.13027312270523	0.649747235074725	9.96243402272563E-4	99.770869385162
546	1.41296561935407		2.17892322127392		0.99907249212265	1.41271749233804	2.17194608619464	0.650438563515723	8.95848204108697E-4	99.7939359320812
544	1.4354040531023		2.21102728608705		0.998806416988373	1.43515592608627	2.20343339478967	0.651327119521696	8.93754268270724E-4	99.7944170862549
542	1.46011658352113		2.24709269121637		0.998482644557953	1.4598684565051	2.23872981236196	0.65209675970897	9.56232639532115E-4	99.7800615177794
540	1.47916286030049		2.27374309394191		0.99831360578537	1.47891473328446	2.26495626477422	0.652955095109482	8.07786769779119E-4	99.8141730949476
538	1.50295490579869		2.30778096001684		0.998360693454742	1.50270677878266	2.29904516402455	0.653622122043101	8.49514137933709E-4	99.8045833284636
536	1.51997178805491		2.33133993209068		0.998661279678345	1.51972366103888	2.32326479324893	0.65413278135793	8.53520521364371E-4	99.8036626315603
534	1.54555173180035		2.36723408477928		0.999168038368225	1.54530360478432	2.36030799623717	0.654704219639075	7.49490488190473E-4	99.8275722651786
532	1.56204130082626		2.39018312033211		0.999805629253387	1.56179317381023	2.38475873510401	0.654906155000253	8.39415680206684E-4	99.80690406733
530	1.5846018338782		2.42109599862656		1.0004802942276	1.58435370686217	2.41729568665244	0.655424040844688	7.49158889639894E-4	99.8276484869413
528	1.60584173552673		2.45053691647767		1.00102841854095	1.6055936085107	2.44809122455371	0.655855301635423	8.58880014479301E-4	99.8024309932031
526	1.62689800375314		2.47888050767301		1.0014044046402	1.62664987673711	2.47739412425659	0.656597131966329	7.81928059855966E-4	99.8201163953995
524	1.65463154246068		2.51784184784936		1.00163662433624	1.65438341544465	2.51699372240048	0.657285475415033	7.85298729479423E-4	99.8193416691653
522	1.67894818665063		2.55105757037288		1.00181710720062	1.6787000596346	2.55072333342776	0.658127064442814	8.45978862846492E-4	99.8053957681971
520	1.71209951403281		2.59702309753296		1.0020604133606	1.71185138701678	2.59740304961009	0.659062669258727	8.47110212883645E-4	99.8051357725125
518	1.74686663272934		2.64595489665385		1.00242054462433	1.74661850571331	2.64738677301678	0.659751919710237	7.79525704876465E-4	99.8206685645541
516	1.78650965930433		2.70121579731194		1.00289297103882	1.7862615322883	2.70405521724705	0.660586189547883	8.08801791792567E-4	99.8139398120744
514	1.83509304839243		2.77032651480923		1.00349617004395	1.8348449213764	2.77503393591595	0.661197291185838	8.53981863302544E-4	99.8035566122747
512	1.88043417064778		2.83361025479073		1.00418245792389	1.88018604363175	2.84048019447299	0.661925419261931	8.22062088917668E-4	99.8108922433201
510	1.94624736618558		2.92711679738585		1.00497353076935	1.94599923916955	2.93668946253334	0.66265066974117	8.787543722428E-4	99.7978638989445
508	2.02018870500145		3.03293609627942		1.00580215454102	2.01994057798542	3.04554410930317	0.663244565007333	8.93357412256185E-4	99.7945082779103
506	2.10376006849809		3.15185175742535		1.00663805007935	2.10351194148206	3.16778020963027	0.664033424758206	9.41174296700998E-4	99.7835212633795
504	2.19600437354942		3.28339102691928		1.00742840766907	2.19575624653339	3.30278377562018	0.664819859762415	9.9591232071314E-4	99.7709454448611
502	2.29432091368391		3.4220323959942		1.00814700126648	2.29407278666788	3.44491051509832	0.665931023930357	8.75667740732646E-4	99.7985731880072
500	2.41210401868202		3.5914296121142		1.00866842269897	2.41185589166599	3.617557872275	0.666708308981171	0.00109902894776632	99.7472591616415
498	2.59265350526527		3.85185422044859		1.00904226303101	2.59240537824924	3.88167807512129	0.667856872228703	9.82927779932968E-4	99.7739284421823
496	2.80575113624971		4.15898293015887		1.00876116752625	2.80550300923368	4.19041624645262	0.669504613439935	0.00109458379004308	99.7482801153655
494	2.99340184350771		4.42338639589924		1.00816118717194	2.99315371649168	4.45448522667701	0.671941551981424	0.00110135279736633	99.746725429306
492	3.06922794183753		4.52232694726171		1.00794267654419	3.0689798148215	4.5532461578784	0.674020184371386	0.00104026901401755	99.7607558536504
490	3.10987728249542		4.57004157109448		1.00791668891907	3.10962915547939	4.60122112792614	0.675826931378314	0.00115035244974439	99.7354720531647
488	3.20715162292704		4.70156912183846		1.00887954235077	3.20690349591101	4.73831208684471	0.676802928370749	0.00108056809659862	99.751499276403
486	3.41707447365073		4.99710204302085		1.00954282283783	3.4168263466347	5.0397803950133	0.677971276291233	0.00122270919447889	99.7188567534963
484	3.61962848895465		5.27538647794403		1.01009511947632	3.61938036193862	5.32363128740061	0.679870593311857	0.00120111299467213	99.7238156051291
482	3.71222740215886		5.39128356000046		1.01073944568634	3.71197927514283	5.44416891329803	0.681826617479829	0.00118455167556155	99.7276185303158
480	3.6895911107454		5.3408342071747		1.01162850856781	3.68934298372937	5.39792168940287	0.683474714161238	0.00121542750605734	99.7205287243876
478	3.78894418652028		5.46932390392691		1.0127238035202	3.78869605950425	5.5338906190557	0.684635154597753	0.0012321986867978	99.7166778840277
476	4.05186659757907		5.83399351916898		1.01399922370911	4.05161847056304	5.9106346848848	0.685479425910757	0.00121268218663705	99.7211590929067
474	4.51978881250622		6.48746006929223		1.01552999019623	4.51954068549019	6.58317245211319	0.686529286353333	0.00113388242137428	99.739254457203
472	5.06247501639244		7.24758378451665		1.01726651191711	5.06222688937641	7.36767785336772	0.687085807784402	0.00133020815021217	99.6941768488974
470	5.52761764148695		7.88993774923508		1.01911818981171	5.52736951447092	8.0357234680489	0.687849642468219	0.0013358846411303	99.6928737943695
468	5.69926567546905		8.10179557309557		1.02110064029694	5.69901754845302	8.26768320408768	0.68931252054207	0.0014653891113522	99.6631503035461
466	5.53995611800015		7.83542754437477		1.02326714992523	5.53970799098412	8.01265942107178	0.691369456739386	0.00142178559346401	99.673157066928
464	5.33668906558971		7.52136758469219		1.02553856372833	5.33644093857368	7.70836505141541	0.692292192050998	0.00142986664287332	99.6713024354581
462	5.16692945933444		7.26809606470812		1.027627825737	5.16668133231841	7.46379993321734	0.692232023707429	0.00142309137893144	99.6728573818761
460	5.0262829633144		7.06120786973402		1.02919805049896	5.02603483629837	7.26227576117147	0.692074358174417	0.00131734876255012	99.6971288206616
458	4.84120426532347		6.80031099577652		1.03004312515259	4.84095613830744	6.99950378535332	0.691614189628312	0.00126649779260254	99.7088029098485
456	4.65359880953014		6.54911198554979		1.03006207942963	4.65335068251411	6.74088201147931	0.690317776603972	0.00139554623837462	99.6791793363317
454	4.51940689112103		6.37949575087598		1.02918720245361	4.519158764105	6.56058982619668	0.688834218237486	0.00133533177262167	99.6930007061491
452	4.34873046358036		6.16049112528624		1.02735614776611	4.34848233656433	6.32392195554641	0.687624288713824	0.00132942432822235	99.6943567787879
450	4.06900259604576		5.78355644661661		1.02460694313049	4.06875446902973	5.92078925408129	0.687197989056116	0.00144961908705327	99.6667693199124
448	3.7001123753518		5.27957025478278		1.02102768421173	3.69986424833577	5.38552230963711	0.68700193511687	0.00138302521650895	99.6820532000988
446	3.42116414648595		4.90127559076703		1.01675081253052	3.42091601946992	4.9783320746787	0.687161074864759	0.00144668363761324	99.6674429820544
444	3.27864550691871		4.71074363352055		1.0121191740036	3.27839737990268	4.76281306711504	0.688332154486276	0.00151887288024449	99.6508774497245
442	3.22061164484591		4.63143192729449		1.00782012939453	3.22036351782988	4.66265076262337	0.690672255285531	0.00178823571703558	99.5890900642435
440	3.19246110784902		4.58917262570554		1.0045450925827	3.19221298083299	4.60504752523994	0.693198704972468	0.00178028918000264	99.5909123200296
438	3.15438544882148		4.52687735007555		1.00285410881042	3.15413732180545	4.53482262425449	0.695537087809245	0.00180488308921607	99.5852726893016
436	3.12143679172657		4.46806386154103		1.00277864933014	3.12118866471054	4.47550449218425	0.697393706153395	0.00185934918047194	99.5727842035634
434	3.10356015605582		4.42929520935219		1.00421047210693	3.10331202903979	4.44296297833158	0.6984780301287	0.00199333580471901	99.5420691842126
432	3.11778615697554		4.43263886168258		1.00665414333344	3.11753802995951	4.45714049857513	0.699448005050801	0.00191149985469758	99.5608280855812
430	3.13094785125888		4.43538306333177		1.00962591171265	3.13069972424285	4.4730691494199	0.699899692954414	0.00201152656575085	99.5378998747996
428	3.13034822967925		4.42271038271835		1.01240730285645	3.13010010266322	4.47256197235625	0.699844993095581	0.00203083320146712	99.5334749987353
426	3.11629285864166		4.39927283398387		1.01423370838165	3.11604473162563	4.45685942269362	0.699157060184404	0.00199736900123547	99.5411447633893
424	3.09657352278295		4.37738949666897		1.01462960243225	3.09632539576692	4.43639562285739	0.697937167689442	0.00201059783095853	99.5381127359191
422	3.075366613688		4.3615229073769		1.01337480545044	3.07511848667197	4.41483031064818	0.696542849960748	0.0019062794415823	99.5620248582738
420	3.44813914637817		4.91046913321077		1.01114857196808	3.44789101936214	4.9601977784842	0.695111601057123	0.00198403542749734	99.5442008914855
418	3.23841198657166		4.64027446876307		1.0079870223999	3.23816385955563	4.6723360553448	0.69305029030423	0.00197566552248438	99.5461193674723
416	3.04529613040972		4.39283015822837		1.00422537326813	3.04504800339369	4.40640977647621	0.691049665795905	0.00198739648205345	99.543430510536
414	2.9001929571614		4.2102650588602		1	2.89994483014537	4.2053042910816	0.689592150631151	0.00210020939088567	99.5175763355156
412	2.77499983022024		4.05184334318463		0.995681941509247	2.77475170320421	4.02940789974022	0.688625170805642	0.00214440744682113	99.5074489685332
410	2.66861611482502		3.91671156882225		0.991583049297333	2.66836798780899	3.87882578739014	0.687931898484255	0.00226924098154246	99.4788506740469
408	2.58094887884719		3.80348304144266		0.988153755664825	2.58070075183116	3.75352405069763	0.687540752896339	0.00232511211525984	99.4660537380914
406	2.52649212857651		3.73341546359763		0.985654711723328	2.52624400156048	3.67496893838099	0.68741914392164	0.00234878284541067	99.4606326009285
404	2.50249104224663		3.70494278304734		0.98426741361618	2.5022429152306	3.64177172859495	0.68709493667139	0.00247571991436786	99.4315661568208
402	2.52270324919712		3.73650155977671		0.984128773212433	2.52245512218109	3.67231666182125	0.686883881339934	0.00254682069822706	99.4152889902594
400	2.56783011669258		3.80026349799849		0.985299050807953	2.56758198967655	3.73950817761449	0.686609540004929	0.00266494858993301	99.388251756348
398	2.61274907403263		3.85933975508665		0.987817049026489	2.6125009470166	3.80742127707235	0.686160200540098	0.00277042475091994	99.3641164776847
396	2.63993617109196		3.8890111661009		0.991658091545105	2.63968804407593	3.8516500054653	0.685339540282826	0.00280904230379695	99.355281393232
394	2.64546073161676		3.88478970615683		0.996615350246429	2.64521260460073	3.86669707631805	0.684101327927026	0.00294085744891153	99.3251300924883
392	2.65165754555684		3.87943944983056		1.0025714635849	2.65140941854081	3.88444176289332	0.682571545767213	0.00296688868131061	99.3191768092535
390	2.66550794833353		3.88432382481104		1.0093150138855	2.6652598213175	3.91549937777558	0.680694737546262	0.0030885431388625	99.291359443502
388	2.69012905419218		3.90470274318664		1.01699423789978	2.68988092717615	3.96601511828588	0.678232645855047	0.00312356732492528	99.2833522986528
386	2.71981768932746		3.93270965225442		1.02549052238464	2.71956956231143	4.02786925533681	0.675188142889216	0.00322523921861114	99.2601119735503
384	2.76099704707307		3.97746490109902		1.03449034690857	2.76074892005704	4.10951717897437	0.671793984505511	0.00329825132535853	99.2434261047657
382	2.78541601670206		4.00012428821551		1.04369103908539	2.78516788968603	4.16971636596084	0.667951401304544	0.00338198170039789	99.2242941824252
380	2.80678597511276		4.01935423198633		1.0526317358017	2.80653784809673	4.22567796041997	0.664162738946109	0.0034647091581501	99.2053950432851
378	2.80223783059969		4.00376711046658		1.06117713451386	2.80198970358366	4.24344185620946	0.660310615422593	0.00356834646082301	99.181724116444
376	2.81025691015749		4.00620022813264		1.06922745704651	2.81000878314146	4.27823509322849	0.656814953341176	0.00363388480339398	99.1667579687213
374	2.80341359963796		3.98921480339582		1.07646524906158	2.80316547262193	4.28891101277531	0.653584433034908	0.00372458646451831	99.1460493231735
372	2.80599437355342		3.98679873895235		1.08239138126373	2.8057462465374	4.30990710158713	0.650999239752563	0.00390662127632724	99.1045009008742
370	2.81800554293902		3.99838057484357		1.08660447597504	2.81775741592299	4.33926783680416	0.649362409027568	0.00401250299839447	99.0803420026788
368	2.8359507699181		4.01934425884184		1.08728444576263	2.83570264290207	4.36477672915936	0.649678739340286	0.00410927785242544	99.0582661582894
366	2.85106897054128		4.03737801121118		1.08414971828461	2.85082084352525	4.37174401847343	0.652101502621998	0.00427782532587147	99.0198296094052
364	2.88528693915456		4.08205827226312		1.07767069339752	2.88503881213853	4.39376849470714	0.656620578806992	0.0043535044783742	99.0025761461093
362	2.91732301080389		4.12490603820519		1.06871128082275	2.91707488378786	4.40303198687725	0.662515033386512	0.00452353021720571	98.9638243492518
360	2.95759177285002		4.17914389199237		1.05907070636749	2.95734364583399	4.42075506986834	0.668967992818941	0.00469231722446515	98.9253698836358
358	2.99838319114405		4.234513374193		1.04836678504944	2.99813506412802	4.43412246818414	0.676150712038366	0.0048347007564357	98.8929424974651
356	3.03509678963016		4.28459499020382		1.03684234619141	3.03484866261413	4.4373059880204	0.683939460295832	0.00503732432642879	98.8468139644919
354	3.07398579093962		4.33779745581155		1.02479386329651	3.07373766392359	4.44026444856213	0.692242027368198	0.00512552638747352	98.8267409315357
352	3.10780393045292		4.38409994586091		1.01273274421692	3.10755580343689	4.43489763712712	0.70070519270202	0.00524466821575567	98.7996330953188
350	3.13101989715703		4.41751598576645		1.00126516819	3.130771770141	4.41813784248627	0.708617947596489	0.00553752982734254	98.7330311298271
348	3.15445909384072		4.45095966239062		0.990810453891754	3.15421096682469	4.40514218277278	0.7160293211783	0.00565757473584497	98.70574374707
346	3.17689807080184		4.48319584390244		0.981342911720276	3.17664994378581	4.39468424897124	0.722839176564149	0.00578827764974935	98.6760422709236
344	3.17401876173131		4.48237085611277		0.972720801830292	3.17377063471528	4.35526993124745	0.728719616652151	0.00610255060963287	98.6046621466265
342	3.19107668402643		4.50947223539901		0.964752793312073	3.1908285570104	4.34574002089305	0.734242854305556	0.00633032840103165	98.5529597551432
340	3.1845140863964		4.50458016998887		0.957048177719116	3.18426595938037	4.30635254931491	0.739434573206727	0.00652037130269418	98.5098434045042
338	3.18218303171822		4.50771128569901		0.950148642063141	3.18193490470219	4.27828229015118	0.743741223440809	0.00671841783008602	98.4649312871956
336	3.1719328852748		4.50173312410181		0.944044172763824	3.17168475825877	4.24515173923237	0.747131069296545	0.00695073434579643	98.4122736699639
334	3.13078576629859		4.456114337663		0.938558220863342	3.13053763928256	4.17766677534021	0.749350727961692	0.00718676889625065	98.3588021509648
332	3.08148690174949		4.40292146678179		0.933434963226318	3.08123877473346	4.10521028334484	0.750567830163118	0.0074248321232413	98.3049004823283
330	3.01386242692204		4.32859011942256		0.928119659423828	3.01361429990601	4.01284540132266	0.750991876964089	0.00768345600516733	98.2463769976936
328	2.9258094243442		4.22988994891851		0.923022568225861	2.92556129732817	3.89970498334814	0.750200671543208	0.00804258486512388	98.165168217436
326	2.83891114588283		4.13482639949367		0.918195605278015	2.8386630188668	3.79202447342949	0.748587736908651	0.008348083451392	98.0961395374915
324	2.75065340697768		4.03851624362851		0.913534343242645	2.75040527996165	3.68479145256332	0.746420880359005	0.00876742147795336	98.0014673961879
322	2.65639954993243		3.93375257217213		0.908978700637817	2.6561514229164	3.57118806943413	0.74377248447105	0.00930940478496178	97.8792415045009
320	2.57370064889569		3.8426369841573		0.904343068599701	2.57345252187966	3.470575885812	0.741505907535445	0.00987529738455479	97.751786356132
318	2.50226035377099		3.76619797079086		0.899914681911469	2.50201222675496	3.38479258114236	0.739192185865209	0.0105071960046021	97.6096608948451
316	2.44029204347173		3.70355665024038		0.895963847637177	2.4400439164557	3.31380819770547	0.736326235822949	0.0112317689295664	97.4469456071632
314	2.39567518573985		3.66581402343807		0.892610192298889	2.39542705872382	3.26771492851221	0.73305876158985	0.01207531052347	97.2578555386638
312	2.33513866254425		3.60495611352499		0.88999992609024	2.33489053552822	3.2039955916395	0.728743367069817	0.0130966437290403	97.0294023292684
310	2.27153545234917		3.5410510966905		0.888025283813477	2.27128732533314	3.14013761792208	0.723308211834398	0.014110987381978	96.8030436830497
308	2.20808244967303		3.47908195631312		0.887133359909058	2.207834322657	3.08200880271587	0.716362107957463	0.0153960060519377	96.5170398932425
306	2.13892843383608		3.40927034770535		0.887335538864136	2.13868030682005	3.02076487556464	0.707992973607482	0.0167583554472059	96.2147475206002
304	2.06484880766724		3.33218245738838		0.888603985309601	2.06460068065121	2.95658245339579	0.698306478238043	0.0182395999440308	95.8871476878583
302	1.981251041888		3.24263596116416		0.891015827655792	1.98100291487197	2.88481984211506	0.686699004891605	0.0199411565820991	95.512198862113
300	1.89379484106558		3.14423140833471		0.894482612609863	1.89354671404955	2.80802300425407	0.674334473464387	0.0216175407389958	95.144230773036
298	1.80399645275252		3.04189731450533		0.900495111942291	1.80374832573649	2.73474651560633	0.659566916144907	0.0235529111142486	94.7211776444207
296	1.7038808403596		2.92025037895626		0.909423410892487	1.70363271334357	2.65123262193661	0.64258137865667	0.0254443854265801	94.3095373963117
294	1.5991372738836		2.78978315535648		0.92107892036438	1.59888914686757	2.56504119815679	0.623338583417886	0.0275047005100223	93.8631877499943
292	1.49433569959534		2.6539979386139		0.934718489646912	1.49408757257931	2.4761040233417	0.603402586682492	0.0293942153405281	93.455697822361
290	1.38234361019908		2.50313243628704		0.948803901672363	1.38209548318305	2.37027502612816	0.583094986002828	0.031438157501206	93.0168959165963
288	1.26826392315492		2.34419922159007		0.962523102760315	1.26801579613889	2.25157105465886	0.563169345029182	0.0332514649006451	92.6293326330546
286	1.15334285427819		2.180898209059		0.97529125213623	1.15309472726216	2.12217275167646	0.543355731219922	0.0351150054548277	92.2327153501769
284	1.04668701669167		2.0261668131929		0.986907541751862	1.04643888967564	1.99474348965383	0.524598222830767	0.0366824479778296	91.9004318150523
282	0.950561115281335		1.88474651346502		0.996903836727142	0.950312988265305	1.87396562209978	0.507113352058443	0.0380428415329609	91.6130112841191
280	0.857039733513915		1.74306091832804		1.00535523891449	0.856791606497885	1.74740809211294	0.490321413964533	0.0394106006561302	91.3249407967613
278	0.771421141021557		1.61040033993967		1.00982344150543	0.771173014005527	1.6212105138887	0.475677283979464	0.0405641564134669	91.0826889877045
276	0.701112506353766		1.50123868571277		1.01022160053253	0.700864379337736	1.51157227309694	0.46366580798799	0.041463750589013	90.8942162896169
274	0.637100867205247		1.40162406819089		1.00653350353241	0.636852740189217	1.40578840501912	0.453021761963214	0.0425081227539272	90.6759005010494
272	0.589881209495978		1.32888111499035		0.99854451417923	0.589633082479949	1.32199339991855	0.446018174157509	0.0433224601960664	90.5060351252059
270	0.552993334277164		1.27213010508528		0.988452672958374	0.552745207261134	1.25253691855167	0.44130053100573	0.0438070231724632	90.405109558235
268	0.521851738942615		1.22540457426612		0.972882628440857	0.521603611926586	1.18734857831994	0.439301163492052	0.0441302542058188	90.337849055256
266	0.493106270917828		1.18109767441875		0.953488886356354	0.492858143901798	1.12143346931492	0.439489419022675	0.0443501865781409	90.292112375726
264	0.468589303242356		1.14365711975878		0.931065678596497	0.468341176226326	1.06020109167178	0.441747494796312	0.0443202574768263	90.2983350080864
262	0.441950661991377		1.09971403063994		0.906938552856445	0.441702534975347	0.992873939954333	0.444872724724412	0.0442603139934034	90.3107992933605
260	0.41320685717459		1.04937699623414		0.883175373077393	0.412958730158561	0.922402692214306	0.447698964502389	0.0439962895882942	90.3657194119515
258	0.384554634083513		0.997239650556243		0.859192788600922	0.384306507067483	0.852558860363529	0.450768298746688	0.0437354150768561	90.4200171191982
256	0.352503610346836		0.935010353929899		0.834685504436493	0.352255483330806	0.776298907967647	0.453762693358686	0.0435799345233132	90.4523939320088
254	0.322201988458638		0.874715795455003		0.80953711271286	0.321953861442608	0.704098973872648	0.457256541181724	0.0433808247381899	90.4938728975235
252	0.292067865349068		0.812451447864444		0.784095585346222	0.291819738333038	0.633149877463527	0.460901515928743	0.043362357961516	90.4977208986855
250	0.26283710069536		0.749686586054693		0.758817315101624	0.26258897367933	0.565110845911123	0.464668083402223	0.0434419448133027	90.4811382132076
248	0.236264334688259		0.691642030622565		0.735633492469788	0.236016207672229	0.505145735599469	0.46722399307626	0.0437100945601363	90.4252889989788
246	0.208802124714984		0.628897286000234		0.715051770210266	0.208553997698955	0.446146911853208	0.46745588091748	0.0443670269379894	90.2886112440126
244	0.182571666750948		0.566912187981313		0.697206974029541	0.182323539734919	0.391796449231135	0.465352710808666	0.0455437744578377	90.0442998552019
242	0.158286010109708		0.507105390429762		0.681808710098267	0.158037883093678	0.342366577452568	0.461604296393601	0.047122211944343	89.7176290515021
240	0.13497389930198		0.44682038548266		0.667849898338318	0.13472577228595	0.295095900763464	0.456549114838231	0.0493900967966488	89.2503449253956
238	0.112434322289382		0.385379571519181		0.657016694545746	0.112186195273352	0.249941504976683	0.448849803012182	0.0529061199328357	88.5306963159441
236	0.0938309120243622		0.331996980484929		0.649702370166779	0.0935827850083325	0.212476202525668	0.440438900431814	0.0573980371037524	87.6197405575746
234	0.0754804386937564		0.276637645378986		0.645702123641968	0.0752323116777267	0.175422336810987	0.428863923747564	0.0635230466812232	86.3926813511543
232	0.0599522229660091		0.22776740479057		0.644411623477936	0.0597040959499794	0.143579186678542	0.415826954666142	0.071253770239591	84.8684420415536
230	0.0457295290073373		0.18141982692706		0.644490897655487	0.0454814019913076	0.113726257430032	0.399919974675057	0.082441583548705	82.7100753457183
228	0.0343291927873268		0.143111373901727		0.646355271339417	0.0340810657712971	0.0892943725064176	0.381670925218134	0.0956648588284594	80.2296949950616
226	0.0254913723880707		0.11272868035095		0.649210751056671	0.025243245372041	0.069964087460904	0.360802896002137	0.112179436876597	77.2361403622906
224	0.0188163653575528		0.0892177526723731		0.652522802352905	0.0185682383415231	0.0549796039006902	0.337729576500095	0.132557492887569	73.6957608761937
222	0.014359971179803		0.072942710775735		0.655378818511963	0.0141118441637733	0.044553925481609	0.316736269839981	0.152523203828403	70.3844621365797
220	0.0110688475643374		0.0607493037657416		0.656985223293304	0.0108207205483076	0.0366522437727178	0.295226688314293	0.177620561794854	66.4323228660618
218	0.00859620782278321		0.0513885518881673		0.657121121883392	0.00834808080675349	0.0305086775806378	0.273629716813801	0.205677822911003	62.2762103790409
216	0.00689096481430771		0.0447962917445258		0.655903518199921	0.006642837798278	0.026128260318587	0.254239574976695	0.233796553714741	58.3718484551399
214	0.00565100224144254		0.0398621773080648		0.654084265232086	0.00540287522541282	0.0228284628076431	0.236672756765905	0.262542813844499	54.6332688373754
212	0.00472546947498392		0.0360531921853453		0.652615189552307	0.00447734245895421	0.0202913884478479	0.220652345721028	0.291657808472056	51.0907398193289
210	0.00399023702934389		0.0329108242627209		0.652986526489258	0.00374211001331417	0.0182510102987437	0.205035773475607	0.320521356500844	47.8055857097601
208	0.00332381156546931		0.0300671767940726		0.655270755290985	0.0030756845494396	0.0164514955982121	0.18695470761782	0.35316264682302	44.3442539984404
206	0.00272479165895785		0.0274144687033997		0.661797821521759	0.00247666464292814	0.0148598103571325	0.166668657500018	0.391963293655458	40.5542810268074
204	0.00216667851535971		0.0248626193960457		0.668592393398285	0.00191855149933	0.0133062266059645	0.144184490174698	0.441644675073795	36.1705676853334
202	0.00162468528098366		0.0222420669620589		0.687935590744019	0.00137655826495395	0.0118884207625959	0.115789833859596	0.512407962843084	30.7320858102798
200	0.00111815471202377		0.0194888098891676		0.715800225734711	8.70027695994061E-4	0.0103991758222266	0.0836631393551897	0.618978101637413	24.0448403787208
