Wavelength	I1	I1 dark	R1	R1dark	XCorrect	I1c	R1c	I1c/R1c	Abs	Percent T
nm	uA	uA	uA	uA		uA	uA	uA/uA	OD	T*100
	Abs Detector Raw	Dark Offset for Abs Detector	Ref Detector Raw	Dark Offset for Ref Detector	Linear interp	Dark subtracted Abs Detector	Corrected Ref Detector	Corrected Intensity 	-Log(T)	% Transmittance
800	0.144690503686677	2.47957824669915E-4	0.213336624437466	0.00495127917218649	1.35067892074585	0.144442545862007	0.281461693242159	0.513187227001204	5.08131761100202E-4	99.8830667584189
798	0.153740242343753		0.226891771172853		1.34199333190918	0.153492284519083	0.297842660345537	0.515346875900893	6.14668247565064E-4	99.8585675157433
796	0.166906406689337		0.245906809587168		1.33337259292603	0.166658448864667	0.32128350036929	0.518727070245147	5.1062726346431E-4	99.8824928213244
794	0.166370560553478		0.244758294844138		1.32502686977386	0.166122602728808	0.317750739325618	0.52280791881517	6.39583998880399E-4	99.8528387303928
792	0.156173712297103		0.230009305225643		1.31713449954987	0.155925754472433	0.296431690515599	0.52600905861726	5.75133149248438E-4	99.8676583473098
790	0.151573152127193		0.223696538984998		1.30966234207153	0.151325194302523	0.286482429283493	0.528218064476048	5.47763271127386E-4	99.8739523526064
788	0.153384453542074		0.226575487185164		1.30193436145782	0.153136495717404	0.288540171742972	0.530728511015847	5.69915514373734E-4	99.8688581693864
786	0.157603527774483		0.232751813149254		1.29363858699799	0.157355569949813	0.294691560891481	0.533967004259613	5.24902309747777E-4	99.8792097868064
784	0.162799779622922		0.240408354370797		1.28498160839081	0.162551821798252	0.302558011195705	0.5372583629693	5.21923935704055E-4	99.8798947567481
782	0.171141094096122		0.252594398824362		1.27644824981689	0.170893136271452	0.316103626659215	0.540623776062174	4.84425175038991E-4	99.8885191674299
780	0.183260837967067		0.270389855639546		1.268270611763	0.183012880142397	0.336647945761758	0.54363284388467	4.86297482913588E-4	99.8880885341484
778	0.199565084804384		0.294065341537375		1.26044166088104	0.199317126979714	0.364411408951644	0.546956330355076	4.13946874290051E-4	99.9047306199143
776	0.21889044540679		0.322330887078729		1.25292003154755	0.21864248758212	0.397651268350813	0.549834754680654	6.64321024083734E-4	99.8471513639944
774	0.263223718163603		0.387032650736209		1.24577045440674	0.262975760338933	0.475985683873662	0.552486701278044	4.33846619386144E-4	99.9001530044736
772	0.354229246631445		0.520482659358242		1.23883104324341	0.353981288806775	0.638656277540606	0.554259468285378	4.30200361708384E-4	99.9009917515547
770	0.437021439904139		0.639724286384218		1.23221707344055	0.436773482079469	0.782178137245867	0.558406661195358	5.24049528803867E-4	99.8794059098841
768	0.431435098068551		0.628684787526962		1.22665858268738	0.431187140243881	0.765108061333095	0.563563713461072	6.62764396882847E-4	99.8475092434443
766	0.368118444879169		0.53567439971502		1.22236526012421	0.367870487054499	0.648737505296271	0.567055988055596	5.39109163061367E-4	99.8759425427292
764	0.327651642062351		0.478649642557625		1.2186872959137	0.327403684237681	0.577290177552944	0.567138844498449	4.95653004041399E-4	99.8859367797601
762	0.329542949122664		0.482003182583288		1.214359998703	0.329294991297995	0.57931274880757	0.568423519033199	5.99746984382909E-4	99.861998463236
760	0.347156541581581		0.507642797349001		1.20898902416229	0.346908583756911	0.607748528015248	0.57080941831291	4.45032854039975E-4	99.8975798836806
758	0.370250502060591		0.540929787572438		1.2031888961792	0.370002544235921	0.644883389897872	0.573751084354207	5.01604138778263E-4	99.8845680527324
756	0.397339538512407		0.579777062197485		1.19780671596527	0.397091580687737	0.688530183417699	0.576723563107531	3.75807001672804E-4	99.9135046688065
754	0.419852793732507		0.611961887203158		1.1931779384613	0.419604835907837	0.724271665914538	0.579347302476623	6.07818326960451E-4	99.8601425499242
752	0.448138709757178		0.652248802630559		1.18890511989594	0.447890751932508	0.769575339735618	0.581997276688176	3.44123187681069E-4	99.9207940922416
750	0.48955050463565		0.711969563500325		1.1848680973053	0.48930254681098	0.837723409311937	0.584086037673064	3.59555826853908E-4	99.9172434734162
748	0.541177425510902		0.78588337393496		1.18107759952545	0.540929467686232	0.9223414038748	0.586474233308579	3.45408499337499E-4	99.9204983731462
746	0.595527486328886		0.86293056295815		1.17750906944275	0.595279528504216	1.01027838805197	0.58922326315625	4.16414286556026E-4	99.9041630201225
744	0.643031129937899		0.929780690864858		1.174187541008	0.642783172113229	1.08592317276729	0.591923248562056	3.85523942976847E-4	99.9112692206488
742	0.71548741779535		1.0322399464369		1.17108881473541	0.71523945997068	1.20304626773815	0.594523651459726	3.96617098647182E-4	99.9087172261981
740	0.8201544400822		1.1804424345532		1.16803753376007	0.81990648225753	1.37301779008802	0.597156488558657	4.19542687366255E-4	99.9034433721604
738	0.925446630213231		1.32771970447253		1.16498303413391	0.925198672388561	1.54100277356293	0.600387415429127	5.80495370761098E-4	99.8664252918086
736	0.984696027254314		1.40765848741727		1.16204738616943	0.984448069429644	1.63001224490222	0.603951333806513	4.84897045754953E-4	99.8884106363677
734	0.997260297223641		1.42312143291212		1.15931880474091	0.997012339398971	1.64411132755301	0.60641412943907	5.73867808690073E-4	99.8679493175798
732	1.00021169033929		1.42721704904566		1.15665113925934	0.999963732514619	1.64506532305371	0.607856550436794	4.44772562782006E-4	99.8976397565909
730	1.00022243100087		1.42925522347599		1.15388596057892	0.999974473176197	1.64348432492934	0.60844783123757	4.58954318305905E-4	99.8943776825089
728	1.0071145116618		1.44306895327919		1.15089321136475	1.00686655383713	1.65511986827341	0.608334521950654	4.98813041401705E-4	99.8852099868654
726	1.02692151994448		1.47537669393379		1.1476241350174	1.02667356211981	1.68749569472338	0.608400700120366	4.9141925454158E-4	99.8869105294019
724	1.03961220898068		1.49696918041977		1.14410185813904	1.03936425115601	1.70702045319407	0.608876272812792	4.07207204774497E-4	99.9062810197468
722	1.03037173507962		1.48563898484737		1.14027833938599	1.03012377725495	1.68839611817655	0.610119726150206	4.34264964449686E-4	99.9000567731893
720	0.984830678437858		1.42058515515126		1.13600122928619	0.984582720613188	1.60816182333141	0.612241073210882	5.01172104457622E-4	99.8846674175293
718	0.893279786164517		1.28820869846585		1.13137769699097	0.893031828339847	1.45184882368704	0.615099736122628	5.35831376497708E-4	99.8766963475126
716	0.76573381194272		1.10412556321509		1.12621939182281	0.76548585411805	1.23791139368207	0.618368857435888	5.67904996572526E-4	99.869320502182
714	0.630417854841814		0.910520894799238		1.12039887905121	0.630169897017144	1.01459918225138	0.62110231117948	5.97633264841341E-4	99.8624844946734
712	0.516620995555313		0.749568414363271		1.11375534534454	0.516373037730643	0.829321314554211	0.622645322950866	6.37081389458112E-4	99.853414131153
710	0.433821568090753		0.63393461355579		1.10628998279572	0.433573610266083	0.695837962174028	0.623095654211587	6.0766428780914E-4	99.8601779691501
708	0.371807106058277		0.548257114508491		1.09837675094604	0.371559148233608	0.596754498186718	0.622633175556476	4.49517122397269E-4	99.8965484055883
706	0.325822998270829		0.485940143932302		1.09038031101227	0.32557504044616	0.524460787950573	0.620780519585466	4.69734722244244E-4	99.8918980553856
704	0.294032097213778		0.44392518285751		1.0826700925827	0.293784139389108	0.47526391694438	0.618149472145787	7.42194128641169E-4	99.8292494312701
702	0.281187747594691		0.429011660578234		1.07555782794952	0.280939789770021	0.456101462744536	0.615958975618056	5.38502136889291E-4	99.8760821423695
700	0.279783955791218		0.430136268422862		1.0694442987442	0.279535997966548	0.454711662665749	0.614754405743119	5.31384127695874E-4	99.8777191069786
698	0.294781471600432		0.454812902540568		1.0649927854538	0.294533513775762	0.479099383339859	0.614764961128803	4.78493608422445E-4	99.8898834478353
696	0.321579309322943		0.496024509736734		1.06259047985077	0.321331351498273	0.52180973970745	0.615801751186986	5.56364918872095E-4	99.8719742661112
694	0.348593803538729		0.536625594474402		1.06203079223633	0.348345845714059	0.564654494292119	0.616918574518323	5.63519911089929E-4	99.8703288910441
692	0.368345080620451		0.566000223568453		1.06277585029602	0.368097122795781	0.596269268938427	0.617333714768037	5.64511892490232E-4	99.8701007753307
690	0.383489933770384		0.588800629361136		1.06392598152161	0.383241975945714	0.62117249296053	0.616965464969593	6.14884098882265E-4	99.8585178844473
688	0.392031513936449		0.601595957068797		1.06461536884308	0.391783556111779	0.63519709382716	0.616790536227461	5.29403599398056E-4	99.8781745838689
686	0.393114005997553		0.6033403311463		1.0645604133606	0.392866048172883	0.637021296520017	0.616723570026734	4.94898857970363E-4	99.8861102303917
684	0.387447677590019		0.595076697451293		1.06376242637634	0.387199719765349	0.627753246814936	0.616802416761529	6.3845288230876E-4	99.8530987966667
682	0.386044934065351		0.593337384714102		1.06245732307434	0.385796976240681	0.6251351266282	0.617141734334398	5.39038727966093E-4	99.8759587408905
680	0.39254885707403		0.603891611356499		1.06094348430634	0.39230089924936	0.635441842919219	0.61736711804676	5.45317277870824E-4	99.8745148550375
678	0.40048428032113		0.616406079690283		1.05921316146851	0.400236322496461	0.647660972351868	0.617971963082895	5.57516560157654E-4	99.8717094307492
676	0.407404704182638		0.627635703058498		1.05730748176575	0.407156746357968	0.658368900153991	0.618432532676946	6.95514627757208E-4	99.8399800073556
674	0.41544661851818		0.640263995854717		1.05524814128876	0.41519866069351	0.670412563416351	0.619318138338132	5.82510426574147E-4	99.8659619289008
672	0.421382951197096		0.64978713271852		1.05312037467957	0.421134993372426	0.679089775693532	0.62014627291706	5.10095917063899E-4	99.8826150246627
670	0.426075210394655		0.657622104305865		1.0509113073349	0.425827252569985	0.685899150100582	0.620830704495757	6.6163704944236E-4	99.8477684292843
668	0.430419585987648		0.664780608000406		1.0485315322876	0.430171628162978	0.69185185720455	0.621768408487187	6.37102837001085E-4	99.853409199913
666	0.433401740821923		0.669875355904853		1.04595601558685	0.433153782997253	0.695481337967067	0.622811511036928	6.73839675853653E-4	99.8449629874701
664	0.437537647787819		0.676561159100794		1.04322910308838	0.437289689963149	0.700642972663215	0.624126276898156	4.41953171805938E-4	99.898288282948
662	0.444380405939187		0.687660177916308		1.04042720794678	0.444132448114517	0.710308913360765	0.625266612540652	6.13418546495451E-4	99.858854863484
660	0.452587788108541		0.700708037056066		1.03775990009308	0.452339830283871	0.722028463550659	0.626484762192666	6.87549953741303E-4	99.8418110234503
658	0.4637673214501		0.718340501585219		1.03528940677643	0.46351936362543	0.738564304872686	0.627595133649644	5.34960762176399E-4	99.8768965668868
656	0.480782271943635		0.74496944282403		1.03309750556946	0.480534314118965	0.764510918944811	0.628551276654368	6.44398966791536E-4	99.8517316807545
654	0.497856899560955		0.771848057523758		1.03115320205688	0.497608941736285	0.790788068644331	0.629257017735926	7.59454565732718E-4	99.8252819338441
652	0.512679780055925		0.794800414914955		1.02945709228516	0.512431822231255	0.813115794625694	0.630207684585866	6.5236862325795E-4	99.8498993371935
650	0.516586664805939		0.801072157138429		1.02793705463409	0.516338706981269	0.818362150429328	0.630941578505785	7.03578661037679E-4	99.8381261835554
648	0.516667852244579		0.80176364120549		1.02666783332825	0.516419894419909	0.818061621297895	0.631272609513919	7.73915853746476E-4	99.8219579723876
646	0.521634639944459		0.809885818297059		1.02560043334961	0.521386682119789	0.825541212144537	0.631569538200722	7.93810063477615E-4	99.8173854218109
644	0.529965059833048		0.82313539404978		1.02465677261353	0.529717102008378	0.838357894554129	0.631850794808942	7.05410557304209E-4	99.8377050575395
642	0.54060757077685		0.840043757324503		1.02378344535828	0.54035961295218	0.85495385447556	0.632033659037241	6.23258120164485E-4	99.8565924413967
640	0.555697921058349		0.863861118679529		1.02288675308228	0.555449963233679	0.878567496924084	0.632222299570997	7.90246470505503E-4	99.8182044743372
638	0.569350403608777		0.885445904054706		1.02184903621674	0.569102445784107	0.899732583830219	0.632523992141534	7.9821300524847E-4	99.8163734635056
636	0.585824306436017		0.911244539815878		1.02063095569611	0.585576348611347	0.924990956751711	0.633061701130263	6.73064424040459E-4	99.8451412192021
634	0.598207572072571		0.930825570011073		1.01923584938049	0.597959614247901	0.943684269242735	0.633643723581127	8.18960324653798E-4	99.8116051028593
632	0.612452852472193		0.953360570531379		1.0177036523819	0.612204894647523	0.965199599769177	0.634278023730976	8.43138425694617E-4	99.8060485323767
630	0.627465123530371		0.976800272280981		1.01619136333466	0.627217165705701	0.987584553262638	0.635102243786208	7.35288560669682E-4	99.8308367946308
628	0.645185893723234		1.00465666102465		1.01451146602631	0.644937935898564	1.01421257253753	0.63590015876548	7.51500742958833E-4	99.8271101861123
626	0.659557864796177		1.02746476640227		1.01275491714478	0.659309906971507	1.03555556203911	0.636672652960561	8.48939461213734E-4	99.8047153941723
624	0.675516215867665		1.05206630286402		1.01092803478241	0.675268258042995	1.05855793309192	0.637913369625993	7.17880409898421E-4	99.8348384689822
622	0.684852005320107		1.06731869080356		1.0092089176178	0.684604047495437	1.07215066560492	0.638533435139149	9.32110731147956E-4	99.7856037303714
620	0.693663402074449		1.08099299494814		1.00772297382355	0.693415444249779	1.08435195777994	0.639474516806749	7.5869154605091E-4	99.8254573188074
618	0.702817668395292		1.09556261311502		1.0068142414093	0.702569710570623	1.09804302285604	0.63983805365223	8.16540965756188E-4	99.8121611328748
616	0.709345370700752		1.10591503769524		1.00664889812469	0.709097412876082	1.10828395439245	0.639815644777425	7.57986903954762E-4	99.8256192855822
614	0.718438994016466		1.12041448526914		1.00700271129608	0.718191036191797	1.12327447289065	0.639372703221496	7.28757685566728E-4	99.8323380516256
612	0.725859344633789		1.13232706304136		1.00780045986176	0.725611386809119	1.13616983342036	0.638646939449814	9.2037585844575E-4	99.7883000279906
610	0.738348559671775		1.15180508115201		1.00835275650024	0.738100601847105	1.15643319252914	0.638256154022064	8.0977755117719E-4	99.8137155534592
608	0.750409310966356		1.1708608366911		1.0085117816925	0.750161353141686	1.17583352514572	0.637982620072616	8.68091009009351E-4	99.8003142960407
606	0.764229017637209		1.19262475414564		1.00798010826111	0.76398105981254	1.19715123788259	0.63816586880351	8.55806444356975E-4	99.8031373131502
604	0.780278292780599		1.21751401643632		1.00688087940216	0.780030334955929	1.22090623522681	0.63889454607546	9.2672576912224E-4	99.786841013
602	0.795996180596212		1.24184467277221		1.00539457798004	0.795748222771542	1.2435659114648	0.639892277068153	8.45160904590539E-4	99.8055837437016
600	0.815668559057644		1.27241391245719		1.00393652915955	0.815420601232974	1.27245203689956	0.640826198227333	8.55767587046341E-4	99.8031462427633
598	0.833631617457547		1.30011879210723		1.00287997722626	0.833383659632877	1.29889756587648	0.641608454374551	8.75163051477656E-4	99.798689162994
596	0.854954729860137		1.33318263017091		1.00218975543976	0.854706772035467	1.33113985282483	0.642086381999367	8.82338807358043E-4	99.7970402239809
594	0.876995226598239		1.36717168032807		1.00178515911102	0.876747268773569	1.36465218131623	0.642469400465058	8.90396176274206E-4	99.7951887288682
592	0.89650190071463		1.39747236532662		1.00154709815979	0.89625394288996	1.39467545296429	0.642625451666931	8.89986704478709E-4	99.7952828201728
590	0.911924140338065		1.42126201672082		1.00122630596161	0.911676182513395	1.41804756784958	0.642909450418451	9.81797677440807E-4	99.7741880699615
588	0.931299863527244		1.45084114715683		1.00070452690125	0.931051905702575	1.44690853629287	0.643476683113657	8.75688057584418E-4	99.7985685193023
586	0.944763611642391		1.47181172049833		0.999973237514496	0.944515653817721	1.46682118449484	0.643920106828157	9.54352967127048E-4	99.7804933773629
584	0.957814275347568		1.49191676649953		0.999053955078125	0.957566317522898	1.48555875117906	0.644583269939945	0.00103265290926464	99.7625053463578
582	0.970899591762567		1.51175720831479		0.998229086399078	0.970651633937897	1.50413750602873	0.645321076063478	9.28787700169353E-4	99.7863672489857
580	0.986193099086711		1.53527852780088		0.997582137584686	0.985945141262041	1.5266271278911	0.64583232097024	9.69819990618455E-4	99.776939844408
578	1.00303435268153		1.56101172319366		0.997147619724274	1.00278639485686	1.55162196790311	0.646282674259918	9.25322376142958E-4	99.7871634678877
576	1.01849393056165		1.58481034217815		0.996688485145569	1.01824597273698	1.57462733625091	0.646658386587746	0.00101668521515677	99.766173379271
574	1.04029866069913		1.61799351160122		0.996220171451569	1.04005070287446	1.60694520934908	0.647222255509104	9.85230952693969E-4	99.773399317373
572	1.06129485659912		1.6502872095923		0.9957315325737	1.06104689877445	1.6383128675958	0.647646075277137	0.00104760254271866	99.7590713003809
570	1.07747721584842		1.67485953920603		0.995352268218994	1.07722925802375	1.66214697434232	0.648095068999534	0.00103310716961987	99.7624009975131
568	1.09765738544552		1.70563276601178		0.995181918144226	1.09740942762085	1.6924874642254	0.648400328402493	0.00102954310716957	99.7632197067096
566	1.12230417947545		1.74322191686255		0.995282471179962	1.12205622165078	1.73007029586004	0.648561058088682	0.00111054524964942	99.7446141722022
564	1.14743017882574		1.78142256368257		0.995623111724854	1.14718222100107	1.76869586817407	0.648603438071788	0.00110241160099756	99.7464822485364
562	1.17356385944641		1.82133838993909		0.996170461177826	1.17331590162174	1.80943118581012	0.648444611114859	0.00112212567358717	99.7419545263495
560	1.20508923621253		1.86900376603036		0.99668163061142	1.20484127838786	1.85786687214708	0.648507864826431	0.00111703863994814	99.7431228434032
558	1.2353321026078		1.91471667478325		0.997178435325623	1.23508414478313	1.90437686903446	0.64855027640056	0.0011740354893052	99.7300334053664
556	1.26360126295627		1.95751561260052		0.997675478458405	1.2633533051316	1.94802555557393	0.648530149677319	0.00116928235138144	99.7311249071416
554	1.29499822785767		2.00491030387842		0.99818366765976	1.294750270033	1.99632643445051	0.64856641062782	0.00118418967704662	99.7277016565501
552	1.32337147145767		2.04722066595301		0.998678505420685	1.323123513633	2.03957053885669	0.648726527681018	0.00117412161310197	99.7300136281677
550	1.35552411262559		2.09538982011845		0.999059557914734	1.35527615480092	2.08847260456569	0.648931736924915	0.00123363773833642	99.7163474695119
548	1.38148982907457		2.13362788454085		0.999196529388428	1.3812418712499	2.12696627627471	0.649395285039066	0.00123155239996143	99.7168262755614
546	1.41382919356937		2.18180271344991		0.99907249212265	1.4135812357447	2.17483238742462	0.649972496233894	0.00120715047402251	99.7224292732332
544	1.43861769597276		2.2179781161374		0.998806416988373	1.43836973814809	2.21038540572833	0.650732552983962	0.00129038276366507	99.7033193578266
542	1.46055434902231		2.2495183625934		0.998482644557953	1.46030639119764	2.24116127734214	0.651584696720024	0.00129739902005538	99.7017086111328
540	1.4800719362246		2.27750532537219		0.99831360578537	1.47982397839993	2.26872162420406	0.652272170641074	0.00126225223036826	99.7097776447688
538	1.50096658793554		2.30718301080048		0.998360693454742	1.50071863011087	2.29845766808194	0.652924198235601	0.00131349231078689	99.6980141159884
536	1.52530356751359		2.34221256388317		0.998661279678345	1.52505560968892	2.33413234553212	0.65337152480154	0.00135923137455573	99.6875146648244
534	1.54072024378255		2.36334845247059		0.999168038368225	1.54047228595788	2.35643507733773	0.653729992722008	0.0013962199124051	99.679024714928
532	1.56612314590273		2.39941595720928		0.999805629253387	1.56587518807806	2.39399926414989	0.654083404087469	0.00138535774059378	99.6815178256577
530	1.58835465979094		2.43021275884404		1.0004802942276	1.58810670196627	2.42642631876096	0.654504400025315	0.00135895555691381	99.6875779757462
528	1.60604022490582		2.45431703120866		1.00102841854095	1.60579226708115	2.45188472518945	0.654921599936588	0.0014775994375127	99.6603482820717
526	1.63041721150275		2.4879758323437		1.0014044046402	1.63016925367808	2.48651172437571	0.655604893271666	0.00143872307109151	99.6692698912475
524	1.65526003214323		2.52227162078088		1.00163662433624	1.65501207431856	2.52144024934188	0.656375686376281	0.00138684870886397	99.681175611489
522	1.67743129365132		2.55265374956572		1.00181710720062	1.67718333582665	2.55233191889753	0.657118035240142	0.00151234272290285	99.652375835793
520	1.71354484941522		2.60347523373765		1.0020604133606	1.71329689159055	2.60387798803928	0.657978945042914	0.00156182651029658	99.6410220280322
518	1.74833778750862		2.65241815346396		1.00242054462433	1.74808982968395	2.65387518600243	0.658693309656781	0.00147693594727447	99.6605005375608
516	1.78753778277434		2.70761134171998		1.00289297103882	1.78728982494967	2.71047877983652	0.659400043359674	0.00158932036097693	99.6347142604181
514	1.8358482867317		2.7756443370536		1.00349617004395	1.83560032890703	2.78037987195135	0.660197675657445	0.00151105654833113	99.6526709593714
512	1.88879726265538		2.85096305013155		1.00418245792389	1.88854930483071	2.8579150954423	0.660813649727558	0.00155211610931511	99.6432499289964
510	1.94536147293961		2.93138336231021		1.00497353076935	1.94511351511494	2.94098678314792	0.661381250082657	0.00171151695685713	99.6066841777191
508	2.03013088178058		3.05279876709849		1.00580215454102	2.02988292395591	3.0655315700687	0.662163438072312	0.00160186009997191	99.6318374675355
506	2.11139780955644		3.16808465530971		1.00663805007935	2.11114985173176	3.18413041389597	0.663022419722014	0.00160290077214289	99.6315987264032
504	2.19934516943451		3.29424638576262		1.00742840766907	2.19909721160984	3.31372933158606	0.663632117037537	0.00177250079781575	99.5926983409783
502	2.29878362118561		3.4356283432055		1.00814700126648	2.29853566336094	3.45862679441887	0.66458042454018	0.00175737088512534	99.5961680030187
500	2.4212219141534		3.61073401877534		1.00866842269897	2.42097395632873	3.6370391885507	0.665644176711069	0.00179275958759509	99.5880526902383
498	2.60189140806039		3.87228151528885		1.00904226303101	2.60164345023572	3.90229965333939	0.666694944353995	0.00173916517077994	99.6003431824555
496	2.80860687354299		4.17124762737549		1.00876116752625	2.80835891571832	4.20279796847389	0.668211733417697	0.00193406046320644	99.5556562618104
494	3.00329116231585		4.44603257500797		1.00816118717194	3.00304320449118	4.47732579153688	0.670722512569352	0.00188996738732443	99.5657644675006
492	3.07049197991842		4.53265249653685		1.00794267654419	3.07024402209375	4.56366328362293	0.672758665853278	0.0018538705810074	99.5740403163298
490	3.10959029519188		4.57857206422446		1.00791668891907	3.10934233736721	4.60982871804131	0.674502791220483	0.00200209545519538	99.5400614567913
488	3.21745639583509		4.72645957584056		1.00887954235077	3.21720843801041	4.76343312954815	0.675396998449224	0.00198367098068495	99.5442844260074
486	3.42816730807906		5.02358013129395		1.00954282283783	3.42791935025439	5.06652073814638	0.676582516369709	0.0021132326793342	99.5145921238249
484	3.62508368912816		5.29394499837769		1.01009511947632	3.62483573130349	5.34238674271038	0.678504927830157	0.00207436368776115	99.5234989948578
482	3.70613747298397		5.39386234416985		1.01073944568634	3.7058895151593	5.44678498268872	0.680381092137393	0.00210626708046153	99.5161882396369
480	3.68266010491372		5.34322396546594		1.01162850856781	3.68241214708905	5.40034883596362	0.681884126182003	0.00222729907336559	99.4884582893217
478	3.79692809762119		5.49302763918376		1.0127238035202	3.79668013979652	5.55790556532023	0.683113466966179	0.0021985470403146	99.4950450415149
476	4.06448367516538		5.86592387792811		1.01399922370911	4.06423571734071	5.94302166531885	0.683866885604337	0.00223553181168052	99.4865723462271
474	4.53834896868206		6.52982535232607		1.01552999019623	4.53810101085739	6.62620530354159	0.684871778487131	0.00218368016321454	99.4984510390268
472	5.07937529708663		7.28915153337399		1.01726651191711	5.07912733926196	7.40997298469762	0.685444784987866	0.00236870957023531	99.4560691554515
470	5.51935832755511		7.89841130877154		1.01911818981171	5.51911036973044	8.04436869671635	0.686083716175677	0.00245228881284971	99.436930843842
468	5.68739456955945		8.10594066585245		1.02110064029694	5.68714661173478	8.2719254497779	0.687523920067181	0.00259374354855374	99.4045483593631
466	5.51414857415796		7.81961602100045		1.02326714992523	5.51390061633329	7.9964897179918	0.689540137083803	0.00257242412960238	99.4094282261769
464	5.31844482738136		7.51560620776209		1.02553856372833	5.31819686955669	7.70246626812521	0.690453769536746	0.00258469514496571	99.4066194467922
462	5.16056105115676		7.27894400167649		1.027627825737	5.16031309333209	7.47495732585386	0.690346829872053	0.00260744304943979	99.4014127652514
460	5.01203021678932		7.06260943222842		1.02919805049896	5.01178225896465	7.26372801221359	0.68997383306996	0.00263748675798403	99.3945365927362
458	4.82527449243791		6.79938674040912		1.03004312515259	4.82502653461323	6.99856153614005	0.689431179492694	0.00263947230401307	99.3940821730175
456	4.64283362402628		6.55484809392531		1.03006207942963	4.64258566620161	6.74680033305409	0.688116653379609	0.00278253492936876	99.3613457761097
454	4.49765509677435		6.37179174700051		1.02918720245361	4.49740713894968	6.55267072955269	0.686347189500347	0.00290618493914307	99.3330601702648
452	4.32566226298894		6.14977855208685		1.02735614776611	4.32541430516427	6.31292607578976	0.685167900468905	0.00288362460284323	99.3382203681119
450	4.04691044525513		5.77310118542792		1.02460694313049	4.04666248743046	5.91008644296713	0.684704450007816	0.00302834861004603	99.3051224800279
448	3.67322997799828		5.26191930270488		1.02102768421173	3.67298202017361	5.3675098870427	0.684299069302187	0.00309503625559988	99.2898749540709
446	3.39779418808324		4.88783090087935		1.01675081253052	3.39754623025857	4.96467182285946	0.684344575328186	0.00323040494612986	99.2589313284722
444	3.26512070228525		4.70883322093052		1.0121191740036	3.26487274446058	4.7608891055029	0.685769542644221	0.00313873766149129	99.2798842933546
442	3.2183368401675		4.6464421567267		1.00782012939453	3.21808888234283	4.67778793680053	0.687950998596126	0.00350274081569535	99.1967078953419
440	3.18276636911823		4.59354544062947		1.0045450925827	3.18251841129356	4.60944974674556	0.690433476043542	0.00351619165522621	99.1936356519834
438	3.14393915980072		4.53098329488337		1.00285410881042	3.14369120197605	4.53894980356348	0.692603209559174	0.00364067596151295	99.1652072884891
436	3.11456000952749		4.47774048503752		1.00277864933014	3.11431205170282	4.48521751859606	0.694350282631921	0.00375875619637037	99.138248946262
434	3.09483200667663		4.43616338559428		1.00421047210693	3.09458404885196	4.44986960139609	0.695432524108364	0.00389108822481653	99.1080455529733
432	3.09963446027072		4.42767309021805		1.00665414333344	3.09938650244605	4.45215123590047	0.69615481106162	0.00396110682795308	99.0920682660639
430	3.12004374973995		4.44131321467526		1.00962591171265	3.11979579191528	4.47906596381957	0.696528208585444	0.00410862001498555	99.0584162046019
428	3.11814786351706		4.42753440613657		1.01240730285645	3.11789990569239	4.47745545522844	0.696355315394939	0.00420179809197384	99.0371654564835
426	3.10399293193299		4.40505508493733		1.01423370838165	3.10374497410832	4.46273360018541	0.695480674441194	0.00428704997043596	99.0177263981734
424	3.08259578846381		4.38189149860411		1.01462960243225	3.08234783063914	4.44097311471194	0.694070364990055	0.00442342298466182	98.9866386765945
422	3.0603133910919		4.36595807581621		1.01337480545044	3.06006543326723	4.41933441411718	0.692426765327403	0.00448027106301986	98.9736824173071
420	3.42625181736406		4.90958674796038		1.01114857196808	3.42600385953939	4.95931515028917	0.690821969509162	0.00467243160924477	98.9298996139476
418	3.20785010925238		4.62564705182933		1.0079870223999	3.20760215142771	4.65760137329649	0.688681124541467	0.00472223534817235	98.9185552460212
416	3.02389260266322		4.39101459427078		1.00422537326813	3.02364464483855	4.40459606978252	0.686474899612722	0.00487199551348553	98.8844504947752
414	2.87483422923539		4.20232584990755		1	2.87458627141072	4.19737457073537	0.684853406091679	0.00509489877547927	98.8337107042004
412	2.75333202024823		4.04916636565627		0.995681941509247	2.75308406242356	4.02675192919146	0.683698452458768	0.00526270366793968	98.7955302132104
410	2.65060887612744		3.91836304586643		0.991583049297333	2.65036091830277	3.88047277277474	0.682999488334929	0.00539431022121818	98.7655962170445
408	2.55772151077594		3.79727529000262		0.988153755664825	2.55747355295127	3.74739921399999	0.682466267110468	0.00554236753314619	98.7319313260826
406	2.50378741675317		3.72874490697567		0.985654711723328	2.5035394589285	3.67037473472981	0.682093693387631	0.00572637139371583	98.6901089929071
404	2.48253968734589		3.70451293685765		0.98426741361618	2.48229172952122	3.64135798432366	0.681693955993253	0.00590302457961661	98.6499740667794
402	2.5065934470154		3.74216636688298		0.984128773212433	2.50634548919073	3.67790089949982	0.681460854350802	0.00598923249146827	98.630393886483
400	2.55405516557575		3.81124266055228		0.985299050807953	2.55380720775108	3.75033528517229	0.680954371692598	0.00625676959464574	98.5696536169361
398	2.59747103454289		3.86996470621607		0.987817049026489	2.59722307671822	3.81792615795025	0.680270641513038	0.00651422026117424	98.5112386385061
396	2.62033067800624		3.8938179653981		0.991658091545105	2.62008272018157	3.85642611633613	0.679406953781038	0.00658484362882635	98.4952204064814
394	2.62911677416254		3.8960712857016		0.996615350246429	2.62886881633787	3.8779499281582	0.677901691625613	0.00689457325202014	98.4250007446474
392	2.62294818287859		3.87421857582798		1.0025714635849	2.62270022505392	3.87921697660939	0.67609010809864	0.00711048684546781	98.3760799899163
390	2.63903629316587		3.88369085362216		1.0093150138855	2.6387883353412	3.91487008744421	0.674042375966532	0.00735373543071035	98.3209949198359
388	2.667657972739		3.91140325585518		1.01699423789978	2.66741001491433	3.97283915091881	0.671411530541686	0.0075134621073574	98.2848406539171
386	2.69841776265515		3.9430456629553		1.02549052238464	2.69816980483048	4.03847846682578	0.668115436790042	0.00779853994050215	98.2203460849552
384	2.7306739881122		3.97724086545539		1.03449034690857	2.73042603028753	4.1092952321354	0.664451171318898	0.00807129066367371	98.1586799553593
382	2.75775736202742		4.00589004746982		1.04369103908539	2.75750940420275	4.17574394040157	0.660363624676079	0.00834370433232814	98.0971286747208
380	2.77084871939699		4.01541726911143		1.0526317358017	2.77060076157231	4.22154377636342	0.656300374541894	0.00863656408374751	98.0310006953997
378	2.7808530528531		4.02190459818708		1.06117713451386	2.78060509502843	4.26269901254814	0.652310915418411	0.00886197985256345	97.9801319864716
376	2.76571485711281		3.99336396109409		1.06922745704651	2.76546689928814	4.2645203495434	0.648482519161677	0.00917864286278128	97.9087164467289
374	2.768671888351		3.99265594107738		1.07646524906158	2.76842393052633	4.29262549206182	0.644925567265502	0.00951669181963618	97.8325352777581
372	2.77747385364786		4.00070819934599		1.08239138126373	2.77722589582319	4.32497285202104	0.642137185791906	0.00985928228247208	97.755391130698
370	2.78478967393112		4.00795989609436		1.08660447597504	2.78454171610645	4.34968708051427	0.640170583438207	0.0102039331770693	97.6778443983184
368	2.79800000102678		4.02472312844925		1.08728444576263	2.79775204320211	4.37063540723345	0.640124783360285	0.0105432907522631	97.6015487731822
366	2.81499328709169		4.04783294281003		1.08414971828461	2.81474532926702	4.38308901669097	0.642183017170848	0.0109342100065529	97.5137347217117
364	2.84165268639922		4.08514995926248		1.07767069339752	2.84140472857455	4.39711054077256	0.646198157227888	0.0113022788845284	97.4311258758682
362	2.87552432933028		4.13281187313454		1.06871128082275	2.87527637150561	4.41149118243128	0.651769719716629	0.0116250877819416	97.3587327196049
360	2.91026953182817		4.18343261267836		1.05907070636749	2.9100215740035	4.42530717741977	0.657586345384554	0.0121448697956812	97.2422793704598
358	2.95420174600809		4.24656719494562		1.04836678504944	2.95395378818342	4.44676924103392	0.66429212492632	0.0125191064897704	97.1585206407796
356	2.98769432399926		4.29565194816745		1.03684234619141	2.98744636617459	4.44878014844609	0.671520341866764	0.0129958126979082	97.0519324578305
354	3.02338205579025		4.34830741670705		1.02479386329651	3.02313409796558	4.45104471585696	0.679196523727473	0.013388034584027	96.9643220698482
352	3.04966730959147		4.38865938187785		1.01273274421692	3.0494193517668	4.43952473669904	0.686879684791252	0.0138993323008409	96.8502325154928
350	3.07605599356806		4.42947298034757		1.00126516819	3.07580803574339	4.43011946528769	0.694294603078757	0.0144058882107446	96.7373334129557
348	3.09563388655624		4.46147125902831		0.990810453891754	3.09538592873157	4.41556658401892	0.701016703028457	0.0148600156672198	96.6362312337661
346	3.10707526834646		4.48291244546607		0.981342911720276	3.10682731052179	4.39441544950116	0.70699444470469	0.0154139588565283	96.5130501678018
344	3.11637514623899		4.50228529695116		0.972720801830292	3.11612718841432	4.37465035187261	0.71231457094175	0.0159911829505279	96.3848591485878
342	3.12197033664632		4.51705291163825		0.964752793312073	3.12172237882165	4.3530626536296	0.717132425424372	0.016570697295808	96.2563307869043
340	3.11818972142705		4.52036060205472		0.957048177719116	3.11794176360238	4.32146426412064	0.721501225751045	0.017183050758432	96.1207053879838
338	3.10832874734536		4.51687396876787		0.950148642063141	3.10808078952069	4.28699721661321	0.725001821199248	0.0178011741641117	95.983995854382
336	3.08624620348828		4.4974710391579		0.944044172763824	3.08599824566361	4.24113710044085	0.727634634905539	0.0184341681793743	95.8441989161156
334	3.05168830567715		4.4643059147787		0.938558220863342	3.05144034785248	4.18536395299355	0.729074073873542	0.0191002475915911	95.6973149016433
332	2.99538776879274		4.40428277048729		0.933434963226318	2.99513981096807	4.1064898288161	0.729367400340443	0.0198684301763994	95.5281945536346
330	2.92703829396819		4.33046034646587		0.928119659423828	2.92679033614352	4.01459000237129	0.729038415981399	0.0205682818747424	95.3743778852282
328	2.83687581874253		4.2301356032144		0.923022568225861	2.83662786091786	3.89994048600509	0.727351576542534	0.0214756489290439	95.1753211812511
326	2.7501534924289		4.1362081743905		0.918195605278015	2.74990553460423	3.79330192546395	0.724937162566593	0.0222904282057049	94.9969302846374
324	2.66040860753359		4.0385027792731		0.913534343242645	2.66016064970892	3.68478782058007	0.721930482632282	0.0232558215750892	94.7859961017879
322	2.56720371288649		3.93491701308544		0.908978700637817	2.56695575506182	3.57225514636362	0.718581302255204	0.0242736000593199	94.5641231593497
320	2.48561339338829		3.84526564625617		0.904343068599701	2.48536543556362	3.47296167911625	0.715632841706466	0.0252996498375071	94.3409727974126
318	2.41223435315416		3.76616744100583		0.899914681911469	2.41198639532949	3.38477364587679	0.712599023650423	0.0264193402573327	94.0980578293059
316	2.35796974155458		3.71456644023545		0.895963847637177	2.35772178372991	3.32368107295945	0.7093706441667	0.0274288317694334	93.8795865397525
314	2.30439250788195		3.6632071142688		0.892610192298889	2.30414455005728	3.26539644444412	0.705624750090496	0.0286402939123822	93.6180748456898
312	2.2477392976591		3.60656961449511		0.88999992609024	2.24749133983443	3.20544005224266	0.70114907881743	0.0298608908331457	93.3553280010226
310	2.18875483744557		3.54700575975265		0.888025283813477	2.1885068796209	3.14543393540026	0.695772642048009	0.0309670349410643	93.1178553756898
308	2.12546056279614		3.48125058423414		0.887133359909058	2.12521260497147	3.08394108254913	0.689122310733254	0.0322323011108535	92.8469621962673
306	2.05465431307907		3.4036772202863		0.887335538864136	2.0544063552544	3.01581031441	0.681212059471423	0.0335049753966819	92.5752779382363
304	1.99230436215633		3.33919832650097		0.888603985309601	1.99205640433166	2.96282521426313	0.672350294152299	0.0346900717687923	92.323004243102
302	1.9076840255804		3.24035312425922		0.891015827655792	1.90743606775573	2.8827942527993	0.66166222785533	0.0360712317407799	92.0298614622903
300	1.82891176027015		3.14899935265159		0.894482612609863	1.82866380244548	2.81229633493687	0.650238660744311	0.037420115630513	91.7444675156058
298	1.73710501014871		3.0338141358267		0.900495111942291	1.73685705232404	2.72747619716095	0.636800076983972	0.0388086672036497	91.4516051965342
296	1.64454761305762		2.91653529108047		0.909423410892487	1.64429965523295	2.64786266320967	0.620991291610183	0.0402870114721527	91.1408319384023
294	1.54695604850617		2.79020687361651		0.92107892036438	1.5467080906815	2.56544021586963	0.602901631117216	0.0419822513714352	90.78576314984
292	1.44657479890727		2.65396058509842		0.934718489646912	1.4463268410826	2.47607797749598	0.584120069815107	0.0434992544836353	90.4691990744508
290	1.33921074904331		2.50325271216546		0.948803901672363	1.33896279121864	2.37039814717768	0.564868308226143	0.0452302550144135	90.1093267720195
288	1.23022331051396		2.34569197060755		0.962523102760315	1.22997535268929	2.25301699307769	0.545923690974521	0.0467585303327428	89.7927907651356
286	1.11581190960394		2.17729650008901		0.97529125213623	1.11556395177927	2.11866929058013	0.526539916701112	0.0487679573417546	89.3782902566703
284	1.01343817344074		2.02512750655643		0.986907541751862	1.01319021561607	1.99372715447333	0.508189003366267	0.0504839998093726	89.0258236122297
282	0.91695869384578		1.87833081524847		0.996903836727142	0.91671073602111	1.86757924716056	0.490855066747429	0.0521946087363543	88.6758563667573
280	0.825980373896811		1.73758228065462		1.00535523891449	0.825732416072141	1.74190965444602	0.474038601235463	0.0540777534357797	88.2921813329972
278	0.744386125260443		1.60961727262102		1.00982344150543	0.744138167435773	1.62042933597124	0.459222843549521	0.0558530851061832	87.9319926424657
276	0.674059761405711		1.49777248241852		1.01022160053253	0.673811803581041	1.50808022525241	0.446801033723697	0.0575546523440981	87.5881488305863
274	0.610842297974234		1.3975371266789		1.00653350353241	0.610594340149564	1.40168431206058	0.435614734998313	0.0595246259502881	87.1917459247918
272	0.565006842835117		1.32687419818928		0.99854451417923	0.564758885010447	1.31999887895232	0.427848003521561	0.0613855059440513	86.8189429906435
270	0.527633223904865		1.26870240581919		0.988452672958374	0.527385266080195	1.24915817908838	0.422192541272133	0.0630309166847049	86.4906345373993
268	0.496435229034409		1.22255765197525		0.972882628440857	0.496187271209739	1.18458808837898	0.418869036484009	0.0648143499480549	86.1361884203102
266	0.468301775777684		1.18057346940375		0.953488886356354	0.468053817953014	1.12094269293972	0.41755374373825	0.0665862283359354	85.7854772393826
264	0.441972593448808		1.13965260622498		0.931065678596497	0.441724635624139	1.05648146107676	0.418109216203318	0.0682046121017082	85.4663954395578
262	0.416383866744415		1.09875584735519		0.906938552856445	0.416135908919745	0.992013532175666	0.419486121330506	0.069778497037883	85.1572254363265
260	0.387234945657275		1.04758983346052		0.883175373077393	0.386986987832605	0.920832694168474	0.42025765405958	0.0714667475862023	84.8268328913464
258	0.357357040503224		0.991596195073422		0.859192788600922	0.357109082678554	0.847718196652104	0.421259192133525	0.0731393902739526	84.5007589713801
256	0.327450622776045		0.933592121208515		0.834685504436493	0.327202664951375	0.775123049675422	0.422129963866239	0.0749625409174267	84.1467717398957
254	0.29733179355069		0.871971650263332		0.80953711271286	0.29708383572602	0.701885167876358	0.423265584347487	0.0769277941349141	83.766854144608
252	0.267425131682887		0.808124438299214		0.784095585346222	0.267177173858217	0.629764528340081	0.424249321508209	0.079349338071735	83.3010857253122
250	0.240551831619369		0.749742263849881		0.758817315101624	0.240303873794699	0.565160295305023	0.425195959077423	0.0819956595076152	82.7950438499983
248	0.213727315430167		0.688436825862423		0.735633492469788	0.213479357605498	0.502794859764361	0.424585401898393	0.0852701731364302	82.1731294632877
246	0.187500278486626		0.626924574826476		0.715051770210266	0.187252320661956	0.444743106081113	0.421034790874992	0.0897896709473928	81.3224265761822
244	0.162088509484162		0.565165464050304		0.697206974029541	0.161840551659492	0.390585236647298	0.41435399107426	0.0959544962582153	80.1762064599443
242	0.137873713133166		0.504119126403608		0.681808710098267	0.137625755308496	0.340336986043384	0.404380837088779	0.104601487378375	78.5956504757739
240	0.114897973364438		0.444258164728738		0.667849898338318	0.114650015539768	0.293391058858266	0.39077542439749	0.11695035848103	76.3923097916895
238	0.0923132362491765		0.38327211150563		0.657016694545746	0.0920652784245066	0.248563102737514	0.370389962993537	0.136347949405144	73.0553541790562
236	0.0732951590470318		0.329842236536019		0.649702370166779	0.0730472012223619	0.211082425045036	0.34606008153818	0.162132201068793	68.8442699588536
234	0.0546890535076696		0.274857951782581		0.645702123641968	0.0544410956829997	0.174279311689669	0.312378418041611	0.201161540176537	62.9272075277929
232	0.0387495739342146		0.225137541825004		0.644411623477936	0.0385016161095447	0.141890586983641	0.271347218501419	0.256641033796217	55.3807669948039
230	0.0252837010326993		0.179317648361851		0.644490897655487	0.0250357432080294	0.112377537799975	0.222782450106635	0.336533703891484	46.0751010223865
228	0.0152571265564672		0.140690866098899		0.646355271339417	0.0150091687317973	0.0877359975395155	0.171071956240507	0.444175114868829	35.9604307389677
226	0.00865293661474708		0.110696253906434		0.649210751056671	0.00840497879007717	0.0686507744676899	0.122430939129943	0.581558270801821	26.2084736683247
224	0.00462014887870982		0.0880250292121732		0.652522802352905	0.0043721910540399	0.0542075161780569	0.0806565465880866	0.754486965109315	17.6000148759655
222	0.00247281245197216		0.0720636124592404		0.655378818511963	0.00222485462730224	0.0439840016972505	0.0505832698583522	0.949214101567317	11.2405069488514
220	0.00128940166911844		0.0598968183031446		0.656985223293304	0.00104144384444852	0.0360984072949235	0.0288501328033655	1.18762836003209	6.4918972876923
218	7.02975651793099E-4		0.0508999568812696		0.657121121883392	4.55017827123184E-4	0.0301938466452511	0.0150698860091995	1.46473111663489	3.4298006898706
216	4.41259191657225E-4		0.0443623146191847		0.655903518199921	1.9330136698731E-4	0.0258498368055879	0.00747785637646753	1.7652625879333	1.71687000033915
214	3.39031504230014E-4		0.0396161112156032		0.654084265232086	9.10736795600988E-5	0.0226737211965119	0.00401670633464918	2.03282100212352	0.927211902292301
212	3.00295685521879E-4		0.0359873630993046		0.652615189552307	5.23378608519644E-5	0.0202546197950575	0.00258399621328542	2.2230744843103	0.598308972404977
210	2.9101343038624E-4		0.0329206897850661		0.652986526489258	4.3055605716325E-5	0.0182636482840561	0.00235744825166788	2.25990882908026	0.549656250424226
208	2.75482796521906E-4		0.0299510918850973		0.655270755290985	2.75249718519907E-5	0.0163816461585223	0.00168023235184282	2.39952970968741	0.398538507726846
206	2.61301707177325E-4		0.027255901847649		0.661797821521759	1.33438825074105E-5	0.0147611506964859	9.03986605230388E-4	2.65765523549897	0.2199605335693
204	2.61943100836262E-4		0.0247267534221623		0.668592393398285	1.39852761663466E-5	0.0132217316593775	0.0010577492061282	2.57618051316167	0.265350241263894
202	2.68584822535186E-4		0.0220767827582363		0.687935590744019	2.06269978652715E-5	0.011781243426258	0.00175083368698571	2.33283349954736	0.464693395909162
200	2.47204207386244E-4		0.0192925221625959		0.715800225734711	-7.53617283670777E-7	0.0102654649698514	-7.34128737357802E-5	--	-0.0210989074080271
