Wavelength	I1	I1 dark	R1	R1dark	XCorrect	I1c	R1c	I1c/R1c	Abs	Percent T
nm	uA	uA	uA	uA		uA	uA	uA/uA	OD	T*100
	Abs Detector Raw	Dark Offset for Abs Detector	Ref Detector Raw	Dark Offset for Ref Detector	Linear interp	Dark subtracted Abs Detector	Corrected Ref Detector	Corrected Intensity 	-Log(T)	% Transmittance
800	0.144817567246655	2.69496134634817E-4	0.213465698342895	0.00496016407415142	1.35067892074585	0.14454807111202	0.281624029995643	0.513266112676025	4.41378384167645E-4	99.8984204981651
798	0.153943134074205		0.22705119652622		1.34199333190918	0.15367363793957	0.298044684627501	0.51560603448316	3.96324337860643E-4	99.9087845753488
796	0.166406731131336		0.245097272465769		1.33337259292603	0.166137234996701	0.320192238873889	0.518867151749222	3.93362492098701E-4	99.9094659457819
794	0.166681882764453		0.245108704922694		1.32502686977386	0.166412386629818	0.318203269361305	0.522975100047966	5.00729406312357E-4	99.8847692350319
792	0.15654351591501		0.230431683001054		1.31713449954987	0.156274019780376	0.296976316244534	0.526217113056576	4.03388901594444E-4	99.9071593964321
790	0.151218338171396		0.22315489927769		1.30966234207153	0.150948842036761	0.285761427934344	0.528233789731213	5.34834349628662E-4	99.8769256386234
788	0.153742770343621		0.227000364922419		1.30193436145782	0.153473274208986	0.289081767109356	0.530899183797119	4.30276640749203E-4	99.9009742050477
786	0.157818672884708		0.233018144057919		1.29363858699799	0.157549176750073	0.295024602979816	0.534020468661901	4.81419974046339E-4	99.8892103715047
784	0.16295302268719		0.240499843399362		1.28498160839081	0.162683526552555	0.302664155979164	0.537505097114158	3.22521400223496E-4	99.9257642715288
782	0.171128142054548		0.252443988935742		1.27644824981689	0.170858645919913	0.315900295102568	0.54086257141494	2.92638184961915E-4	99.9326402646293
780	0.18308355010309		0.270045921009573		1.268270611763	0.182814053968455	0.336200475118145	0.543765007780587	3.80727932820129E-4	99.9123725690167
778	0.199104252782605		0.293399510546383		1.26044166088104	0.19883475664797	0.363560968930903	0.546908974394773	4.51550100516154E-4	99.8960807804395
776	0.219375649910772		0.322789467093986		1.25292003154755	0.219106153776137	0.398214700366346	0.550221158522188	3.59221872209783E-4	99.9173203057079
774	0.262462853336626		0.385847105391825		1.24577045440674	0.262193357201991	0.474497697962911	0.552570346131554	3.68100695274977E-4	99.9152775923495
772	0.353624965017648		0.519406818603264		1.23883104324341	0.353355468883014	0.637312485723381	0.554446173264498	2.83930802136796E-4	99.9346438831758
770	0.437540487448452		0.640343437687896		1.23221707344055	0.437270991313817	0.782930117925406	0.558505773762402	4.46972687826867E-4	99.8971336789141
768	0.431957415571347		0.629221860278722		1.22665858268738	0.431687919436712	0.765755967492317	0.563740849255664	5.26281140598481E-4	99.8788926832674
766	0.369217924550069		0.536977752065769		1.22236526012421	0.368948428415434	0.650319817336026	0.5673338234206	3.26373880901983E-4	99.9248778675225
764	0.32793653586004		0.478967432778523		1.2186872959137	0.327667039725406	0.577666636540768	0.56722514162765	4.29574800665546E-4	99.9011356497993
762	0.329418208522577		0.481586883146475		1.214359998703	0.329148712387942	0.578796421954483	0.568677863067071	4.05463143035661E-4	99.9066822292471
760	0.347351805252676		0.507716306565016		1.20898902416229	0.347082309118041	0.607826658101629	0.571021860413382	2.83428535183473E-4	99.9347594588975
758	0.370085009812717		0.540590296301822		1.2031888961792	0.369815513678082	0.644464227555329	0.57383404363795	4.38813573902617E-4	99.899010469398
756	0.397050448547742		0.579230509160119		1.19780671596527	0.396780952413107	0.687864876123665	0.576829790538358	2.95821126690472E-4	99.9319078615747
754	0.420205560149555		0.612264253840134		1.1931779384613	0.41993606401492	0.724621841846093	0.579524435731973	4.75054720044189E-4	99.8906744123389
752	0.447750890850036		0.651649364156392		1.18890511989594	0.447481394715401	0.768852100959182	0.582012319608863	3.32898095608083E-4	99.9233767513719
750	0.488957006408041		0.710952774258782		1.1848680973053	0.488687510273406	0.836508120741064	0.584199361795169	2.75302371193973E-4	99.9366293740703
748	0.540885335668319		0.785480105503955		1.18107759952545	0.540615839533684	0.921854618805658	0.586443706529451	3.68014704389866E-4	99.9152973757093
746	0.595592781738781		0.863015351470994		1.17750906944275	0.595323285604146	1.01036776524218	0.589214448524543	4.22911271288551E-4	99.90266847899
744	0.642523087032214		0.928834018810535		1.174187541008	0.642253590897579	1.08480116969449	0.592047288332528	2.94525414937558E-4	99.9322060075241
742	0.712814763081909		1.02846417435726		1.17108881473541	0.712545266947274	1.19861409827938	0.594474291575693	4.3267557192028E-4	99.9004223792495
740	0.819100855796859		1.17899857316981		1.16803753376007	0.818831359662224	1.37132092789969	0.597111400404529	4.52335223659828E-4	99.8959001871845
738	0.923697507600591		1.32506584706126		1.16498303413391	0.923428011465956	1.53790072394374	0.600447088091585	5.37332873395591E-4	99.8763510419729
736	0.982280776104297		1.40424174548756		1.16204738616943	0.982011279969662	1.62603150419648	0.603931275276816	4.99321144086601E-4	99.8850931262655
734	0.999485280430082		1.42608729898914		1.15931880474091	0.999215784295447	1.64753941143451	0.606489761252772	5.19706090450684E-4	99.8804048224417
732	0.997421562786961		1.42336826518652		1.15665113925934	0.997152066652326	1.6406033460863	0.607795948381464	4.88072993241188E-4	99.8876801661455
730	1.00158885097832		1.43111559944512		1.15388596057892	1.00131935484368	1.64562073447787	0.608475169195886	4.39441622037081E-4	99.8988660021197
728	1.01003954369357		1.44655193513783		1.15089321136475	1.00977004755894	1.65911818287647	0.608618516740179	2.96114386157807E-4	99.9318403820892
726	1.02475320177687		1.4720636095354		1.1476241350174	1.02448370564224	1.68368332257851	0.60847767029804	4.36479131860424E-4	99.8995474531418
724	1.04013339275545		1.49732111828458		1.14410185813904	1.03986389662082	1.7074129407263	0.609028941867152	2.98326271490558E-4	99.9313314251065
722	1.03294410597998		1.48928660293582		1.14027833938599	1.03267460984535	1.6925452868119	0.610131154475934	4.26130147454734E-4	99.9019280295019
720	0.986277854030219		1.42250457500443		1.13600122928619	0.986008357895585	1.61033219338457	0.61230121458555	4.58512790142332E-4	99.8944792407957
718	0.897396103897092		1.29407360322757		1.13137769699097	0.897126607762457	1.4584741939495	0.615113117176976	5.26383713762091E-4	99.8788690935299
716	0.764887042231748		1.10307294938872		1.12621939182281	0.764617546097113	1.23671591322984	0.618264500292731	6.41203571682895E-4	99.8524663594623
714	0.632905894993006		0.914107462472895		1.12039887905121	0.632636398858371	1.01860761401839	0.621079589580754	6.13521219644108E-4	99.8588312554893
712	0.519642487547635		0.753992729225963		1.11375534534454	0.519372991413	0.834239023274965	0.622570962185515	6.88951045333717E-4	99.841488921047
710	0.434378404026028		0.634826143398418		1.10628998279572	0.434108907891393	0.69681442343025	0.62299070354253	6.8082052817372E-4	99.8433580917858
708	0.372986209141945		0.550063799376761		1.09837675094604	0.37271671300731	0.598729159872558	0.622513045943252	5.33317124995678E-4	99.8772745631501
706	0.326521499854952		0.487107825812402		1.09038031101227	0.326252003720318	0.525724317359992	0.620576208760218	6.12692927203581E-4	99.8590217078146
704	0.294248639266135		0.444344895685423		1.0826700925827	0.2939791431315	0.475708708053001	0.617981420467809	8.60278576341786E-4	99.802109599184
702	0.280568727516598		0.428188384824688		1.07555782794952	0.280299231381963	0.455206425837389	0.615762905513318	6.76767384227444E-4	99.8442899051237
700	0.279252045087777		0.429417271233352		1.0694442987442	0.278982548953142	0.453933233312864	0.614589389979428	6.47975493394549E-4	99.850909379484
698	0.294943181194512		0.455064364331555		1.0649927854538	0.294673685059877	0.479357725976586	0.614726057579534	5.05977496506734E-4	99.8835622173686
696	0.320116658266775		0.494060514383253		1.06259047985077	0.319847162132141	0.519713375930128	0.615429921463368	8.18677212603759E-4	99.8116701690265
694	0.347448768753265		0.535222295529814		1.06203079223633	0.34717927261863	0.563154711562782	0.616490043482351	8.65299336041483E-4	99.800955820966
692	0.367774955805834		0.565447927122906		1.06277585029602	0.3675054596712	0.595672858954654	0.616958543849278	8.28524995818527E-4	99.80940692925
690	0.382801167293644		0.587906703888634		1.06392598152161	0.382531671159009	0.620211969546747	0.61677569918324	7.48484625332288E-4	99.8278034745714
688	0.391237733422043		0.600972675210936		1.06461536884308	0.390968237287408	0.634524079378978	0.61615981172859	9.73736485647872E-4	99.7760400537286
686	0.392606463580148		0.602912885164121		1.0645604133606	0.392336967445513	0.636556795933631	0.616342437865386	7.63373698345707E-4	99.8243811009551
684	0.387836498999598		0.595976869872012		1.06376242637634	0.387567002864963	0.628701364988485	0.61645643615242	8.82128365308059E-4	99.797088581719
682	0.385126347338064		0.592312740247981		1.06245732307434	0.384856851203429	0.624037045782465	0.616721160713891	8.35105349998823E-4	99.8078946459957
680	0.392925460771256		0.604920191064304		1.06094348430634	0.392655964636621	0.636523681479455	0.616875657672282	8.91178795862831E-4	99.7950088932902
678	0.399779719471895		0.615974155253533		1.05921316146851	0.39951022333726	0.647194061298602	0.61729587341336	0.00103291474247104	99.762445200236
676	0.407779653827136		0.628622957388049		1.05730748176575	0.407510157692501	0.659403337469709	0.617998324449216	0.00100054461623631	99.7698812682289
674	0.414158379997937		0.638791704295659		1.05524814128876	0.413888883863302	0.668849554708936	0.61880714571667	9.40989962131391E-4	99.7835636161082
672	0.420494570768517		0.649089270477656		1.05312037467957	0.420225074633882	0.678345485877673	0.619485326256984	9.73210143411947E-4	99.7761609771527
670	0.425070478648182		0.656716997192783		1.0509113073349	0.424800982513547	0.684938625557155	0.620202988505719	0.0011009701883594	99.7468133051919
668	0.428719837764459		0.662752513526088		1.0485315322876	0.428450341629824	0.689716020097898	0.621198187580173	0.00103557502690321	99.7618341041293
666	0.432670484721329		0.669182918163479		1.04595601558685	0.432400988586695	0.694747785329399	0.622385558784734	9.70963278825396E-4	99.7766771801254
664	0.436662913294244		0.675992448775918		1.04322910308838	0.436393417159609	0.70004040851277	0.623383181674788	9.59339538680152E-4	99.7793477037841
662	0.443093478148919		0.686352649235009		1.04042720794678	0.442823982014285	0.708939280851827	0.624628926587632	0.00105656520306498	99.7570125649286
660	0.451349024685756		0.699476086682571		1.03775990009308	0.451079528551121	0.720740774459165	0.62585543171136	0.0011240364286811	99.7415156950118
658	0.463313651713143		0.718321472349456		1.03528940677643	0.463044155578508	0.738535405661596	0.626976245185839	9.63441550246289E-4	99.7784052692784
656	0.479054153054056		0.743079971396033		1.03309750556946	0.478784656919421	0.762549731755645	0.627873353016725	0.00111305982650243	99.7440366498473
654	0.497534466090564		0.772122315945513		1.03115320205688	0.497264969955929	0.791061709399005	0.628604524840062	0.00121001940133697	99.7217705141005
652	0.510560232029726		0.792299719124166		1.02945709228516	0.510290735895091	0.810532288982876	0.629574839683989	0.0010886996035811	99.7496315980117
650	0.515808129347624		0.800761739964376		1.02793705463409	0.515538633212989	0.818033927993768	0.630216688539251	0.00120282725710636	99.7234219725581
648	0.515919565809581		0.801330225985054		1.02666783332825	0.515650069674946	0.817607525989548	0.630681657499246	0.00118066152513999	99.7285118347233
646	0.519407464050038		0.807264877145423		1.02560043334961	0.519137967915404	0.82284406140433	0.630906865912604	0.00124973136788087	99.7126523541271
644	0.528351293360004		0.821708729321594		1.02465677261353	0.528081797225369	0.836886948903172	0.63100732771311	0.00128554407083806	99.7044302087442
642	0.538358872360543		0.837786025705107		1.02378344535828	0.538089376225908	0.852633330004014	0.631091182212376	0.00127135329960095	99.7076881499238
640	0.553403403550428		0.86139073599897		1.02288675308228	0.553133907415793	0.876031486956574	0.631408705795997	0.00134949095614753	99.6897504956542
638	0.570305381021953		0.887895398979		1.02184903621674	0.570035884887319	0.902226518829317	0.631810164067188	0.00128860808812034	99.7037267804661
636	0.582929444081862		0.908098815341143		1.02063095569611	0.582659947947227	0.921771264768722	0.632109038562208	0.00132710448620325	99.6948893109413
634	0.599656732833382		0.934338964162074		1.01923584938049	0.599387236698747	0.947256190703837	0.63276148794909	0.00142405911171862	99.6726352823822
632	0.61167824004853		0.953368891149022		1.0177036523819	0.611408743913895	0.965199025494962	0.633453544568552	0.00140803214629292	99.6763136145329
630	0.625546103457472		0.975278906930614		1.01619136333466	0.625276607322838	0.986029526172478	0.63413578470617	0.00139667423797102	99.6789204384347
628	0.644057266713584		1.00447417811523		1.01451146602631	0.643787770578949	1.01401842769865	0.634887644044151	0.00144355908408878	99.6681600470725
626	0.658234790460644		1.02686821183922		1.01275491714478	0.657965294326009	1.03494240024389	0.635750640973793	0.0014783287377122	99.6601809250044
624	0.673137558345431		1.05035841255102		1.01092803478241	0.672868062210797	1.0568223968977	0.63668982052803	0.00155167839331655	99.6433503573196
622	0.682894473589648		1.06588854859736		1.0092089176178	0.682624977455013	1.07069838661467	0.637551140441458	0.00160072668221439	99.6320974861309
620	0.692352019023049		1.08086020991449		1.00772297382355	0.692082522888414	1.08420919373112	0.638329325087836	0.00153713744063566	99.6466866499947
618	0.70015328394549		1.09334782735727		1.0068142414093	0.699883787810855	1.09580419956764	0.638694201105455	0.00159363357310778	99.6337247393855
616	0.709149037388548		1.10775186324942		1.00664889812469	0.708879541253914	1.11012404883585	0.638558854748975	0.00161191061772768	99.6295317970594
614	0.716250772284488		1.11905583964468		1.00700271129608	0.715981276149853	1.12189736594277	0.638187857360901	0.0015343119310104	99.6473349510897
612	0.726739640955955		1.13571968540329		1.00780045986176	0.72647014482132	1.13957996558857	0.637489396758668	0.00170824550362623	99.6074344977201
610	0.735021620292979		1.14895380247688		1.00835275650024	0.734752124158344	1.15354913870213	0.636949133337327	0.00170003745757981	99.6093170685771
608	0.747897580019361		1.16959854421567		1.0085117816925	0.747628083884726	1.174551527784	0.636522167141751	0.00186340610383234	99.571854057581
606	0.762970292666653		1.19304573497892		1.00798010826111	0.762700796532019	1.19756662238405	0.636875462522224	0.00173486268346398	99.6013299123214
604	0.777851234379653		1.21644822206802		1.00688087940216	0.777581738245018	1.21982416121809	0.637453956862557	0.00190708530272153	99.5618401147514
602	0.794041770813982		1.24164061851277		1.00539457798004	0.793772274679347	1.24335182358648	0.638413246855335	0.00185013965905295	99.5748957372121
600	0.812774108690792		1.27095978801232		1.00393652915955	0.812504612556157	1.27098326837377	0.639272469413197	0.00191002410456742	99.5611663978572
598	0.83141708804745		1.29989957518916		1.00287997722626	0.831147591912815	1.2986688071284	0.639999657611426	0.00196549935192205	99.5484496173725
596	0.855170399109763		1.33682853774912		1.00218975543976	0.854900902975128	1.33478483969126	0.640478433342761	0.00197128743008607	99.5471228900207
594	0.872804427664789		1.36419878910459		1.00178515911102	0.872534931530155	1.36166508224597	0.640785273050382	0.00203032214424822	99.5335921250931
592	0.8913880671169		1.39309560600573		1.00154709815979	0.891118570982265	1.39028302371933	0.640961988155703	0.00201563409833587	99.5369584554384
590	0.910746727928219		1.42328840373665		1.00122630596161	0.910477231793584	1.42006754403831	0.641150652034773	0.00217151910720353	99.5012372203575
588	0.925750104638287		1.44646996034568		1.00070452690125	0.925480608503653	1.44252537870141	0.641569723602914	0.0021646416647468	99.5028129241259
586	0.941749491171037		1.47134034446261		0.999973237514496	0.941479995036402	1.46634093641014	0.642060772947737	0.00221020213202202	99.4923749446969
584	0.954465523529894		1.49111500716436		0.999053955078125	0.954196027395259	1.48474887384778	0.642664927518972	0.00232708260236646	99.46560244032
582	0.968719734898718		1.5129101074801		0.998229086399078	0.968450238764083	1.50527949434166	0.643369050335491	0.00224447194916312	99.4845243937041
580	0.983431958655849		1.53574128872432		0.997582137584686	0.983162462521214	1.52707990650281	0.643818609841297	0.00232606968779341	99.465834426403
578	1.00223843441078		1.56478644852037		0.997147619724274	1.00196893827615	1.55537706671891	0.64419680585224	0.0023292686492795	99.4651017755983
576	1.01636292471079		1.58668459296412		0.996688485145569	1.01609342857615	1.57648652494808	0.64453036070804	0.00244821989299016	99.4378624762134
574	1.03782985882911		1.61967384301541		0.996220171451569	1.03756036269448	1.60861033808005	0.645004161749234	0.00247615671224608	99.4314661521533
572	1.05589369695273		1.64750803327284		0.9957315325737	1.0556242008181	1.63553670712288	0.645429843439637	0.00253629811916433	99.4176977657683
570	1.07419120206761		1.67555497529944		0.995352268218994	1.07392170593297	1.66283033462797	0.645839616687797	0.00254714260909491	99.4152153009738
568	1.09577753010635		1.70865498737421		0.995181918144226	1.09550803397172	1.69548628218414	0.646132053961813	0.00255148275827311	99.4142217937409
566	1.11736713725885		1.74175341558668		0.995282471179962	1.11709764112422	1.72859987929407	0.646244197113111	0.00266475737052717	99.3882955169009
564	1.14096162416409		1.77831456046012		0.995623111724854	1.14069212802945	1.76559262232075	0.646067565988178	0.00280371897202025	99.3564992405456
562	1.16974474325074		1.82217335545089		0.996170461177826	1.1694752471161	1.81025410291219	0.646028226222353	0.00274351750758143	99.3702728931996
560	1.19735771005934		1.86437914446681		0.99668163061142	1.19708821392471	1.85324874136758	0.645940389546054	0.00283984494780442	99.3482347993599
558	1.22794637723448		1.911161174004		0.997178435325623	1.22767688109985	1.90082254049797	0.645866121083678	0.00297518002952393	99.3172806718336
556	1.26009403488191		1.9601513898727		0.997675478458405	1.25982453874727	1.95064634167624	0.64584979441464	0.0029679275935276	99.3189392198135
554	1.28902752323065		2.00401744041763		0.99818366765976	1.28875802709601	1.99542632396247	0.645855981561288	0.00300295627854503	99.3109288220663
552	1.31737824638397		2.04670838873338		0.998678505420685	1.31710875024933	2.03905006544801	0.645942329993717	0.00304203331725634	99.3019934047762
550	1.34471488415315		2.08803315968642		0.999059557914734	1.34444538801852	2.08111398610051	0.646021984859019	0.00318535442357885	99.2692282556668
548	1.37690056212513		2.1364185095297		0.999196529388428	1.3766310659905	2.12974578131518	0.646382811539311	0.00325088422591295	99.2542508556971
546	1.40525133563245		2.17853241317001		0.99907249212265	1.40498183949782	2.17155624371284	0.646993069401526	0.00320250168918525	99.2653088823133
544	1.42820111123655		2.21263606293609		0.998806416988373	1.42793161510191	2.20504085441387	0.647576035719971	0.00340214685852616	99.2196871077002
542	1.45028517181725		2.24506649493541		0.998482644557953	1.45001567568262	2.23670729332936	0.648281373252132	0.00350473141451829	99.1962532259743
540	1.47067290061762		2.27431850897868		0.99831360578537	1.47040340448299	2.26553131212076	0.64903247932007	0.00342467126213016	99.2145412759728
538	1.49542651685172		2.31033158256525		0.998360693454742	1.49515702071708	2.30159220803551	0.649618562096737	0.00351783087087589	99.1932612529067
536	1.51033609473404		2.33182207320203		0.998661279678345	1.5100665985994	2.32374689180444	0.649841255915269	0.00371215496440365	99.1488873784918
534	1.53609547573462		2.36866657989074		0.999168038368225	1.53582597959999	2.36173990276985	0.650294292694454	0.00368468805317963	99.1551582382902
532	1.55327490987008		2.39303388936369		0.999805629253387	1.55300541373545	2.38760955361659	0.650443625249806	0.003808826064186	99.1268199433683
530	1.57078465864045		2.41737407481331		1.0004802942276	1.57051516250581	2.41357257921507	0.650701444004874	0.00388975557740623	99.1083496698534
528	1.59188742650046		2.4471059472531		1.00102841854095	1.59161793036583	2.44465733118208	0.651059725248372	0.00404608295740121	99.0726813361555
526	1.61715093500547		2.48259911117377		1.0014044046402	1.61688143887083	2.48111855473366	0.651674397334229	0.00405025046646926	99.0717306348825
524	1.63782458604591		2.51145228488661		1.00163662433624	1.63755508991127	2.51059430681598	0.652257947636342	0.00411995455038494	99.0558309392568
522	1.66806635533425		2.55445686235149		1.00181710720062	1.66779685919961	2.55412940708574	0.652980563386006	0.00425547544761975	99.0249255481629
520	1.69793641899663		2.59654434997628		1.0020604133606	1.697666922862	2.59692392058387	0.653722240149532	0.00438056290656677	98.9964080487497
518	1.73143855814499		2.64444074871068		1.00242054462433	1.73116906201035	2.64586956517669	0.654291158111095	0.004389136868914	98.9944536534442
516	1.77236128594778		2.70293264300821		1.00289297103882	1.77209178981314	2.70577763517914	0.654928833313318	0.00454418101406401	98.9591187098064
514	1.81771940801995		2.7675281505626		1.00349617004395	1.81744991188532	2.77222639392717	0.655592168037438	0.0045512908585513	98.9574986611648
512	1.86857438218198		2.8408842904062		1.00418245792389	1.86830488604735	2.84778525966577	0.656055395927788	0.00469060944539396	98.9257588892887
510	1.92979632865366		2.92901494190952		1.00497353076935	1.92952683251903	2.93859765424419	0.656614841345235	0.00485270083576379	98.8888437948673
508	2.00687487906588		3.04115412603174		1.00580215454102	2.00660538293125	3.05381042854137	0.657082497386615	0.00494715812810161	98.8673382102927
506	2.08943539051577		3.16017855182567		1.00663805007935	2.08916589438114	3.17616288542069	0.657764091372922	0.00506095403412682	98.8414359137067
504	2.17761009872057		3.28731423247001		1.00742840766907	2.17734060258594	3.30673673253012	0.65845598809433	0.00517314514933127	98.8159055439148
502	2.26948094796285		3.4196827133864		1.00814700126648	2.26921145182822	3.44254229824618	0.659167340655271	0.00530923420338454	98.7849457760191
500	2.39747109637721		3.60525567407067		1.00866842269897	2.39720160024257	3.63150439331839	0.660112543069806	0.00541691154800599	98.7604564431695
498	2.57078492625109		3.85893881514685		1.00904226303101	2.57051543011645	3.88882733975158	0.661000143627015	0.00546477313740101	98.7495731090262
496	2.77470214955737		4.15650202196566		1.00876116752625	2.77443265342273	4.18791421160071	0.662485550859048	0.00567174726373371	98.7025226905313
494	2.97489328645276		4.44331257990165		1.00816118717194	2.97462379031812	4.47457464062808	0.664783589329193	0.00575256088647002	98.6841578098457
492	3.03888106695879		4.52737991355011		1.00794267654419	3.03861157082416	4.5583398667431	0.666604873628088	0.00584468671651749	98.663226400091
490	3.07701126700174		4.57305686649259		1.00791668891907	3.07674177086711	4.6042609029637	0.668237929107503	0.00605472415353636	98.6155215321812
488	3.18065317332589		4.71713285468642		1.00887954235077	3.18038367719126	4.7540146275827	0.668989039019513	0.00612379505016456	98.5998388073177
486	3.38749682484314		5.01294517039895		1.00954282283783	3.3872273287085	5.05577532001466	0.669971886467985	0.00637742452630659	98.5422729721545
484	3.58083228549639		5.28319940515891		1.01009511947632	3.58056278936175	5.3315236968481	0.671583395845829	0.00652741972941719	98.5082446418967
482	3.66587297119174		5.38986118451786		1.01073944568634	3.6656034750571	5.44273187247909	0.673485955387964	0.00652995955244549	98.5076685517388
480	3.64846598883942		5.34898164366559		1.01162850856781	3.64819649270478	5.40616447915343	0.674821586870414	0.00674891275601544	98.4580176019107
478	3.73836813691769		5.46769603528107		1.0127238035202	3.73809864078305	5.53224264911492	0.675693182290385	0.00694185724571673	98.4142852647858
476	4.00633752061256		5.84557990828284		1.01399922370911	4.00606802447792	5.92238388660769	0.676428293264957	0.00698534179095003	98.4044318441733
474	4.46897244308037		6.50413293299514		1.01552999019623	4.46870294694573	6.60010485830593	0.677065447122719	0.00716229988143711	98.3643440376081
472	5.00214487747335		7.26257316433956		1.01726651191711	5.00187538133872	7.3829266616243	0.677492220983036	0.00743687316864281	98.3021749644824
470	5.44334630393305		7.88345529076489		1.01911818981171	5.44307680779842	8.02911769195342	0.677917178029827	0.00765276169770389	98.2533209290506
468	5.61509550978975		8.10189796567329		1.02110064029694	5.61482601365511	8.26778837365734	0.679120674102515	0.00793460446043651	98.1895784572416
466	5.44721905782383		7.8216407646447		1.02326714992523	5.4469495616892	7.99855248002168	0.680991913886203	0.00799001987859858	98.1770503924267
464	5.252887674323		7.52030106858317		1.02553856372833	5.25261817818836	7.70727191713897	0.681514579303723	0.00824414921784099	98.1196184615519
462	5.08495010175186		7.26645299830844		1.027627825737	5.08468060561722	7.46211209284898	0.681399654997132	0.00827286858367699	98.1131301450651
460	4.95443557590618		7.07355948101279		1.02919805049896	4.95416607977154	7.27498863675155	0.68098609181934	0.00833186524454104	98.0998028886389
458	4.74829002008927		6.78570950657705		1.03004312515259	4.74802052395463	6.98446424362804	0.679797384357186	0.00875090354356618	98.0051948499329
456	4.5820064636248		6.560368699372		1.03006207942963	4.58173696749016	6.75247774737962	0.678526777710324	0.00887761189081598	97.9766053434435
454	4.43513388120386		6.3747802357581		1.02918720245361	4.43486438506923	6.55573729970928	0.676485982021563	0.00919124290124411	97.9058758955618
452	4.25850247321824		6.14559222397858		1.02735614776611	4.2582329770836	6.30861609791251	0.674986860984081	0.00938531393126692	97.8621349542627
450	3.98981379020983		5.78058663461676		1.02460694313049	3.9895442940752	5.91774698264622	0.674166081411478	0.00976460049213614	97.7767053882636
448	3.62731985855282		5.27894377773451		1.02102768421173	3.62705036241818	5.38488327562625	0.673561556818772	0.00996369351582524	97.7318920199669
446	3.34319114875064		4.88867600585644		1.01675081253052	3.34292165261601	4.9655220503003	0.673226625267697	0.0103439505353705	97.6463579533735
444	3.2074711663828		4.70701725414091		1.0121191740036	3.20720167024816	4.75904213811614	0.67391747691432	0.0107102111615563	97.5640429776777
442	3.15458026083242		4.63650112893439		1.00782012939453	3.15431076469778	4.66776021450152	0.675765382055865	0.0112643061295054	97.4396451874809
440	3.12346318332004		4.59046328732148		1.0045450925827	3.1231936871854	4.60634465948076	0.678019974201727	0.0113955436775082	97.410204776183
438	3.07829064932085		4.52080156884983		1.00285410881042	3.07802115318622	4.52873010751553	0.679665398491769	0.0118300150054395	97.3128036342018
436	3.04862512209564		4.46919934737634		1.00277864933014	3.048355625961	4.47664373851845	0.680946665407389	0.0122242753288749	97.2245014121655
434	3.03467764900684		4.43729159603899		1.00421047210693	3.0344081528722	4.45099363982781	0.681737247548525	0.0125290633493414	97.156293159895
432	3.03978339849816		4.43216143248527		1.00665414333344	3.03951390236352	4.45666050021709	0.682016030212636	0.0128723531794699	97.0795259194127
430	3.05671701659456		4.44409907892194		1.00962591171265	3.05644752045992	4.48186967412229	0.681958143073065	0.0132896100156673	96.9862996759912
428	3.05785009764472		4.43757938900659		1.01240730285645	3.05758060151008	4.48761607410348	0.681337385155194	0.0136704736343809	96.90128279847
426	3.03508552254037		4.40518839792508		1.01423370838165	3.03481602640573	4.46285979934428	0.680015990386172	0.0140529914374042	96.8159716825233
424	3.01396521012476		4.38482735064316		1.01462960243225	3.01369571399012	4.44394290221457	0.678158063751965	0.0144959943595453	96.7172647159436
422	2.98542528103958		4.36162937710304		1.01337480545044	2.98515578490494	4.41493881616507	0.676148845817512	0.0148118069422079	96.646958904208
420	3.33343128550839		4.89648103512213		1.01114857196808	3.33316178937376	4.94605434351221	0.673903187850311	0.0154410613752024	96.5070273762716
418	3.12644781465577		4.62571459333296		1.0079870223999	3.12617831852113	4.65766049838975	0.671190680300103	0.0158944977560234	96.4063193021092
416	2.94056035201963		4.38422735064556		1.00422537326813	2.940290855885	4.39777122507553	0.668586587478638	0.0163389977992638	96.3076979920168
414	2.80039653422032		4.20628490750892		1	2.80012703808569	4.20132474343477	0.66648669386039	0.0169010355032215	96.1831429956832
412	2.67172824860164		4.04180752779505		0.995681941509247	2.67145875246701	4.01941602068611	0.664638529258536	0.0175417867199437	96.0413405384815
410	2.57352732125966		3.91725721090991		0.991583049297333	2.57325782512503	3.87936743545835	0.663318921947127	0.0180923023211883	95.9196747978074
408	2.48753375470874		3.80590661321032		0.988153755664825	2.48726425857411	3.75591950879478	0.662225122969217	0.0186179048558922	95.803658751122
406	2.42618448737576		3.72723368871999		0.985654711723328	2.42591499124112	3.66887643789017	0.661214688559033	0.0192279128283094	95.6691878464822
404	2.40387341568756		3.70402470443773		0.98426741361618	2.40360391955293	3.64086868794298	0.660173196444202	0.0198345804198352	95.5356404970796
402	2.42772335455711		3.74724416227284		0.984128773212433	2.42745385842247	3.6828893601598	0.659116693724719	0.0204678345485272	95.3964394347445
400	2.46056911858602		3.80005679633916		0.985299050807953	2.46029962245138	3.73930510949517	0.657956371680924	0.0211776849600305	95.2406421746595
398	2.5048681784676		3.86621014080139		0.987817049026489	2.50459868233297	3.8142085575643	0.656649641605432	0.0218622371845103	95.0906383409498
396	2.52170213836128		3.88777499667225		0.991658091545105	2.52143264222664	3.85042474671726	0.654845324370079	0.0225761002461166	94.9344633537145
394	2.52477005827089		3.88538666660367		0.996615350246429	2.52450056213626	3.86729261792398	0.652782401423621	0.0232928532794494	94.7779141723934
392	2.52587640592272		3.8789929898714		1.0025714635849	2.52560690978809	3.8839947601355	0.650260122827761	0.0240279469128713	94.6176272826395
390	2.5298481832506		3.87599727455134		1.0093150138855	2.52957868711597	3.90709587491256	0.647431946412775	0.0248468111166048	94.4393934029908
388	2.55839006546077		3.91080324365055		1.01699423789978	2.55812056932614	3.97221990606993	0.64400275659892	0.0256145311514408	94.2725965131133
386	2.5805302997473		3.93624352675202		1.02549052238464	2.58026080361267	4.03149382923458	0.640025983644518	0.0264524404322883	94.0908863279021
384	2.60936331965162		3.97294826293348		1.03449034690857	2.60909382351699	4.10484538491806	0.635613178782146	0.0273414687374724	93.8984733334772
382	2.63270905930443		4.00276772082214		1.04369103908539	2.6324395631698	4.17247592296572	0.630905872621239	0.0281622770600361	93.7211746006163
380	2.63887701582276		4.00881728134484		1.0526317358017	2.63860751968812	4.21458706725462	0.626065490540905	0.0291194505596847	93.514843079925
378	2.63956550458954		4.00784474716904		1.06117713451386	2.6392960084549	4.24776959167832	0.621336904342804	0.0299894763589983	93.3276915296201
376	2.63677777266708		4.00335130236277		1.06922745704651	2.63650827653245	4.27518958906964	0.616699732632489	0.0310031562287003	93.1101108679756
374	2.63025805833766		3.99413576284881		1.07646524906158	2.62998856220303	4.29420890448536	0.612450074204813	0.0319555945604176	92.9061375943886
372	2.62969798753912		3.99628766713709		1.08239138126373	2.62942849140449	4.32017848911622	0.608638855553949	0.0331274283665346	92.6557917816922
370	2.63318191086504		4.00488780138007		1.08660447597504	2.63291241473041	4.34633927427287	0.60577701108501	0.0341868590561855	92.4300399919134
368	2.64372120525652		4.02575182717561		1.08728444576263	2.64345170912189	4.37174423494229	0.604667511880824	0.0352912975461269	92.1952831486894
366	2.65109611977784		4.0432706137267		1.08414971828461	2.6508266236432	4.3781331363366	0.605469623945991	0.0365006665414027	91.938906375371
364	2.67633778227463		4.08859597975653		1.07767069339752	2.67606828614	4.40081464106938	0.608084753483215	0.0377038796063209	91.6845421131797
362	2.69289322654442		4.12136713441074		1.06871128082275	2.69262373040978	4.39925056565612	0.612064189166773	0.0389222972709385	91.4276806634059
360	2.73126269660594		4.18850469517762		1.05907070636749	2.73099320047131	4.43066946167562	0.616383872481087	0.0402463894091161	91.1493572637977
358	2.75733492550567		4.23776742691437		1.04836678504944	2.75706542937104	4.43753454187772	0.62130568299856	0.041572884408489	90.8713783601524
356	2.78716953232005		4.29345381585202		1.03684234619141	2.78690003618542	4.44649181953632	0.626763783515976	0.0429510921117073	90.5834605333158
354	2.81637303562133		4.34896437471224		1.02479386329651	2.81610353948669	4.45170885719611	0.632589333629604	0.0442616242050925	90.3105268374778
352	2.83458415615403		4.38913445511813		1.01273274421692	2.83431466001939	4.43999686089424	0.638359608985973	0.0457146041003371	90.0088879140162
350	2.84958747640658		4.42552534852741		1.00126516819	2.84931798027194	4.42615794290646	0.643745211315465	0.0472356661670897	89.6941944584779
348	2.85982649003754		4.45661115162585		0.990810453891754	2.85955699390291	4.41074233554378	0.648316491049429	0.0488013128585091	89.3714259176121
346	2.85909636308733		4.47100166670507		0.981342911720276	2.8588268669527	4.38271817205542	0.652295391745884	0.0503856497603226	89.0459866259523
344	2.86511185378595		4.497085321386		0.972720801830292	2.86484235765132	4.36958358494241	0.655632808472544	0.0520023332731507	88.7151245751883
342	2.85817324297384		4.5051780703771		0.964752793312073	2.8579037468392	4.34159779561878	0.658260825017735	0.053772047281319	88.3543533531795
340	2.84653553550081		4.50736533843477		0.957048177719116	2.84626603936617	4.30901866747495	0.660536947971511	0.0555230085646483	87.9988489385537
338	2.83945070886896		4.51881107813513		0.950148642063141	2.83918121273432	4.28882931647051	0.661994451919767	0.057285921985624	87.6423629165316
336	2.81114140722426		4.49848861727883		0.944044172763824	2.81087191108963	4.24208935139632	0.662614970654592	0.0590862873803588	87.2797940142848
334	2.7649490856315		4.45401937917527		0.938558220863342	2.76467958949686	4.17570110144097	0.662087520714261	0.0609565002339773	86.9047470384069
332	2.71533761122036		4.40802350533563		0.933434963226318	2.71506811508572	4.10997326803355	0.660604811277706	0.0628730460539033	86.5220805116159
330	2.642593068054		4.32828146463863		0.928119659423828	2.64232357191937	4.01255949305969	0.658513244847747	0.0647541810644002	86.1481228969137
328	2.55696864212661		4.23275219255941		0.923022568225861	2.55669914599197	3.90234745605729	0.655169529310729	0.0668663424280132	85.7301646017279
326	2.47037075428904		4.13625728327702		0.918195605278015	2.47010125815441	3.7933388589498	0.651168100188725	0.0688976749090759	85.3301138518
324	2.37680754665509		4.02805813820155		0.913534343242645	2.37653805052045	3.67523816559529	0.646635114090768	0.071091917011377	84.9000767774839
322	2.29425547178964		3.93685539198395		0.908978700637817	2.293985975655	3.57400901530948	0.641852319294266	0.0733143977367182	84.4667145963408
320	2.212258096629		3.84327463063913		0.904343068599701	2.21198860049437	3.47115308294399	0.637248933607478	0.0756807953824161	84.0077212880377
318	2.1412871252329		3.76466104452747		0.899914681911469	2.14101762909827	3.38341002191542	0.632798748963389	0.0779989513403582	83.5605035904178
316	2.08656815572499		3.71325223125633		0.895963847637177	2.08629865959035	3.32249562867496	0.627931197737161	0.0803899830933422	83.1017208052427
314	2.03251219890973		3.66069208742338		0.892610192298889	2.0322427027751	3.26314357509394	0.622786787037586	0.0828747093090514	82.6276289689582
312	1.97850880557083		3.6083577126325		0.88999992609024	1.9782393094362	3.20702355189068	0.616845893841328	0.0854945805092568	82.1306801725625
310	1.92040232386942		3.54889131882714		0.888025283813477	1.92013282773478	3.14710046951495	0.610127590883913	0.0880137182384384	81.6556578042717
308	1.85542760489076		3.4770050764386		0.887133359909058	1.85515810875613	3.08016686886103	0.60229143021791	0.0907219279891918	81.1480469890402
306	1.794704008942		3.41306667337378		0.887335538864136	1.79443451280736	3.02413402593575	0.593371357690443	0.0934607241626547	80.6379123725507
304	1.72473815228797		3.33114427379878		0.888603985309601	1.72446865615334	2.95566045577477	0.583446130554026	0.0962849070604454	80.1152316809417
302	1.65159741771695		3.24493477707294		0.891015827655792	1.65132792158231	2.88686866138487	0.572013525821485	0.0993012763985852	79.5607234623911
300	1.57260877057163		3.14414448206553		0.894482612609863	1.572339274437	2.80794579022084	0.559960694367016	0.102335359672639	79.0068306236438
298	1.49106388564357		3.03651441657762		0.900495111942291	1.49079438950893	2.72989978596724	0.546098577380825	0.105540729261811	78.4258565632635
296	1.40608220873704		2.91970018364595		0.909423410892487	1.40581271260241	2.65073281046382	0.530348704725324	0.108811008911537	77.8375201378227
294	1.31388623742575		2.78710401718359		0.92107892036438	1.31361674129112	2.56257405652044	0.512616108771035	0.112436460592588	77.1904440720146
292	1.22410353514779		2.65345382240513		0.934718489646912	1.22383403901315	2.47559599215456	0.494359355440717	0.115958625608204	76.566954728743
290	1.1284506058425		2.50412654028697		0.948803901672363	1.12818110970786	2.37121880867911	0.475781106989581	0.119770272022657	75.8978944602316
288	1.03095269058266		2.34584039589992		0.962523102760315	1.03068319444803	2.25315130392723	0.45744073762448	0.123555633431142	75.2392342007398
286	0.930862964725279		2.17842887313137		0.97529125213623	0.930593468590645	2.11976501873533	0.439007843023019	0.127726978608121	74.5200300567891
284	0.840386594847547		2.02478293868671		0.986907541751862	0.840117098712913	1.9933783292673	0.421453913879815	0.131759171668606	73.8313531957839
282	0.757185742213693		1.87995521709744		0.996903836727142	0.756916246079058	1.86918976220333	0.404943500860412	0.135753453852987	73.1554264212712
280	0.678447224767086		1.73846288367845		1.00535523891449	0.678177728632451	1.74278604082669	0.389134244104203	0.139792010674513	72.478298505191
278	0.60837545991036		1.61088124203736		1.00982344150543	0.608105963775725	1.62169674973492	0.374981305151611	0.143866952212221	71.8014224004908
276	0.548259455206724		1.49969965526238		1.01022160053253	0.547989959072089	1.51001812116735	0.362902902548251	0.147878379814684	71.1412710363256
274	0.49384975236017		1.3985678258325		1.00653350353241	0.493580256225535	1.40271280233924	0.3518754911215	0.15223816927063	70.4306717704257
272	0.45571925782259		1.33127225572786		0.99854451417923	0.455449761687956	1.32438166321039	0.343896154967832	0.156247695622388	69.7834287576594
270	0.42324541456856		1.27221367136912		0.988452672958374	0.422975918433926	1.25262011660159	0.337672940764737	0.160045213115029	69.1758950190138
268	0.395172399849192		1.22267785613737		0.972882628440857	0.394902903714557	1.1846963889534	0.333336800379233	0.164009345290931	68.547347605115
266	0.372479312171314		1.18493813460848		0.953488886356354	0.372209816036679	1.12509588104981	0.33082497439185	0.167700322655068	67.9672466993896
264	0.349710417303798		1.14307681428015		0.931065678596497	0.349440921169163	1.05966135124602	0.329766600205121	0.171287685896326	67.4081353953799
262	0.327127452306144		1.09861665057841		0.906938552856445	0.32685795617151	0.991879231192233	0.3295340258094	0.174595829813601	66.8966192153985
260	0.303895009161672		1.04997740364141		0.883175373077393	0.303625513027037	0.922933490427122	0.328978757598799	0.177814523338907	66.4026599541237
258	0.279967549540485		0.99511955321364		0.859192788600922	0.27969805340585	0.850737806714142	0.328771157457014	0.180795070216634	65.9485011883396
256	0.255046277362233		0.934270443044183		0.834685504436493	0.254776781227598	0.775681818980119	0.328455269923154	0.183932487173537	65.4737947807641
254	0.231064665824758		0.872905781118974		0.80953711271286	0.230795169690123	0.702634188814248	0.328471306071242	0.187043314296082	65.0064852987663
252	0.207944054344878		0.811128159905865		0.784095585346222	0.207674558210243	0.632112766579058	0.328540363666693	0.190381760972166	64.5086924375785
250	0.186000522633243		0.749515872249223		0.758817315101624	0.185731026498609	0.564981763420996	0.328738091250941	0.19373475880106	64.0125666747701
248	0.165738877206392		0.69056646299991		0.735633492469788	0.165469381071758	0.504354956138041	0.328081203640376	0.197253881713508	63.4959635933586
246	0.145362824431366		0.628251633231818		0.715051770210266	0.145093328296731	0.445685668378147	0.325550805402217	0.201488880698529	62.8797953112602
244	0.125883517906723		0.565690648679553		0.697206974029541	0.125614021772088	0.39094520441785	0.321308511659935	0.206403792168321	62.1721960524508
242	0.107976414630498		0.505223386653102		0.681808710098267	0.107706918495863	0.341083822496156	0.315778443280104	0.212009574889957	61.3748473703718
240	0.091231729524372		0.445400127919976		0.667849898338318	0.0909622333897372	0.294147785078566	0.309239905938579	0.218582069400606	60.4530101421716
238	0.0752440350386951		0.384391795339046		0.657016694545746	0.0749745389040603	0.249292916179761	0.300748773984405	0.226803293257505	59.3193941454915
236	0.0620501569175871		0.330428772178207		0.649702370166779	0.0617806607829523	0.211457726100087	0.292165540235263	0.235654715532055	58.1226336052043
234	0.0494775989462792		0.275698778195237		0.645702123641968	0.0492081028116444	0.174816498089868	0.28148431840997	0.246388356219544	56.7037320678282
232	0.0388476244327852		0.226571628428161		0.644411623477936	0.0385781282981504	0.14280900352569	0.270137927901798	0.258580843636099	55.1339561327046
230	0.0293436690111665		0.180248026509074		0.644490897655487	0.0290741728765316	0.112971431808794	0.257358629620097	0.2738759444171	53.2260276922765
228	0.0217473195160683		0.141530135352137		0.646355271339417	0.0214778233814335	0.0882727208421987	0.243312126062461	0.291190182907163	51.1457812811772
226	0.0161785570928702		0.111748436290536		0.649210751056671	0.0159090609582353	0.0693280944096432	0.229474949422849	0.30871416883732	49.1231073797913
224	0.011955762529284		0.0885995582855		0.652522802352905	0.0116862663946492	0.0545766118978885	0.214125904636842	0.330457377532072	46.724280499937
222	0.00911407304936687		0.0725165724717737		0.655378818511963	0.00884457691473206	0.0442750391185454	0.199764406555371	0.352702892168723	44.3912227561949
220	0.00703194791845018		0.0603636413069555		0.656985223293304	0.00676245178381537	0.0363992658610193	0.185785389453621	0.378764619493004	41.8056885251538
218	0.00549715016075847		0.0511491828781985		0.657121121883392	0.00522765402612365	0.0303517798552085	0.172235501544288	0.406718409857701	39.1995959130807
216	0.0044302282633188		0.0446108682757233		0.655903518199921	0.00416073212868398	0.0260070363849154	0.159984862062072	0.434960816355928	36.731543955184
214	0.00364032848810899		0.0396550218904966		0.654084265232086	0.00337083235347418	0.0226933605821358	0.148538262602133	0.464852743493937	34.2884028743779
212	0.00306845883097024		0.0359021278854118		0.652615189552307	0.00279896269633543	0.0201931955778063	0.138609200586938	0.493574298411381	32.0941369583525
210	0.00261826318648313		0.0328335741638475		0.652986526489258	0.00234876705184831	0.0182009612358812	0.129046319115167	0.521605376049039	30.0880903093874
208	0.00220046142652538		0.0299634462112961		0.655270755290985	0.00193096529189057	0.0163839195707604	0.117857346866904	0.553542391919055	27.9548784389643
206	0.00182609004244696		0.0272926689964737		0.661797821521759	0.00155659390781214	0.0147796031067168	0.105320413313719	0.591304676129374	25.6268557235101
204	0.00147781509762583		0.024772932382778		0.668592393398285	0.00120831896299101	0.0132466661833103	0.0912168349583224	0.640488222197672	22.882937678694
202	0.00112586659935258		0.0221422171661627		0.687935590744019	8.56370464717761E-4	0.0118201458440479	0.0724500759987654	0.716039548255043	19.2291661395352
200	8.13957926358791E-4		0.0193706864059817		0.715800225734711	5.44461791723974E-4	0.0103150551380792	0.0527832168064744	0.819016404328564	15.1699306596527
