Wavelength	I1	I1 dark	R1	R1dark	XCorrect	I1c	R1c	I1c/R1c	Abs	Percent T
nm	uA	uA	uA	uA		uA	uA	uA/uA	OD	T*100
	Abs Detector Raw	Dark Offset for Abs Detector	Ref Detector Raw	Dark Offset for Ref Detector	Linear interp	Dark subtracted Abs Detector	Corrected Ref Detector	Corrected Intensity 	-Log(T)	% Transmittance
800	0.142211450580738	2.09969658012626E-4	0.209087533115333	0.00491996375025352	1.35067892074585	0.142001480922725	0.275764832241329	0.514936874903817	4.89921521586752E-4	99.8872550057465
798	0.1466360360962		0.215793773170323		1.34199333190918	0.146426066438188	0.282991246116021	0.517422600337806	4.53599273401375E-4	99.8956094323895
796	0.159601841098102		0.234711421600897		1.33337259292603	0.15939187144009	0.306397631986564	0.52021247816654	4.4171834606164E-4	99.8983422985923
794	0.166983063030584		0.245151697323645		1.32502686977386	0.166773093372571	0.3183135019571	0.523927173516653	5.45836153971676E-4	99.8743955293955
792	0.158810548910712		0.233141965315969		1.31713449954987	0.1586005792527	0.300599071818528	0.527614999917389	5.54373386960864E-4	99.8724322472464
790	0.150799526565709		0.221701457854359		1.30966234207153	0.150589556907696	0.283910559286149	0.530411962437505	2.9209049344507E-4	99.9327662903932
788	0.14970150887753		0.220533011699665		1.30193436145782	0.149491539219518	0.280714035903993	0.532540308282431	3.66406361010928E-4	99.9156673974601
786	0.15335597015138		0.225899017766481		1.29363858699799	0.153146000493367	0.285867031193703	0.5357245984396	4.4540602220054E-4	99.8974940465778
784	0.157786292780772		0.232365276934063		1.28498160839081	0.157576323122759	0.292263044355883	0.539159247690864	4.62630223292268E-4	99.8935321716809
782	0.164456651030486		0.242034617219828		1.27644824981689	0.164246681372473	0.302664584427178	0.54266898019577	2.06023383159219E-4	99.9525726132553
780	0.174546466129939		0.25680918686294		1.268270611763	0.174336496471927	0.319463699093634	0.545716139162431	2.99896014913728E-4	99.930970227179
778	0.18839327870431		0.276955632438262		1.26044166088104	0.188183309046297	0.342885090059998	0.548823248667269	3.49544561288705E-4	99.9195467713628
776	0.206100384460887		0.302577655346135		1.25292003154755	0.205890414802875	0.372941284344682	0.55207193047736	2.77942667959614E-4	99.936021810382
774	0.233415378782284		0.342146009985391		1.24577045440674	0.233205409124271	0.420106244856135	0.555110551151489	1.2116049711739E-4	99.9721056557436
772	0.301721675239387		0.441627901982901		1.23883104324341	0.301511705581374	0.541007350713428	0.557315358439714	7.82155363736718E-5	99.9819918288564
770	0.39904555199436		0.583171478993004		1.23221707344055	0.398835582336347	0.712531389824986	0.559744578318592	1.25968907267253E-4	99.9709987933578
768	0.445985358935704		0.648435892184369		1.22665858268738	0.445775389277691	0.789374336709744	0.564719890864155	-9.58990278843071E-5	100.022084005361
766	0.399019586113116		0.578748780036067		1.22236526012421	0.398809616455103	0.701428410285974	0.568567811920404	1.24173044148416E-4	99.9714121870534
764	0.338472772390205		0.491524259510575		1.2186872959137	0.338262802732193	0.593018473380135	0.570408541919672	2.83555215115614E-5	99.9934711130274
762	0.322343084954656		0.469542622025167		1.214359998703	0.322133115296644	0.56421917070011	0.570936139757402	6.40958498986672E-6	99.9985241494058
760	0.332941134839066		0.484819088333755		1.20898902416229	0.332731165181054	0.580192774326545	0.573483814181018	-1.63981890067291E-4	100.037765354874
758	0.354288745227398		0.515603008498834		1.2031888961792	0.354078775569386	0.614448168908477	0.576254912108179	-7.08928070092208E-5	100.016325004446
756	0.37991516877002		0.552135286795241		1.19780671596527	0.379705199112007	0.655458189022392	0.57929736094736	-3.38995619418804E-4	100.078087098099
754	0.404909022429915		0.587759383332582		1.1931779384613	0.404699052771902	0.695431137111225	0.581939794144098	-2.40964274306346E-4	100.055499469856
752	0.427495709046206		0.619771224024981		1.18890511989594	0.427285739388193	0.730999811315092	0.58452236618159	-2.69112002834008E-4	100.061984531083
750	0.460302763053299		0.666470863730957		1.1848680973053	0.460092793395286	0.783850556130743	0.58696493840153	-4.67145830887367E-4	100.107622173789
748	0.509182618204664		0.736300767626735		1.18107759952545	0.508972648546652	0.86381748418143	0.589213182028799	-4.41092146288248E-4	100.101616815004
746	0.564390786013849		0.814600773417379		1.17750906944275	0.564180816355836	0.953406496736789	0.591752645159069	-3.96053488398176E-4	100.091236280838
744	0.613200440054655		0.882952811718477		1.174187541008	0.612990470396642	1.03097523068006	0.594573421509166	-4.41366521191117E-4	100.101680056378
742	0.66727942390839		0.958731317885407		1.17108881473541	0.667069454250377	1.11699780819532	0.597198534640038	-4.84351677508344E-4	100.111588308715
740	0.754218933143517		1.08112408778209		1.16803753376007	0.754008963485504	1.25704681085657	0.599825684273216	-5.66448491345599E-4	100.130514681589
738	0.867874901927651		1.240620266344		1.16498303413391	0.867664932269638	1.43956988779585	0.602725119235534	-5.08110716030835E-4	100.117065284006
736	0.95149549180348		1.35584863502419		1.16204738616943	0.951285522145468	1.56984313135522	0.605974892105452	-3.71656539936531E-4	100.085613708489
734	0.984591889071136		1.39956861623377		1.15931880474091	0.984381919413123	1.61684240883071	0.608829848868836	-2.31247660827603E-4	100.053260920255
732	0.989236368422695		1.40534524432348		1.15665113925934	0.989026398764682	1.6198034962226	0.610584185718268	-1.53886864176229E-4	100.035440038444
730	0.986277573268502		1.40234850208692		1.15388596057892	0.986067603610489	1.612473171299	0.611524967461082	-2.64073725946198E-5	100.006080707116
728	0.99106443848375		1.41157598923267		1.15089321136475	0.990854468825737	1.61891087045303	0.612050043587923	-1.92391205837415E-4	100.04430952603
726	0.998071533792665		1.42572703135142		1.1476241350174	0.997861564134652	1.63055248198239	0.611977581317393	-7.49892205259326E-5	100.017268396948
724	1.01552693228249		1.45441141234031		1.14410185813904	1.01531696262447	1.65836585968853	0.612239426356236	-5.85272458765907E-5	100.013477304496
722	1.01957318775948		1.46330795161141		1.14027833938599	1.01936321810147	1.66296823297878	0.612978166321037	-5.91225367850882E-5	100.013614393861
720	0.993816760860447		1.42813972818015		1.13600122928619	0.993606791202434	1.61677940193677	0.614559283729229	-5.70724627622462E-6	100.001314150655
718	0.928090505324736		1.33420601273518		1.13137769699097	0.927880535666724	1.50392458874279	0.616972780824328	3.70382049101832E-6	99.9991471674517
716	0.815329472144936		1.17197734211877		1.12621939182281	0.815119502486924	1.31436265088852	0.620163317890917	1.21897517131909E-4	99.9719359980958
714	0.683120737016478		0.982422368510957		1.12039887905121	0.682910767358465	1.09519259856375	0.623553125043067	1.7074649399199E-4	99.9606918944862
712	0.558243874417317		0.80494795515761		1.11375534534454	0.558033904759304	0.891035451855202	0.626275759957066	1.28147323433382E-4	99.9704973412261
710	0.460597091360228		0.667688197710468		1.10628998279572	0.460387121702216	0.733213858145392	0.627902918892899	1.49739476005822E-4	99.9655271547228
708	0.39037205501974		0.570534426126019		1.09837675094604	0.390162085361727	0.621257775472387	0.628019641388084	1.16928074436987E-4	99.9730799399835
706	0.338123178275391		0.499237406452411		1.09038031101227	0.337913208617379	0.538994006912368	0.626933146350026	7.01154842363237E-5	99.9838566163054
704	0.300171226827919		0.448710752601572		1.0826700925827	0.299961257169906	0.480479014453007	0.624296271318721	2.11750833631381E-4	99.9512544532091
702	0.279929718424913		0.423506544328259		1.07555782794952	0.2797197487669	0.450214073415298	0.621303875831696	2.94281211746499E-4	99.9322621992822
700	0.271183226455468		0.414264671196243		1.0694442987442	0.270973256797455	0.437771363599226	0.618983513607637	2.39922227801962E-4	99.9447711222409
698	0.277686420094033		0.426650691044211		1.0649927854538	0.277476450436021	0.449140181972248	0.61779475890484	4.71078759760867E-4	99.8915889143386
696	0.298421358060497		0.459132442928581		1.06259047985077	0.298211388402484	0.482641856204306	0.617873034775187	4.58346615608918E-4	99.8945174635279
694	0.327225868443446		0.502629334539444		1.06203079223633	0.327015898785434	0.528582677362688	0.618665561302629	2.10441910897498E-4	99.951555697346
692	0.350893655519285		0.537702520129279		1.06277585029602	0.350683685861272	0.566228434378606	0.619332524771776	1.08085348643283E-4	99.9751155254434
690	0.367829458674269		0.562865972177168		1.06392598152161	0.367619489016256	0.593613254651668	0.619291240779277	2.58588087124611E-4	99.9404756153312
688	0.378944555675754		0.579512119266415		1.06461536884308	0.378734586017741	0.611719639579178	0.619130989938929	1.82868525521395E-4	99.9579018296831
686	0.38604444883586		0.590174855735039		1.0645604133606	0.385834479177848	0.623039189732634	0.619278025421517	1.57940716934348E-4	99.9636394180235
684	0.381859931945843		0.583926174119383		1.06376242637634	0.38164996228783	0.615925051229236	0.619637018377723	1.22745808594165E-4	99.9717407267754
682	0.376863685627916		0.57671055677761		1.06245732307434	0.376653715969903	0.607503102826935	0.620002950136708	2.03753841853816E-4	99.9530949479713
680	0.378698548901834		0.580115103883146		1.06094348430634	0.378488579243822	0.610249536128662	0.620219364106199	2.69701556533224E-4	99.9379182003656
678	0.386998616007341		0.593181862558961		1.05921316146851	0.386788646349328	0.623094745608638	0.620754145457468	1.85290504883343E-4	99.9573443846537
676	0.39431113123691		0.604882567468262		1.05730748176575	0.394101161578898	0.634344949690709	0.621272640021887	2.91830626469704E-4	99.9328260867631
674	0.401085702437868		0.615514122601562		1.05524814128876	0.400875732779855	0.644328351209616	0.622160629789579	1.74955973123169E-4	99.9597230117931
672	0.407695092670247		0.626076639344024		1.05312037467957	0.407485123012235	0.654152750936025	0.62292044546043	2.03033268071983E-4	99.9532607885297
670	0.412962711972929		0.634476627103428		1.0509113073349	0.412752742314917	0.661608216125882	0.623862782012948	7.53504956551925E-5	99.982651412237
668	0.41737815079806		0.641851250181871		1.0485315322876	0.417168181140047	0.667842537724055	0.624650509028247	2.28993973809899E-4	99.9472860876193
666	0.420292722929968		0.646574631205478		1.04595601558685	0.420082753271956	0.671142559354174	0.625921791751953	1.8920732000003E-4	99.9564428934114
664	0.424020261977574		0.652798785843693		1.04322910308838	0.423810292319561	0.675886042482495	0.627044006949645	1.90562402047876E-4	99.9561310106322
662	0.429977522085606		0.662455482887626		1.04042720794678	0.429767552427593	0.684117844301932	0.628206903250893	1.86391581914445E-4	99.957090960765
660	0.436678515405998		0.673106904964206		1.03775990009308	0.436468545747985	0.693417613357691	0.629445427027014	1.40934261444439E-4	99.9675539519196
658	0.445266134390238		0.686636642764148		1.03528940677643	0.445056164732225	0.705774056205892	0.630592979181983	2.14301357488067E-4	99.9506674613843
656	0.458907812192174		0.707993008645609		1.03309750556946	0.458697842534161	0.726343008914515	0.631516841085403	1.48839082774894E-4	99.9657344066706
654	0.477663924788126		0.737148405562801		1.03115320205688	0.477453955130114	0.755039702412132	0.632356091480736	1.81975535355921E-4	99.9581073619171
652	0.493338247235261		0.761668635567362		1.02945709228516	0.493128277577248	0.779040287279495	0.632994577596639	2.55599489345769E-4	99.9411633581499
650	0.502655433172152		0.776078985546402		1.02793705463409	0.502445463514139	0.792702933519642	0.633838279471548	1.98988034148721E-4	99.9541918070464
648	0.503833243836391		0.778140615787188		1.02666783332825	0.503623274178378	0.793840771511414	0.634413464578693	1.87775846575769E-4	99.956772359323
646	0.50456982067671		0.779721639950792		1.02560043334961	0.504359851018697	0.794636934871276	0.634704767530594	2.44971463360026E-4	99.9436091416502
644	0.509925728858433		0.788502696129084		1.02465677261353	0.509715759200421	0.80290335363498	0.634840740037748	2.68182699623817E-4	99.9382677135861
642	0.518678493716037		0.802354319608892		1.02378344535828	0.518468524058025	0.816400092288015	0.635066714170723	2.01059757355668E-4	99.9537149948061
640	0.532155338449784		0.823584283208143		1.02288675308228	0.531945368791771	0.837400887594591	0.635233824888541	2.10158668392707E-4	99.9516208847693
638	0.54681611262216		0.846557516148573		1.02184903621674	0.546606142964147	0.860026521762035	0.635568937855837	2.95461343385613E-4	99.9319906483667
636	0.55986685414716		0.867130520216758		1.02063095569611	0.559656884489147	0.87999878425768	0.635974610989087	3.59946912796097E-4	99.9171534971137
634	0.575821092975011		0.891880619299991		1.01923584938049	0.575611123316999	0.904022097126315	0.636722404404426	2.42177809869875E-4	99.9442520434649
632	0.589024280483289		0.912553147293559		1.0177036523819	0.588814310825277	0.923701605915031	0.637450781783571	2.6392201397578E-4	99.9392481718912
630	0.602106703831893		0.933064101496269		1.01619136333466	0.601896734173881	0.943172056707192	0.638162178251152	2.64670091037069E-4	99.9390760255762
628	0.61781097623008		0.957777059161193		1.01451146602631	0.617601006572067	0.96668444877892	0.638885840516207	2.432144965238E-4	99.9440134708997
626	0.633362746187469		0.982073413739402		1.01275491714478	0.633152776529456	0.989616961281492	0.639795801104261	2.86477785613156E-4	99.9340578035664
624	0.648596533663219		1.00586687983085		1.01092803478241	0.648386564005206	1.01188529879487	0.640770811452065	2.71314030182143E-4	99.9375471457767
622	0.661507320049618		1.02614408769661		1.0092089176178	0.661297350391606	1.03062849277308	0.64164473913609	2.8457138731008E-4	99.9344964794979
620	0.670480694952727		1.04023019146112		1.00772297382355	0.670270725294715	1.04330590149873	0.642448896658073	2.84821670351443E-4	99.934438887464
618	0.677759477577451		1.05183079566281		1.0068142414093	0.677549507919439	1.05404473505523	0.642809062448321	3.14746817308306E-4	99.9275531224718
616	0.687037225648289		1.06624227479224		1.00664889812469	0.686827255990277	1.06837893496557	0.642868586708339	1.96789669167678E-4	99.9546977686929
614	0.692207776164738		1.07482484616908		1.00700271129608	0.691997806506726	1.07739711742467	0.642286669710816	3.66541437673842E-4	99.9156363211435
612	0.699417314404973		1.08616648583323		1.00780045986176	0.699207344746961	1.08968074217915	0.641662569303264	2.61051156018066E-4	99.9399088119549
610	0.710195190643645		1.10294809282184		1.00835275650024	0.709985220985633	1.10719969066414	0.641244056489716	2.70124521290254E-4	99.9378208696408
608	0.720318744069991		1.11875073710684		1.0085117816925	0.720108774411978	1.12331145774179	0.641058870582182	2.33541782827406E-4	99.9462394733795
606	0.733816497922306		1.140022673057		1.00798010826111	0.733606528264293	1.14416095181449	0.641174239604042	2.70078960054152E-4	99.9378313539805
604	0.746315911934861		1.15951464685607		1.00688087940216	0.746105942276848	1.16253930987864	0.641789861157242	3.34160230273898E-4	99.9230863572276
602	0.763609945679234		1.18615106184973		1.00539457798004	0.763399976021221	1.18760334137062	0.642807197847873	3.12248573508907E-4	99.9281279492734
600	0.780691741875627		1.21257549106543		1.00393652915955	0.780481772217614	1.21240949851314	0.64374435632084	3.09705375150217E-4	99.928713123172
598	0.798268360762914		1.23987865868094		1.00287997722626	0.798058391104901	1.23851534784746	0.644366977358761	4.06922179134742E-4	99.9063465878399
596	0.818404357691732		1.27078717448761		1.00218975543976	0.818194388033719	1.26863915034808	0.644938624043902	4.33246901048659E-4	99.9002909569402
594	0.838534486090299		1.30175981230331		1.00178515911102	0.838324516432287	1.29915491402424	0.645284490234894	3.56128640390114E-4	99.9180319623097
592	0.857591097647454		1.33092869798998		1.00154709815979	0.857381127989441	1.32806019991233	0.645589053904363	3.26745599929613E-4	99.924792340388
590	0.875842534952454		1.35926610632401		1.00122630596161	0.875632565294442	1.35600698532248	0.645743403074139	4.70339790057281E-4	99.8917588840797
588	0.890398957318606		1.3815167211643		1.00070452690125	0.890188987660594	1.37756660686181	0.646203953570348	4.22197779779061E-4	99.9028326067127
586	0.906904790687711		1.40696047564027		0.999973237514496	0.906694821029698	1.40200298980114	0.646713899774424	5.1770767169369E-4	99.8808644261024
584	0.919940909715211		1.42652349283505		0.999053955078125	0.919730940057198	1.42025862828519	0.64757989970297	4.22135826832681E-4	99.9028468580456
582	0.933530065239525		1.44771376984999		0.998229086399078	0.933320095581512	1.44023874292519	0.648031515723497	5.79676720547169E-4	99.866613541374
580	0.946977960998778		1.46808878044972		0.997582137584686	0.946767991340765	1.45963107581031	0.648635129130261	4.57853041360253E-4	99.8946309933826
578	0.96511192851665		1.49553997815498		0.997147619724274	0.964901958858637	1.48636819927703	0.649167520758292	4.12365629295165E-4	99.9050943688207
576	0.977858559325092		1.51515979924357		0.996688485145569	0.977648589667079	1.50523865384433	0.649497398415991	5.3692166620498E-4	99.8764456088966
574	0.996418997788526		1.54335847619388		0.996220171451569	0.996209028130513	1.53262347863429	0.650002457888893	4.72904810680833E-4	99.8911689072882
572	1.01458629355334		1.57127355786945		0.9957315325737	1.01437632389532	1.55966766482463	0.650379787164068	5.79186292083859E-4	99.8667263161375
570	1.03367787062549		1.6000027859651		0.995352268218994	1.03346790096747	1.5876693050887	0.65093398080763	5.26683959480623E-4	99.878800043165
568	1.05410580633488		1.6311667308479		0.995181918144226	1.05389583667686	1.61841137705608	0.65119156452911	5.65874566472809E-4	99.8697874161237
566	1.0701906085167		1.65551139627797		0.995282471179962	1.06998063885869	1.64280471987466	0.651313345958929	6.19624272906926E-4	99.857427969219
564	1.09513340169096		1.69343298731297		0.995623111724854	1.09492343203294	1.68112259070745	0.65130493045851	5.87044950183971E-4	99.864919221206
562	1.12060924692608		1.7318965049205		0.996170461177826	1.12039927726806	1.72036301746085	0.651257476414309	6.06475458756017E-4	99.8604513247838
560	1.14541542663652		1.76942478083256		0.99668163061142	1.14520545697851	1.7586495383113	0.651184577728982	6.43764513723516E-4	99.8518775524761
558	1.17530019977151		1.81476165198929		0.997178435325623	1.17509023011349	1.80473510286529	0.651115074033779	7.02389654698703E-4	99.8383995195805
556	1.20533641486145		1.85993816242889		0.997675478458405	1.20512644520343	1.85070616891576	0.651171139667979	6.86993844235085E-4	99.8419388699187
554	1.23133507351		1.89872054905371		0.99818366765976	1.23112510385199	1.89036081405441	0.65126461292408	6.8916551902903E-4	99.8414396149456
552	1.26251294203777		1.94556664719416		0.998678505420685	1.26230297237975	1.93808212937137	0.65131552128247	7.2345901599306E-4	99.8335560772306
550	1.28924866123025		1.98563992736851		0.999059557914734	1.28903869157224	1.97885721120534	0.651405611417043	7.80728209343392E-4	99.820392174596
548	1.31757514274548		2.02740607405221		0.999196529388428	1.31736517308747	2.02086110215001	0.651883086712845	7.32166845248739E-4	99.8315543828013
546	1.34622169261881		2.06979670346046		0.99907249212265	1.3460117229608	2.06296155026837	0.652465734412596	7.55013597971938E-4	99.826302723064
544	1.37147224183432		2.10683700330025		0.998806416988373	1.37126227217631	2.09940822707974	0.653166094373044	8.35974277475296E-4	99.8076949526105
542	1.39414197898739		2.13973064330553		0.998482644557953	1.39393200932938	2.13157141295291	0.653945723262602	8.69329140111505E-4	99.8000297755088
540	1.41304604385326		2.16658150989745		0.99831360578537	1.41283607419525	2.15801613262179	0.654692081693931	8.73800858176119E-4	99.7990021886592
538	1.43636608923127		2.20016376073983		0.998360693454742	1.43615611957325	2.19164511946473	0.655286801142334	9.13731855346774E-4	99.7898266392501
536	1.45460898314031		2.2262240755771		0.998661279678345	1.45439901348229	2.21833040687177	0.655627768062399	9.96657383297956E-4	99.7707742809669
534	1.47422792532265		2.25349790359312		0.999168038368225	1.47401795566464	2.24670720927086	0.656079238799885	9.48420129362193E-4	99.781856474403
532	1.49439823011266		2.2815250397116		0.999805629253387	1.49418826045465	2.27616257053299	0.656450589161902	9.90659234366695E-4	99.7721522494207
530	1.51249748541144		2.30638801568647		1.0004802942276	1.51228751575342	2.30257343375657	0.656781448783668	9.63193240924034E-4	99.7784623179316
528	1.53079427794087		2.33180633833881		1.00102841854095	1.53058430828285	2.32927938767888	0.657106363615777	0.00107842881704467	99.7519906408512
526	1.55528723286009		2.365616213692		1.0014044046402	1.55507726320207	2.36401162270926	0.657812867019617	9.72758055276707E-4	99.7762648413368
524	1.57748932322547		2.39614170185127		1.00163662433624	1.57727935356746	2.39513526979095	0.658534561058478	0.00107326575542405	99.753176538341
522	1.5986557003992		2.42502112068119		1.00181710720062	1.59844573074118	2.42449874016943	0.659289157077261	0.00107991604081736	99.7516490448052
520	1.62689927023263		2.46449054191019		1.0020604133606	1.62668930057462	2.46463831024051	0.660011367110445	0.00110884207874867	99.7450053410163
518	1.66220431464722		2.5140567770637		1.00242054462433	1.66199434498921	2.51521029093862	0.660777490843118	0.00114931237769626	99.7357109053841
516	1.69374283533419		2.55785199173245		1.00289297103882	1.69353286567618	2.56031758640322	0.66145421750404	0.0011803416342291	99.7285852923829
514	1.73480836403973		2.61576939872759		1.00349617004395	1.73459839438171	2.61997740856115	0.662066164659918	0.00118473172947761	99.7275771843046
512	1.7805187138937		2.68025437161445		1.00418245792389	1.78030874423569	2.68652388145742	0.662681153338522	0.00129386867091031	99.7025190825688
510	1.83208627960561		2.75296767698797		1.00497353076935	1.8318763099476	2.76171521309514	0.663311083366399	0.00130526463113609	99.6999029060291
508	1.89414471899387		2.84104165124541		1.00580215454102	1.89393474933586	2.85257730382313	0.663938097943055	0.00131881808893703	99.6967915210173
506	1.97200950444934		2.9522823856642		1.00663805007935	1.97179953479133	2.96692716127259	0.664593172535308	0.0013344579562694	99.6932012923077
504	2.05241278019008		3.06729398188432		1.00742840766907	2.05220281053206	3.08512258077593	0.665193280591114	0.00145147471703481	99.6663434700389
502	2.1446866201534		3.1972737665212		1.00814700126648	2.14447665049539	3.21836191324517	0.66632551226442	0.00141014739561415	99.6758281380876
500	2.23805766927982		3.32980356335492		1.00866842269897	2.23784769962181	3.35370509607093	0.667276231963146	0.00147252108938576	99.6615136500954
498	2.36237715120494		3.50805175600205		1.00904226303101	2.36216718154693	3.53480803134961	0.668258972084839	0.00157094248367184	99.6389305545993
496	2.54335473837241		3.76915101032984		1.00876116752625	2.5431447687144	3.79721010538616	0.669740335175836	0.00164623275875765	99.6216584211216
494	2.76122148554873		4.081642342089		1.00816118717194	2.76101151589072	4.10999327271639	0.671780057213064	0.00158398072964965	99.6359392723265
492	2.92064838920857		4.3049253490093		1.00794267654419	2.92043841955056	4.33415893717244	0.673818948932183	0.00163732078390974	99.6237027363514
490	2.97273537630513		4.36995222863228		1.00791668891907	2.97252540664712	4.39958886744479	0.675637087056616	0.00178270270970672	99.5903588592622
488	3.00977406023916		4.41269946967241		1.00887954235077	3.00956409058115	4.44691857071784	0.676775174251803	0.00172674687310462	99.6031912140228
486	3.12426810275042		4.57038744511654		1.00954282283783	3.1240581330924	4.60903492871284	0.677811772184781	0.00182375914148406	99.5809444372969
484	3.34322293585989		4.87706046635207		1.01009511947632	3.34301296620188	4.92132534308099	0.679291193560673	0.00184475333863674	99.576130718641
482	3.51578483702584		5.11309455964721		1.01073944568634	3.51557486736782	5.16303355952593	0.680912650835185	0.00190804192475479	99.561620809766
480	3.57455168249414		5.18069557256068		1.01162850856781	3.57434171283613	5.23596215982254	0.682652319427242	0.00196885824728945	99.5476796984646
478	3.54958185837516		5.12763867580003		1.0127238035202	3.54937188871715	5.18789917843116	0.684163621273475	0.00197705887716859	99.5457999924054
476	3.669834335922		5.28795753502271		1.01399922370911	3.66962436626399	5.35699599609631	0.68501532742195	0.00220082636555417	99.4945228590288
474	3.96631020143656		5.69975382243975		1.01552999019623	3.96610023177855	5.78327457268409	0.685787987745121	0.00212510851826573	99.5118709216031
472	4.45813978931506		6.38898387339666		1.01726651191711	4.45792981965705	6.49429442522194	0.686437898833745	0.00217394303093839	99.5006818765814
470	4.99103562458806		7.13538832598058		1.01911818981171	4.99082565493004	7.26679000982582	0.686799212331949	0.00224364584445783	99.4847136309966
468	5.3798600004758		7.67005405870745		1.02110064029694	5.37965003081778	7.82687333232266	0.687330662245603	0.00233709238358984	99.4633099464306
466	5.47866405281537		7.77642377263788		1.02326714992523	5.47845408315736	7.95232455315353	0.688912285525979	0.00246409709219886	99.4342272334039
464	5.28839776939595		7.46999551458496		1.02553856372833	5.28818779973794	7.65572285852652	0.690749638859804	0.00245830159494757	99.4355541547896
462	5.09328429361308		7.17257071108592		1.027627825737	5.09307432395507	7.36567735312673	0.691460415625328	0.00256858784635499	99.4103063501789
460	4.9247078172359		6.92488820475139		1.02919805049896	4.92449784757789	7.1220178231531	0.691446998569527	0.00260316185082266	99.4023926517251
458	4.77117675095485		6.70382424079097		1.03004312515259	4.77096678129684	6.90016029662105	0.691428398211725	0.00267060544722024	99.3869571935155
456	4.57686802370392		6.43485864127976		1.03006207942963	4.57665805404591	6.62323600478103	0.691000298153685	0.00274751530890002	99.3693581664505
454	4.40376196970812		6.20601555137386		1.02918720245361	4.40355200005011	6.38208821997378	0.689986074819285	0.00285841278327175	99.3439873536258
452	4.25879021735771		6.02321284214337		1.02735614776611	4.2585802476997	6.18293018767418	0.688764084089011	0.00287546114735534	99.3400876512475
450	4.08834884840986		5.80397434204284		1.02460694313049	4.08813887875185	5.94175137958987	0.688036004467429	0.00300805107381534	99.3097637925673
448	3.81312276308383		5.4334606960624		1.02102768421173	3.81291279342581	5.54269037256172	0.687917335650044	0.00307775244059914	99.2938265170091
446	3.46677424151855		4.96010503389134		1.01675081253052	3.46656427186053	5.03818844630503	0.688057683591189	0.00313728263551849	99.2802169134044
444	3.21386564877912		4.61657096543981		1.0121191740036	3.21365567912111	4.66754040262291	0.688511593239814	0.00335668283248812	99.2300744433608
442	3.09977823468421		4.4628917912492		1.00782012939453	3.0995682650262	4.49283374402716	0.689891601074002	0.00342301300556513	99.2149201052819
440	3.06371864010173		4.41470639105111		1.0045450925827	3.06350867044372	4.42982931488288	0.691563591434835	0.00350001835771924	99.197329730816
438	3.02499307873304		4.35613902067966		1.00285410881042	3.02478310907502	4.36363790957588	0.693179216918348	0.00369313925625101	99.1532287359377
436	2.99905023215701		4.31245807602999		1.00277864933014	2.998840262499	4.31950725016997	0.694255175143183	0.00388048446290469	99.1104654109087
434	2.96567919957551		4.25468202645616		1.00421047210693	2.9654692299175	4.26765556733204	0.694870798060067	0.00401188302532656	99.0804834440049
432	2.95678106728685		4.22890830829743		1.00665414333344	2.95657109762884	4.25209536843055	0.695320975060846	0.00412999621188779	99.0535406185959
430	2.96559776647037		4.22693637227015		1.00962591171265	2.96538779681236	4.26265716571766	0.695666501322563	0.00429386902321893	99.0161716885695
428	2.9655456668612		4.21391327661907		1.01240730285645	2.96533569720319	4.26121556762233	0.695889623546501	0.00448431529429624	98.9727607601944
426	2.97417408479547		4.21692754662655		1.01423370838165	2.97396411513746	4.27196007051227	0.696159155528071	0.00453483372285945	98.9612486232474
424	2.94574611860047		4.17565971231879		1.01462960243225	2.94553614894246	4.23175601293848	0.696055287671728	0.00469947783442227	98.9237388241165
422	2.93732485398569		4.17220806438337		1.01337480545044	2.93711488432767	4.22302476823501	0.695500274215826	0.00488540489208893	98.8813973623512
420	3.38312206900124		4.82383303736554		1.01114857196808	3.38291209934323	4.8726370728244	0.69426720044683	0.00505575649220775	98.8426188335964
418	3.22403580254708		4.62116358016756		1.0079870223999	3.22382583288906	4.65311365758503	0.692831955143393	0.00516836400288523	98.8169934138646
416	3.03103076181438		4.37293860557347		1.00422537326813	3.03082079215637	4.38647515102706	0.690946759711319	0.00534154242306682	98.7775971976899
414	2.85321463703662		4.14511566947209		1	2.8530046673786	4.14019570572184	0.689098987141041	0.00555599136129595	98.7288341516456
412	2.71619174940054		3.97350673461093		0.995681941509247	2.71598177974253	3.95145018105847	0.687337978538046	0.00575072374282357	98.6845752624373
410	2.60260150327239		3.83017552180475		0.991583049297333	2.60239153361438	3.79305857059725	0.686093158114512	0.00586574797930747	98.6584418084365
408	2.50197856666274		3.70224943589013		0.988153755664825	2.50176859700473	3.65353000382527	0.684753811898455	0.00616149816903818	98.5912792694111
406	2.42655600837037		3.6059766945756		0.985654711723328	2.42634603871235	3.54939853392101	0.683593576636766	0.00641669466091653	98.5333629041403
404	2.36337912874		3.52354114803		0.98426741361618	2.36316915908198	3.46326417254613	0.682353133155484	0.00663623901152743	98.4835649509467
402	2.34623602578115		3.5049958356041		0.984128773212433	2.34602605612314	3.44452537391797	0.681088336258839	0.00687753587161372	98.4288620349516
400	2.36603543976454		3.53746783254466		0.985299050807953	2.36582547010653	3.48061606205679	0.679714575789349	0.00712042729182143	98.3738283127825
398	2.40949665785259		3.60097415553309		0.987817049026489	2.40928668819458	3.55224363986626	0.67824364893093	0.00737759541566652	98.3155933475938
396	2.45188416989025		3.65890741946176		0.991658091545105	2.45167420023224	3.62350622686063	0.676602728610833	0.00764103700256912	98.2559735203964
394	2.48109610825009		3.69423108875421		0.996615350246429	2.48088613859208	3.67682409901386	0.674736150488532	0.00786286682319816	98.2057989492058
392	2.47697988512201		3.67815691889656		1.0025714635849	2.476769915464	3.68268255021517	0.672545048803971	0.0081996156080434	98.1296804011518
390	2.48173825912643		3.67356321774304		1.0093150138855	2.48152828946842	3.70281671684467	0.670173135542889	0.00851864402204004	98.0576217823397
388	2.49334651103317		3.67894382074888		1.01699423789978	2.49313654137516	3.73646109247393	0.667245417434399	0.00882428187599415	97.9886373053005
386	2.51207995822394		3.6934932957884		1.02549052238464	2.51186998856593	3.78259699312587	0.66405963763276	0.00911482147905511	97.923105597822
384	2.54528696492719		3.72981669652217		1.03449034690857	2.54507699526918	3.85336971328382	0.660480873790925	0.00943283957590453	97.8514263066266
382	2.56824676708154		3.75304162318718		1.04369103908539	2.56803679742353	3.91188098935617	0.656471095212481	0.00986948722987506	97.7530941249888
380	2.59906294127481		3.78789880078227		1.0526317358017	2.5988529716168	3.9820835797261	0.652636470225861	0.0101825205886454	97.6826604554619
378	2.61373757500524		3.80138311469324		1.06117713451386	2.61352760534723	4.02871988780511	0.648724080633737	0.0105241343499446	97.6058539988968
376	2.61393580498492		3.79525351266695		1.06922745704651	2.6137258353269	4.05272870186626	0.644929879990065	0.0109426108790761	97.5118484612003
374	2.60777921321264		3.78108882766495		1.07646524906158	2.60756924355463	4.06491455659254	0.641481932092677	0.0113591927475096	97.4183584596338
372	2.60529249447258		3.77338561724651		1.08239138126373	2.60508252481457	4.07895474393275	0.638664238354078	0.0117925952999953	97.3211886666629
370	2.61089549737988		3.77852814652284		1.08660447597504	2.61068552772186	4.10041954197672	0.636687417225437	0.0122371457091125	97.2216201925957
368	2.61393586602007		3.78120198684419		1.08728444576263	2.61372589636206	4.10589270652309	0.636579200476816	0.0126849543558589	97.1214249426418
366	2.62875171068743		3.80146908881399		1.08414971828461	2.62854174102942	4.11602766439152	0.638611291116773	0.0131682179734573	97.0134126397682
364	2.6482559708634		3.82965827327166		1.07767069339752	2.64804600120539	4.121808386086	0.642447623267595	0.0136248347956343	96.9114664286673
362	2.67417758941217		3.86786316813853		1.06871128082275	2.67396761975416	4.12837097970735	0.647705265078602	0.0141833920968751	96.78690621679
360	2.7004074110847		3.90644757960545		1.05907070636749	2.70019744142669	4.13199360803604	0.653485386854243	0.0146669082914285	96.6792097177701
358	2.73778083622834		3.96210221805494		1.04836678504944	2.73757086657032	4.14857843780009	0.659881669736972	0.0152437614172083	96.5508804736989
356	2.77509921986828		4.01755131451306		1.03684234619141	2.77488925021027	4.1604661041261	0.666965955439055	0.0157922941418498	96.4290095137923
354	2.81165715429252		4.07264514974214		1.02479386329651	2.8114471846345	4.16857980818113	0.67443765359052	0.0162994327217778	96.3164722115062
352	2.84339365318914		4.121661445933		1.01273274421692	2.84318368353113	4.16915889848256	0.681956181753101	0.0169688265191664	96.1681304998245
350	2.86853728101836		4.16180047165152		1.00126516819	2.86832731136035	4.1621396608895	0.689147300440983	0.0175753315412214	96.0339226105093
348	2.89063728093005		4.19819179230688		0.990810453891754	2.89042731127204	4.1547375637437	0.695694316891478	0.0181985945113758	95.8962016357403
346	2.91051055965924		4.2328442824028		0.981342911720276	2.91030059000122	4.14904356139945	0.70143890921685	0.0189200713891858	95.7370251827416
344	2.92235433402597		4.25615349861825		0.972720801830292	2.92214436436796	4.13526329280462	0.706640462156909	0.0195734566822155	95.5930994926791
342	2.93122292529913		4.27654923828285		0.964752793312073	2.93101295564112	4.12106627459894	0.711226842845754	0.0203352565998182	95.4255657428979
340	2.92694888967168		4.27898020751141		0.957048177719116	2.92673892001366	4.09048156775334	0.71549984312022	0.0210731642432281	95.2635662931511
338	2.93406429491668		4.29943524893359		0.950148642063141	2.93385432525867	4.08042786653635	0.719006540789327	0.0218587479964398	95.0914023167026
336	2.92092943168792		4.29207102777161		0.944044172763824	2.9207194620299	4.04725997974759	0.721653532672754	0.0226844354128364	94.9107848160381
334	2.90607751524336		4.28563644527779		0.938558220863342	2.90586754558534	4.01770164492287	0.723266136313895	0.023597151389692	94.7115291737751
332	2.8669106941108		4.24639190197757		0.933434963226318	2.86670072445278	3.95913820268467	0.724071900927552	0.0244750511501615	94.5202689797989
330	2.81560656833924		4.19300528109714		0.928119659423828	2.81539659868122	3.88704431837393	0.72430267526741	0.0253282334434036	94.3347638388361
328	2.75762285275061		4.13559900691246		0.923022568225861	2.7574128830926	3.81270997893632	0.723216006023587	0.0264416128185677	94.0932321842604
326	2.66605742342899		4.03050689307458		0.918195605278015	2.66584745377098	3.69627622717021	0.721225170936939	0.0273893769269599	93.8881157122582
324	2.59031482119258		3.95230784553548		0.913534343242645	2.59010485153457	3.60607439611065	0.718261623866702	0.0285264616122138	93.6426161603444
322	2.50779066380749		3.86435225506662		0.908978700637817	2.50758069414948	3.50814174936039	0.714788874938324	0.0296241299778856	93.4062356550319
320	2.41821389414589		3.7643400850561		0.904343068599701	2.41800392448788	3.39980552865719	0.711218304725479	0.0308849331273207	93.1354606362354
318	2.3460044706063		3.68773702139734		0.899914681911469	2.34579450094829	3.31422114097061	0.707796613795448	0.0321151569435693	92.8720095950647
316	2.27684319158578		3.61474598164994		0.895963847637177	2.27663322192776	3.23427360829819	0.703908666257115	0.0334897117392404	92.5785316341049
314	2.22719933192086		3.5697897806577		0.892610192298889	2.22698936226285	3.18203913279026	0.699862342770767	0.0347960249480213	92.3004832968509
312	2.17926489607724		3.526911252997		0.88999992609024	2.17905492641923	3.13457198712008	0.695168251159311	0.0361724893179154	92.0084068159176
310	2.12060422736633		3.46745441729708		0.888025283813477	2.12039425770831	3.07481814082486	0.689599891959624	0.0376367488028323	91.6987152904872
308	2.0692247231771		3.41931614844646		0.887133359909058	2.06901475351909	3.02902475939021	0.683063004719581	0.0391381805462965	91.3822442070602
306	2.01085721852751		3.36168221312988		0.887335538864136	2.0106472488695	2.97857443939206	0.675036763318187	0.0408113078169914	91.0308697471857
304	1.94433549027769		3.29022512113025		0.888603985309601	1.94412552061968	2.91933525580605	0.665948015649505	0.0424648927652419	90.684926895393
302	1.87370986800131		3.21464512875647		0.891015827655792	1.87349989834329	2.85991592444564	0.65508915221221	0.0443430015658836	90.2936061900103
300	1.80520294688833		3.14132282680336		0.894482612609863	1.80499297723031	2.8054578271408	0.643386245114183	0.0461848004095458	89.9114909939821
298	1.72263652876122		3.043319323777		0.900495111942291	1.7224265591032	2.73606377183267	0.629527197733951	0.0480926947016686	89.5173681580687
296	1.64029882157069		2.94518306928632		0.909423410892487	1.64008885191268	2.67394410235794	0.613359438017575	0.0502357122313339	89.0767345188139
294	1.54801809684177		2.82935849699522		0.92107892036438	1.54780812718376	2.60153079483683	0.594960524878521	0.052622559849582	88.5885187609458
292	1.45523203764221		2.70892590470301		0.934718489646912	1.4550220679842	2.52748434912364	0.575679951683461	0.0549374692555954	88.117573763687
290	1.35915199652222		2.58061755560633		0.948803901672363	1.35894202686421	2.44383192468116	0.556070167158287	0.0574543539779499	87.6083792573775
288	1.25508025621542		2.43381874027494		0.962523102760315	1.2548702865574	2.33787118667127	0.536757668134882	0.0603027941556083	87.0356557672277
286	1.14480812530839		2.27302473456978		0.97529125213623	1.14459815565037	2.21206274190874	0.517434760762131	0.0631045423433358	86.4759730796706
284	1.04289303324736		2.12209681769239		0.986907541751862	1.04268306358934	2.08945780437798	0.499020875848577	0.0659607458320117	85.9091167863872
282	0.943915654797635		1.97141879095072		0.996903836727142	0.943705685139622	1.96041022575557	0.481381739771278	0.068997448627328	85.3105125784493
280	0.853639796088535		1.833360441893		1.00535523891449	0.853429826430523	1.83823221374413	0.46426660356052	0.0719634314203679	84.7298755612481
278	0.76939797055845		1.70060349662269		1.00982344150543	0.769188000900437	1.71234098086934	0.449202588441193	0.0749360706137279	84.1519006525973
276	0.692242242717335		1.57675637187342		1.01022160053253	0.692032273059322	1.58790309198949	0.435815180756573	0.078032248133279	83.5540973608995
274	0.619873139002601		1.45859245480408		1.00653350353241	0.619663169344589	1.46317006540909	0.423507276422673	0.081371990752243	82.9140271166405
272	0.563633188665802		1.36713915927107		0.99854451417923	0.563423219007789	1.36023650479695	0.414209747364406	0.0845063486192289	82.3177803426044
270	0.51946616155957		1.29621979615113		0.988452672958374	0.519256191901557	1.27638877092734	0.406816640610445	0.0874908483091248	81.7540265417791
268	0.481577270109404		1.23598512537131		0.972882628440857	0.481367300451391	1.19768191021986	0.40191581449454	0.0905473204566874	81.1806790153512
266	0.452206120019245		1.19162704601974		0.953488886356354	0.451996150361233	1.13151201430433	0.399462086700975	0.0935090761500055	80.6289350853813
264	0.425100308054801		1.14876974333455		0.931065678596497	0.424890338396788	1.0649992712411	0.398958337221808	0.0961744037162238	80.1356190627344
262	0.401362129133541		1.11137609419197		0.906938552856445	0.401152159475528	1.00348772174196	0.399757915103503	0.0986358799558604	79.6827144164319
260	0.376121075462426		1.06821505310467		0.883175373077393	0.375911105804414	0.939076037231946	0.40029890115444	0.101009228920617	79.2484489708919
258	0.350939901856991		1.02179623157384		0.859192788600922	0.350729932198978	0.873692756213447	0.401433947694644	0.103100628444795	78.8677355519987
256	0.325260023724739		0.971580416039631		0.834685504436493	0.325050054066727	0.806857467237968	0.402859324310943	0.105014746434975	78.5208972448518
254	0.298605557583687		0.916053199159456		0.80953711271286	0.298395587925674	0.737596168689893	0.404551434229491	0.106913523012495	78.1783458299617
252	0.271709283887448		0.85668170586642		0.784095585346222	0.271499314229435	0.667862621760093	0.406519702381191	0.108669101960415	77.862957923535
250	0.245844150323808		0.797372607287489		0.758817315101624	0.245634180665795	0.601326787314109	0.408487008807551	0.110581884795592	77.5207766705742
248	0.221567670318273		0.739646733189537		0.735633492469788	0.22135770066026	0.540489619413665	0.409550327535233	0.112412995826817	77.1946147550349
246	0.19740356213846		0.679526468232012		0.715051770210266	0.197193592480448	0.482378575225041	0.40879425954698	0.114315634312376	76.8571658695418
244	0.173954668494365		0.618830447966729		0.697206974029541	0.173744698836352	0.428022671025579	0.405924056359082	0.116476735884071	76.4756653525138
242	0.152229183351683		0.560294052936957		0.681808710098267	0.152019213693671	0.378658891370386	0.401467434564933	0.118993070354474	76.0338408877929
240	0.131508118485445		0.501654802988162		0.667849898338318	0.131298148827432	0.331744311886138	0.395781160740735	0.121662505880696	75.5679244635601
238	0.110784110580278		0.439447988661533		0.657016694545746	0.110574140922265	0.2854921666147	0.38731059501011	0.125039412930122	74.9826158302021
236	0.0927948120223987		0.382254779051199		0.649702370166779	0.0925848423643861	0.245155323847468	0.377657890154534	0.129098901839046	74.2849949487899
234	0.0756134791213864		0.323541163868326		0.645702123641968	0.0754035094633738	0.205734385553592	0.3665090269693	0.133307756187109	73.5685580323463
232	0.0604637103525762		0.268391283107249		0.644411623477936	0.0602537406945636	0.169783980646715	0.35488472154472	0.138108187521724	72.7598529180077
230	0.0473487758651859		0.217977718245215		0.644490897655487	0.0471388062071733	0.13731378344692	0.34329260343624	0.143086915554778	71.930500875502
228	0.0365912226168502		0.174536195057593		0.646355271339417	0.0363812529588376	0.109632345210224	0.331847803575442	0.148437123897746	71.0498026738993
226	0.027651448330062		0.13705072767808		0.649210751056671	0.0274414786720494	0.0857807124872761	0.319902666652714	0.15472550213065	70.0284474247017
224	0.0210309949034521		0.108495351167121		0.652522802352905	0.0208210252454395	0.0675853020520422	0.308070314303054	0.16174806008291	68.9051908459859
222	0.0162044058629085		0.0869356569631081		0.655378818511963	0.0159944362048958	0.0537513481172803	0.297563442873982	0.168505052226066	67.8414228337233
220	0.0125405604815066		0.0704028817224681		0.656985223293304	0.012330590823494	0.0430213094858726	0.286615888052946	0.178253443570085	66.3355839283398
218	0.00983699923399346		0.0579487607547763		0.657121121883392	0.00962702957598083	0.0348463425797387	0.276270875600541	0.188893078898401	64.7301958596485
216	0.00788110620210546		0.0488083482699373		0.655903518199921	0.00767113654409283	0.0287865458145715	0.266483397956338	0.200770942688854	62.9838287066922
214	0.00650156838680178		0.0423022852161002		0.654084265232086	0.00629159872878915	0.024451188268658	0.257312596003927	0.213286069445671	61.1947169801985
212	0.00549165060710003		0.0375816446709982		0.652615189552307	0.0052816809490874	0.0213155090851887	0.247785822425298	0.227344487311602	59.2455195964104
210	0.00467004344981477		0.0337590557656792		0.652986526489258	0.00446007379180214	0.0188315385222569	0.236840648284303	0.243755380134327	57.0485512362477
208	0.00398866322830952		0.0307115662301269		0.655270755290985	0.0037786935702969	0.0169004828371515	0.223584947643649	0.26221929592309	54.6739818263356
206	0.00336214793769162		0.0281060224363694		0.661797821521759	0.00315217827967899	0.0153444831281472	0.205427465581867	0.28796685924647	51.5267962873247
204	0.00273977702953396		0.0255538829736058		0.668592393398285	0.00252980737152133	0.013795681438728	0.183376760528807	0.321079431827396	47.7441942236571
202	0.00212731708630252		0.0231001494915129		0.687935590744019	0.00191734742828989	0.0125067968177492	0.153304435678435	0.368805961370992	42.7753959849641
200	0.00154929713583812		0.0207208235389536		0.715800225734711	0.0013393274778255	0.011310259003554	0.11841704751453	0.442441785095118	36.1042406190038
