Wavelength	I1	I1 dark	R1	R1dark	XCorrect	I1c	R1c	I1c/R1c	Abs	Percent T
nm	uA	uA	uA	uA		uA	uA	uA/uA	OD	T*100
	Abs Detector Raw	Dark Offset for Abs Detector	Ref Detector Raw	Dark Offset for Ref Detector	Linear interp	Dark subtracted Abs Detector	Corrected Ref Detector	Corrected Intensity 	-Log(T)	% Transmittance
800	0.142018630795437	2.21913723058894E-4	0.208714003682622	0.0049296529620602	1.35067892074585	0.141796717072378	0.275247226896142	0.515161292164014	3.0069066494563E-4	99.9307873787217
798	0.146220634066915		0.215061415957368		1.34199333190918	0.145998720343856	0.281995424762024	0.517734358516862	1.92006362707714E-4	99.9557986728131
796	0.1592668750121		0.234105307788011		1.33337259292603	0.159044961289041	0.305576537110798	0.520475042988569	2.22573879637633E-4	99.948763600594
794	0.166554428007272		0.244346669937335		1.32502686977386	0.166332514284213	0.317233980573345	0.524321240693056	2.19308193703687E-4	99.9495151701216
792	0.158937243017262		0.233153108428107		1.31713449954987	0.158715329294203	0.300600986800813	0.527993374151404	2.43034725765793E-4	99.9440548414801
790	0.150096748896703		0.220618233943587		1.30966234207153	0.149874835173644	0.282479212126352	0.530569432155614	1.63175452159365E-4	99.962434521225
788	0.150036733600007		0.220854032206195		1.30193436145782	0.149814819876948	0.28111936881439	0.53292243970519	5.48843003938145E-5	99.9873632213155
786	0.153552614742879		0.226000797703818		1.29363858699799	0.15333070101982	0.285986163309755	0.536147271061315	1.02894194061178E-4	99.9763105426551
784	0.157564464702435		0.231849255970549		1.28498160839081	0.157342550979376	0.291587516449251	0.539606609005019	1.02428683567886E-4	99.9764177050726
782	0.164216243278456		0.241561264026529		1.27644824981689	0.163994329555397	0.302048005794593	0.542941275589551	-1.18382090958226E-5	100.002725885531
780	0.174519692677288		0.256692453503116		1.268270611763	0.174297778954229	0.319303361061371	0.545868914047316	1.78330975677034E-4	99.9589462047563
778	0.188415285692747		0.276816977348484		1.26044166088104	0.188193371969688	0.342698110722126	0.549152055647845	8.94311307171961E-5	99.9794098412203
776	0.205532751787985		0.301522244583751		1.25292003154755	0.205310838064926	0.371606799251417	0.552494837227182	-5.46150046984635E-5	100.012576360325
774	0.233657223530768		0.342373828282821		1.24577045440674	0.233435309807709	0.420377983626251	0.555298609584778	-2.59433696760266E-5	100.005973860056
772	0.301779641089985		0.441540649175632		1.23883104324341	0.301557727366927	0.540887255930803	0.557524186529375	-8.44857034161707E-5	100.019455444452
770	0.399033990409933		0.582719013174499		1.23221707344055	0.398812076686875	0.711961914506061	0.560159284592574	-1.95674156210476E-4	100.045065791095
768	0.445446995290394		0.64738666123153		1.22665858268738	0.445225081567335	0.788075403201401	0.564952388767237	-2.74663364425079E-4	100.063263579818
766	0.398897853020341		0.578183333566158		1.22236526012421	0.398675939297282	0.700725384408787	0.568947476668982	-1.65733057435383E-4	100.038168729153
764	0.338786018543739		0.491599938526386		1.2186872959137	0.33856410482068	0.593098894315935	0.570839210906254	-2.99421112115217E-4	100.068968030945
762	0.321896377803121		0.468607108723242		1.214359998703	0.321674464080062	0.56307135457676	0.571285435612069	-2.59208348051117E-4	100.059702742817
760	0.333256880382238		0.484893224685997		1.20898902416229	0.333034966659179	0.580270690211971	0.573930360910565	-5.02016393309676E-4	100.115660381457
758	0.354521435656156		0.515628493728224		1.2031888961792	0.354299521933097	0.614467174501438	0.576596336851625	-3.28131347597969E-4	100.075583584959
756	0.379052986156277		0.550771025936435		1.19780671596527	0.378831072433219	0.65381246240041	0.579418555349001	-4.29844565777266E-4	100.099024365728
754	0.405287003995787		0.58799427865635		1.1931779384613	0.405065090272729	0.695699848075625	0.582241165343329	-4.65815661348239E-4	100.107315561775
752	0.427775419433272		0.619789369776862		1.18890511989594	0.427553505710213	0.731009865338882	0.584880623344265	-5.35212081444172E-4	100.123313104195
750	0.460613558645319		0.66664076882061		1.1848680973053	0.46039164492226	0.784040390813085	0.587203988872069	-6.43982909905224E-4	100.148392537775
748	0.508878611247871		0.735329873770751		1.18107759952545	0.508656697524812	0.862659339485589	0.58963796511857	-7.54076462119054E-4	100.173783350612
746	0.565032062561579		0.814998594460712		1.17750906944275	0.56481014883852	0.95386352548855	0.592128888196282	-6.72095095287656E-4	100.154875423045
744	0.613765897205716		0.883365871714385		1.174187541008	0.613543983482657	1.03144886362915	0.594837034696904	-6.33874925785316E-4	100.146061661783
742	0.667986604691697		0.958780721266558		1.17108881473541	0.667764690968638	1.11704431701482	0.59779605947342	-9.18666210550499E-4	100.211754596229
740	0.754169870033361		1.08047424495022		1.16803753376007	0.753947956310302	1.25627645267483	0.600144939997099	-7.97539152508827E-4	100.183808898201
738	0.868735183296284		1.24097757835429		1.16498303413391	0.868513269573225	1.43997486245836	0.603144743853706	-8.10366654382385E-4	100.186768012417
736	0.952103221903591		1.355988184279		1.16204738616943	0.951881308180532	1.56999403487877	0.606296130452517	-6.01822966709962E-4	100.138670918501
734	0.983330983619631		1.39688768667905		1.15931880474091	0.983109069896573	1.61372312389829	0.609217935429757	-5.07991906471992E-4	100.117037895073
732	0.988315584429792		1.40305202839026		1.15665113925934	0.988093670706733	1.617139838363	0.611013127786747	-4.58876370936318E-4	100.105716029168
730	0.989150693374209		1.40529960681146		1.15388596057892	0.98892877965115	1.61586722936337	0.612011161363039	-3.71556706388828E-4	100.085590701287
728	0.987332385886357		1.40553100329491		1.15089321136475	0.987110472163299	1.61194258592637	0.612373220226087	-4.21648257776903E-4	100.097135245036
726	0.998076058023604		1.42459636424168		1.1476241350174	0.997854144300545	1.62924378154526	0.612464602046311	-4.2046968366195E-4	100.096863605083
724	1.01621488546577		1.45453359251561		1.14410185813904	1.01599297174271	1.65849456080888	0.61259951992076	-3.13885965523437E-4	100.072301039121
722	1.01941071370007		1.46204641902367		1.14027833938599	1.01918879997701	1.66151868629622	0.613407967291024	-3.63529431332432E-4	100.083740787981
720	0.992347014467394		1.42504006236002		1.13600122928619	0.992125100744335	1.6132471707982	0.614986419132197	-3.07448866071997E-4	100.070817781546
718	0.92704622432305		1.33192258073747		1.13137769699097	0.926824310599991	1.50133020254984	0.61733541963379	-2.51486963052507E-4	100.057923782568
716	0.815725639135541		1.17168539723468		1.12621939182281	0.815503725412482	1.31402294472049	0.620616046842282	-1.95028601547083E-4	100.044917079764
714	0.682399428120434		0.980510872546916		1.12039887905121	0.682177514397376	1.09304010484628	0.624110232893341	-2.17096716662444E-4	100.050000862618
712	0.558484113368994		0.804716662433925		1.11375534534454	0.558262199645935	0.890767056936417	0.626720751849474	-1.80325253574902E-4	100.041530045414
710	0.461253739611999		0.668037424088467		1.10628998279572	0.46103182588894	0.733589484711137	0.628460243088788	-2.35567648727899E-4	100.054256168973
708	0.390770416224203		0.570693628701066		1.09837675094604	0.390548502501144	0.621421997474526	0.628475503101503	-1.98199661954915E-4	100.045647574041
706	0.338297670157018		0.499183870991199		1.09038031101227	0.338075756433959	0.538925067973738	0.627314958098096	-1.94295902708052E-4	100.044748293984
704	0.299546719689301		0.447481437420937		1.0826700925827	0.299324805966242	0.479137581452732	0.624715775912833	-7.99814000339886E-5	100.018418093866
702	0.280390121865456		0.42373816206415		1.07555782794952	0.280168208142397	0.450452770376622	0.621970218782647	-1.71246213969048E-4	100.039438672952
700	0.271093011917254		0.413717536799015		1.0694442987442	0.270871098194195	0.437175871765138	0.619592973190694	-1.87479645313539E-4	100.043178102714
698	0.277795042835298		0.426319128240361		1.0649927854538	0.277573129112239	0.448776751037551	0.618510492066497	-3.17727764687599E-5	100.007316219768
696	0.298560826443729		0.458819826963033		1.06259047985077	0.29833891272067	0.482299377791243	0.618576192420057	-3.56122324846523E-5	100.008200355776
694	0.327130887059549		0.502129653450132		1.06203079223633	0.32690897333649	0.528041710418249	0.619096876035707	-9.22294426203271E-5	100.0212388691
692	0.35136394818098		0.538199059433935		1.06277585029602	0.351142034457921	0.566745846900001	0.619575840526411	-6.25014258371341E-5	100.014392520766
690	0.368017149408382		0.562677005808294		1.06392598152161	0.367795235685323	0.593401899818007	0.619807984770733	-1.03641300850735E-4	100.023867139184
688	0.379717213448545		0.580236869019379		1.06461536884308	0.379495299725486	0.612480904020947	0.61960348026215	-1.48437262789729E-4	100.034184784521
686	0.384785473621165		0.587947388397749		1.0645604133606	0.384563559898106	0.620657601431975	0.619606622090577	-7.24402532029539E-5	100.016681375903
684	0.381431454469527		0.582989905507401		1.06376242637634	0.381209540746469	0.614918776839354	0.619934786681687	-8.59054905995425E-5	100.01978242667
682	0.377706964127965		0.577577646617895		1.06245732307434	0.377485050404906	0.60841405440347	0.620441042860223	-1.03009319351625E-4	100.023721585441
680	0.377952891556181		0.578712224555256		1.06094348430634	0.377730977833122	0.608750880740335	0.620501735247994	7.20225924027548E-5	99.983417560276
678	0.386411697369549		0.591873723526103		1.05921316146851	0.38618978364649	0.621698884587333	0.621184617216794	-1.15773481194157E-4	100.026661382711
676	0.394542423960596		0.604697550073982		1.05730748176575	0.394320510237537	0.634139084939344	0.621820227774249	-9.07865709281892E-5	100.020906565604
674	0.400627149888431		0.614527638840855		1.05524814128876	0.400405236165372	0.643277141531969	0.622445926201892	-2.41473646312174E-5	100.005560290762
672	0.407947047320119		0.62606546380696		1.05312037467957	0.40772513359706	0.654130777843876	0.623308285448653	-6.72811100306031E-5	100.015493248179
670	0.413411320369574		0.634857205715189		1.0509113073349	0.413189406646515	0.661997987990065	0.62415507923374	-1.28081003730723E-4	100.02949609023
668	0.417684304666465		0.641864703856134		1.0485315322876	0.417462390943406	0.667846484881642	0.625087352248908	-7.46194699297234E-5	100.017183244061
666	0.420650897061838		0.64682113389004		1.04595601558685	0.420428983338779	0.671390255830574	0.626206561217764	-8.33442475099098E-6	100.001919090633
664	0.423972659133526		0.652288351885772		1.04322910308838	0.423750745410467	0.675343434854644	0.627459635410052	-9.72090278406932E-5	100.022385711067
662	0.430423156544274		0.662595907996929		1.04042720794678	0.430201242821215	0.684253865486741	0.628715838550935	-1.6530514085507E-4	100.03807016016
660	0.435860677884852		0.671496167360779		1.03775990009308	0.435638764161793	0.691735999387806	0.629776048300707	-8.71225194751607E-5	100.020062713754
658	0.444676626335953		0.685421481636191		1.03528940677643	0.444454712612894	0.704505981624248	0.630874292349084	2.06019077421941E-5	99.9952563479493
656	0.459662995599801		0.708711415319984		1.03309750556946	0.459441081876742	0.727075183157249	0.631903127103949	-1.16728813478837E-4	100.026881414989
654	0.475694926077733		0.733640161253089		1.03115320205688	0.475473012354674	0.751412173996794	0.632772569847533	-1.03962596622054E-4	100.023941137954
652	0.492012055529134		0.759021185321593		1.02945709228516	0.491790141806075	0.776304876219703	0.633501291658631	-9.19154739638214E-5	100.021166559817
650	0.501497156809593		0.773856927449812		1.02793705463409	0.501275243086534	0.790408837764762	0.634197416749686	-4.70166213610637E-5	100.010826563177
648	0.504273498046058		0.778246885623189		1.02666783332825	0.504051584322999	0.793939927731597	0.634873706078932	-1.27173137826897E-4	100.029286984939
646	0.502862757390074		0.776587515207456		1.02560043334961	0.502640843667015	0.791412637916511	0.635118545731437	-3.80625522254001E-5	100.008764610605
644	0.511153745516124		0.789827714434336		1.02465677261353	0.510931831793065	0.804251114498795	0.635288932252802	-3.83173659289354E-5	100.008823288788
642	0.518735775209949		0.801993273772932		1.02378344535828	0.51851386148689	0.816020539883497	0.635417659414453	-3.88701305633065E-5	100.00895057886
640	0.531878748485069		0.822469335702833		1.02288675308228	0.53165683476201	0.836250511594622	0.635762642163541	-1.51230908484246E-4	100.034828267181
638	0.54685053187251		0.845857917457521		1.02184903621674	0.546628618149451	0.859301736602099	0.636131168908098	-8.85503558529469E-5	100.020391551731
636	0.560712317705793		0.867546329846444		1.02063095569611	0.560490403982734	0.880413283327908	0.636621930400817	-8.1869898182033E-5	100.01885301767
634	0.575590103901227		0.890745101421227		1.01923584938049	0.575368190178168	0.902854861004641	0.637276504817102	-1.35597657718824E-4	100.031227389265
632	0.588694910367418		0.91135738466406		1.0177036523819	0.588472996644359	0.922474813173363	0.637928524704084	-6.14417782637246E-5	100.014148493077
630	0.602901041292098		0.933464417351603		1.01619136333466	0.602679127569039	0.943569008128633	0.638722894008912	-1.16751511352172E-4	100.026886642772
628	0.617709970676284		0.956775408164219		1.01451146602631	0.617488056953225	0.965658432541058	0.639447693040231	-1.3854732092666E-4	100.031906788717
626	0.633039598605753		0.980746805468336		1.01275491714478	0.632817684882694	0.988263619434944	0.64033287519429	-7.79360919555693E-5	100.017947058646
624	0.648541072542835		1.00490723933176		1.01092803478241	0.648319158819776	1.01090537621517	0.641325265522952	-1.04315164525416E-4	100.024022339183
622	0.660511540634652		1.02356349230897		1.0092089176178	0.660289626911593	1.02801435445615	0.642296115856187	-1.56086511140914E-4	100.035946706658
620	0.672650636655482		1.04252969401541		1.00772297382355	0.672428722932423	1.04561339900972	0.643094975226284	-1.51707003325445E-4	100.03493793031
618	0.679986037016797		1.05417201269447		1.0068142414093	0.679764123293738	1.0563921504685	0.643477067670629	-1.36336345634683E-4	100.031397531703
616	0.68681265289528		1.06485019563521		1.00664889812469	0.686590739172222	1.06696784638165	0.643497122711448	-2.27614895649309E-4	100.052424003146
614	0.695124389922615		1.07806560390759		1.00700271129608	0.694902476199556	1.08065081219145	0.643040719869875	-1.43025017350864E-4	100.032938150706
612	0.700703027595637		1.08694096550543		1.00780045986176	0.700481113872578	1.09045149835683	0.642377139128253	-2.2231982063609E-4	100.051204135331
610	0.709334860446888		1.10052022265332		1.00835275650024	0.709112946723829	1.10474177094385	0.641881175650656	-1.61162077585474E-4	100.037115825959
608	0.721528987290252		1.11966668558951		1.0085117816925	0.721307073567193	1.12422543089372	0.641603591010903	-1.35330149858095E-4	100.031165774088
606	0.73409876415653		1.13918769533817		1.00798010826111	0.733876850433471	1.1433095443503	0.641888151865735	-2.13215055691501E-4	100.049106634246
604	0.748210156312058		1.16116693261607		1.00688087940216	0.747988242588999	1.16419320893559	0.642494937135803	-1.42697609954351E-4	100.032862737564
602	0.764268518064298		1.18588229506614		1.00539457798004	0.764046604341239	1.18732338322264	0.643503375017729	-1.57849300511025E-4	100.036352750641
600	0.780991696098061		1.21169849674521		1.00393652915955	0.780769782375002	1.21151932452553	0.644455079311902	-1.69510957291053E-4	100.039038958555
598	0.799885561989362		1.24086932792747		1.00287997722626	0.799663648266303	1.23949915308234	0.645150620940505	-1.20921916478423E-4	100.027847176837
596	0.819326373068907		1.2707137156256		1.00218975543976	0.819104459345848	1.26855582020032	0.645698396793057	-7.80744778470484E-5	100.017978928899
594	0.839931817322509		1.30236682218858		1.00178515911102	0.83970990359945	1.29975330101014	0.64605329561144	-1.60990855066125E-4	100.037076385892
592	0.858943035508263		1.33162404710829		1.00154709815979	0.858721121785204	1.32874692060202	0.646263865955859	-1.26970411291815E-4	100.029240291769
590	0.87407593797465		1.35488240120237		1.00122630596161	0.873854024251591	1.35160820334337	0.646529091855175	-5.77536971607056E-5	100.013299164475
588	0.893108281953776		1.3840215673457		1.00070452690125	0.892886368230717	1.38006352173661	0.646989326337057	-1.05307437039009E-4	100.02425087352
586	0.908120444674553		1.40684477587267		0.999973237514496	0.907898530951494	1.40187760417745	0.647630383883764	-9.73127104123235E-5	100.022409590209
584	0.921127271404806		1.42676780588339		0.999053955078125	0.920905357681747	1.42049303015703	0.648299807271807	-6.03964870958432E-5	100.013907772127
582	0.934004343496907		1.4465494784728		0.998229086399078	0.933782429773848	1.43906684135439	0.648880512662645	1.10726357302619E-5	99.997450463904
580	0.949841080494173		1.47056811546179		0.997582137584686	0.949619166771114	1.46209475034681	0.649492221038248	-1.15635130140782E-4	100.026629517716
578	0.96378059459863		1.49170148940078		0.997147619724274	0.963558680875571	1.48253099777796	0.649941675634282	-1.05237096498985E-4	100.024234673085
576	0.977957193663077		1.51341409612555		0.996688485145569	0.977735279940018	1.50348907452227	0.650310864580568	-6.67222017367453E-6	100.001536347273
574	0.997359293194925		1.54288918145699		0.996220171451569	0.997137379471866	1.53214630516279	0.650810811024943	-6.68549842022462E-5	100.015395113928
572	1.01579124655145		1.57088637983145		0.9957315325737	1.01556933282839	1.55927249158975	0.651309721877395	-4.13389259969871E-5	100.009519092513
570	1.03446317640848		1.59928962221063		0.995352268218994	1.03424126268542	1.58694981174913	0.651716427972909	4.95913624597575E-6	99.9988581232001
568	1.05280148962866		1.62684867056242		0.995181918144226	1.0525795759056	1.61410447901013	0.652113657816694	-4.86554554284971E-5	100.011203960233
566	1.07228022795415		1.65645353036844		0.995282471179962	1.07205831423109	1.64373276591774	0.6522096148838	2.24047050053369E-5	99.9948412590918
564	1.09502490559764		1.69077759791928		0.995623111724854	1.09480299187458	1.67846917685326	0.65226279217536	-5.11944380743479E-5	100.011788649802
562	1.11670982677564		1.72352862775667		0.996170461177826	1.11648791305258	1.71201753330089	0.652147475908097	1.33797697572337E-5	99.9969192416173
560	1.14900682066514		1.77229883935379		0.99668163061142	1.14878490694208	1.76150440258529	0.652161246520906	-7.11714558928237E-6	100.001638796762
558	1.17785574175348		1.81560783423689		0.997178435325623	1.17763382803042	1.80556923568188	0.652223024605139	-3.59865744204518E-5	100.008286558297
556	1.2057574262123		1.85762226277994		0.997675478458405	1.20553551248925	1.84838598593641	0.652209831529593	-5.20321765286716E-6	100.001198092317
554	1.23390433466917		1.89954092563735		0.99818366765976	1.23368242094611	1.89117002894854	0.652338183273779	-2.61532660713235E-5	100.006022193386
552	1.26338776960995		1.94356445604005		0.998678505420685	1.2631658558869	1.93607290769445	0.652437132334609	-2.37833533397708E-5	100.005476469439
550	1.28894313144632		1.98148534517075		0.999059557914734	1.28872121772326	1.97469685605187	0.65261724288146	-2.63205456532022E-5	100.00606071326
548	1.32099681784167		2.02935713910789		0.999196529388428	1.32077490411862	2.02280091815545	0.652943595320791	2.62138720329448E-5	99.9939642150636
546	1.34704135814288		2.0674242669465		0.99907249212265	1.34681944441982	2.06058163398298	0.653611301881062	-6.8308322709798E-6	100.001572869625
544	1.3736880453533		2.10593912732727		0.998806416988373	1.37346613163024	2.09850174514934	0.654498446239079	-4.90130348377721E-5	100.011286305193
542	1.39846845907264		2.14213077757328		0.998482644557953	1.39824654534958	2.13395823085404	0.655236135896616	1.31925172298814E-5	99.9969623567861
540	1.41313916976841		2.16258017934704		0.99831360578537	1.41291725604535	2.15401187702009	0.655946826997082	4.22535506458657E-5	99.9902712336908
538	1.44095042301422		2.20258531834734		0.998360693454742	1.44072850929116	2.19405303406879	0.656651633720713	1.0123186535206E-5	99.9976690773255
536	1.45775616635527		2.22595519130083		0.998661279678345	1.45753425263221	2.21805220631569	0.657123510655892	6.99080084920073E-6	99.9983903215731
534	1.47891607227658		2.25580024733392		0.999168038368225	1.47869415855352	2.24899795639926	0.657490218853277	1.54187058408078E-5	99.9964497747998
532	1.4956627778371		2.2787770782968		0.999805629253387	1.49544086411404	2.27340545591299	0.657797692982785	1.00355676364046E-4	99.9768949211952
530	1.51920507052868		2.31129469291296		1.0004802942276	1.51898315680562	2.30747277376633	0.658288658516342	-3.23022128085364E-5	100.007438135984
528	1.53640226131689		2.3349089506311		1.00102841854095	1.53618034759384	2.3323754915788	0.658633377490166	7.03662398210129E-5	99.9837988870359
526	1.55611110828404		2.36167636995774		1.0014044046402	1.55588919456098	2.3600565430208	0.659259287309063	1.88655890311507E-5	99.9956561319413
524	1.5803664914879		2.39494988056697		1.00163662433624	1.58014457776484	2.39393179287352	0.660062489026949	6.67854475790664E-5	99.9846232647387
522	1.60528683135415		2.42902407476676		1.00181710720062	1.60506491763109	2.42849926123355	0.660928723863725	1.22261540840395E-6	99.9997184827949
520	1.63105485493282		2.4646357689604		1.0020604133606	1.63083294120976	2.46477412734288	0.661656142491184	2.79087344821853E-5	99.993573982879
518	1.6601430338327		2.50477647924922		1.00242054462433	1.65992112010965	2.50589781708417	0.662405748866929	8.04599155851628E-5	99.9814751358439
516	1.7004227104906		2.5613546650583		1.00289297103882	1.70020079676754	2.56382067561915	0.663151215268578	6.75617075887907E-5	99.9844445519102
514	1.74161572790413		2.61897840750383		1.00349617004395	1.74139381418107	2.62318791349081	0.663846385241882	1.85304744261626E-5	99.9957332916086
512	1.78319123127804		2.67706110990846		1.00418245792389	1.78296931755498	2.68330753433218	0.664467003778874	1.25068555093522E-4	99.9712060471985
510	1.8374147967352		2.75337342649806		1.00497353076935	1.83719288301214	2.76211324321151	0.665140318749582	1.09244462325589E-4	99.9748486964265
508	1.90397561952832		2.84776613852323		1.00580215454102	1.90375370580526	2.85933106218524	0.665803876641805	1.00088530031346E-4	99.9769564197179
506	1.97589514133567		2.94965709270594		1.00663805007935	1.97567322761261	2.96427468795892	0.666494652347141	9.36641693842668E-5	99.978435353487
504	2.06229012847825		3.07253322746886		1.00742840766907	2.06206821475519	3.09039098442532	0.667251563037627	1.09728491649949E-4	99.9747372726495
502	2.15071273859856		3.19695539494044		1.00814700126648	2.1504908248755	3.21803117974091	0.668262892669871	1.49242973906822E-4	99.9656414392107
500	2.2465779939528		3.33248594859811		1.00866842269897	2.24635608022975	3.35640096016125	0.66927524657895	1.73414129156876E-4	99.9600778921239
498	2.36975937773794		3.50771220522216		1.00904226303101	2.36953746401488	3.53445563343805	0.670410866555418	1.74695743504752E-4	99.9597829077611
496	2.55575536088146		3.77537253130107		1.00876116752625	2.5555334471584	3.80347636004428	0.671894131906382	2.5183978256144E-4	99.9420285570231
494	2.76646757927777		4.07576519367498		1.00816118717194	2.76624566555471	4.10405839150685	0.674026878194356	1.33872493613149E-4	99.969179469686
492	2.92999538624153		4.30452471424528		1.00794267654419	2.92977347251848	4.33374535412599	0.676037291791765	2.09887400811279E-4	99.9516833162393
490	2.98006774932271		4.3650121041403		1.00791668891907	2.97984583559965	4.39459986760571	0.67806988699136	2.21725711075928E-4	99.9489587987496
488	3.02504903576406		4.41942741154006		1.00887954235077	3.024827122041	4.45369647838267	0.679172264370259	1.91224085241544E-4	99.9559787194004
486	3.13443425261214		4.56878958135339		1.00954282283783	3.13421233888908	4.60741203514464	0.68025440637429	2.61502882570363E-4	99.9398048606296
484	3.36278570433641		4.88753064453289		1.01009511947632	3.36256379061335	4.93189143193593	0.681800043050306	2.43713387809126E-4	99.943898661316
482	3.53200806694148		5.11670412994528		1.01073944568634	3.53178615321842	5.16667210133961	0.683570794497043	2.15945785706694E-4	99.950289005305
480	3.59098956084643		5.18378472049756		1.01162850856781	3.59076764712337	5.23907742805978	0.685381671950811	2.35941784193352E-4	99.9456871512606
478	3.56315044962954		5.12728219386786		1.0127238035202	3.56292853590648	5.1875283481975	0.686825843977217	2.90408304936808E-4	99.9331533689392
476	3.69773353014646		5.3053822297773		1.01399922370911	3.6975116164234	5.37465479819759	0.687953320772039	3.42144087454252E-4	99.9212494370021
474	3.98937697380533		5.7083083268001		1.01552999019623	3.98915506008227	5.79195208872812	0.688741032206685	2.59025126740714E-4	99.9403750431919
472	4.48542844887399		6.40106539190307		1.01726651191711	4.48520653515093	6.50657469290092	0.689334518828251	3.4516972150135E-4	99.9205533100795
470	4.99886544633411		7.11650689295056		1.01911818981171	4.99864353261105	7.24753772352321	0.689702313157618	4.1175170554416E-4	99.9052355959286
468	5.41512521029582		7.68513486919406		1.02110064029694	5.41490329657276	7.84226246390636	0.690477183273908	3.53478921291124E-4	99.9186415844355
466	5.500411525873		7.77016117500666		1.02326714992523	5.50018961214994	7.94590632807214	0.692204184778556	3.93806253650381E-4	99.9093638584683
464	5.29799441242401		7.44887576369279		1.02553856372833	5.29777249870095	7.6340538028699	0.693965831981605	4.40880013896931E-4	99.89853513566
462	5.11591421295625		7.16870742985135		1.027627825737	5.11569229923319	7.36169738092778	0.694906627442552	4.09457093940905E-4	99.9057634504788
460	4.96254636688939		6.94241308261105		1.02919805049896	4.96232445316633	7.1400444211636	0.694999100910024	3.77814869739814E-4	99.913042741059
458	4.79821410436244		6.70764876470146		1.03004312515259	4.79799219063938	6.90408974087603	0.694949279444126	4.64709315542904E-4	99.8930539538352
456	4.60256681510514		6.43735602896509		1.03006207942963	4.60234490138209	6.62579848864366	0.69460985106479	4.84811822859195E-4	99.888430237769
454	4.42281088320623		6.19928563196716		1.02918720245361	4.42258896948317	6.37515190103407	0.693722916432126	5.12697538447805E-4	99.8820166841826
452	4.29248170892231		6.03662562285149		1.02735614776611	4.29225979519925	6.196699936122	0.692668652580493	4.2042005740808E-4	99.9032415455119
450	4.11309461247113		5.80608648803049		1.02460694313049	4.11287269874808	5.94390557140003	0.691947853030802	5.45850104686146E-4	99.8743923211595
448	3.83199595636779		5.42841527371928		1.02102768421173	3.83177404264473	5.53752896371737	0.691964605106542	5.3012603829788E-4	99.8780084389567
446	3.49137114083433		4.96516339568753		1.01675081253052	3.49114922711127	5.04332168825741	0.692232112664926	5.10389291704402E-4	99.882547551974
444	3.23255928884114		4.61452872911985		1.0121191740036	3.23233737511808	4.66546360944858	0.692822331433879	6.4606253330314E-4	99.8513491990842
442	3.1151586057165		4.45713949635031		1.00782012939453	3.11493669199344	4.48702670045515	0.694209528924237	7.13300136315102E-4	99.8358913796308
440	3.07539221183243		4.40244848094384		1.0045450925827	3.07517029810937	4.41750595818914	0.696132688266928	6.40111991616751E-4	99.8527173345572
438	3.04966140138837		4.36212899868307		1.00285410881042	3.04943948766531	4.36963526676241	0.697870486093163	7.63840561166757E-4	99.8242737906644
436	3.01696527114793		4.30785338854839		1.00277864933014	3.01674335742487	4.31488005174185	0.699148834092631	8.29972476432392E-4	99.8090742703127
434	2.98601705349815		4.25265869882753		1.00421047210693	2.98579513977509	4.2656139905309	0.699968432775016	8.3748925283056E-4	99.80734678808
432	2.97957167998875		4.22954402606833		1.00665414333344	2.97934976626569	4.2527255626734	0.700574189977303	8.6119339899677E-4	99.8018993705522
430	2.98783615749479		4.22548686055719		1.00962591171265	2.98761424377173	4.26118391865362	0.701123044863952	9.00718191724432E-4	99.7928168929786
428	2.99775755638093		4.22520160665208		1.01240730285645	2.99753564265787	4.27263414595602	0.70156618616527	9.56027152380421E-4	99.7801087288915
426	2.99859353049868		4.21669112084625		1.01423370838165	2.99837161677562	4.27171045239113	0.701913589460927	9.5972216252454E-4	99.7792597958268
424	2.97702225372941		4.18419772497999		1.01462960243225	2.97680034000635	4.24040910236935	0.702007817675668	0.00100126629367992	99.769715478388
422	2.95793869667675		4.16435843062567		1.01337480545044	2.9577167829537	4.21506032834982	0.701702123469163	0.00102991967078462	99.7631332050755
420	3.41479581155046		4.82457716578053		1.01114857196808	3.4145738978274	4.8733796999759	0.700658292200029	0.00107613848639916	99.7525167024363
418	3.25542280193338		4.6224070616079		1.0079870223999	3.25520088821032	4.65435730413974	0.699387837138124	0.00107819887954327	99.7520434546228
416	3.06685076899547		4.38151875690638		1.00422537326813	3.06662885527241	4.3950818265497	0.697741015138238	0.00109187415596314	99.7489024630895
414	2.88334871894746		4.14713856985463		1	2.8831268052244	4.14220891689257	0.696036067487219	0.00120585829078477	99.7227259839873
412	2.74075150272037		3.96820686890945		0.995681941509247	2.74052958899731	3.94616355311386	0.694479474079274	0.00126165072575724	99.709915744457
410	2.63437321945403		3.8363753752956		0.991583049297333	2.63415130573097	3.79919663256871	0.693344293672415	0.0012998908438291	99.7011365606338
408	2.52945903530294		3.70160340317787		0.988153755664825	2.52923712157988	3.65288204974333	0.692394960236287	0.00134205864149483	99.6914565544787
406	2.45521910640037		3.60687177513843		0.985654711723328	2.45499719267731	3.55027122407786	0.691495673915719	0.00142520044312253	99.6723733417774
404	2.39438260762002		3.52789118463371		0.98426741361618	2.39416069389696	3.46753623504775	0.690450086634492	0.00151314060535221	99.6521927553902
402	2.37892048609977		3.5109003643891		0.984128773212433	2.37869857237671	3.45032665515542	0.689412571653905	0.00160178021909775	99.6318557930712
400	2.39618895526905		3.53733342092411		0.985299050807953	2.39596704154599	3.48047407964344	0.688402495384034	0.00160457438986044	99.6312147821108
398	2.44591510253129		3.60810452659835		0.987817049026489	2.44569318880823	3.55927757080179	0.687131908135306	0.00172321492780592	99.6040012506871
396	2.48671051252453		3.66117150636677		0.991658091545105	2.48648859880147	3.62574181857466	0.685787550029957	0.0017851853329003	99.5897895574673
394	2.51189250705282		3.68869886221381		0.996615350246429	2.51167059332976	3.67130094070545	0.684136395761426	0.00185415057529599	99.5739761199038
392	2.51435216280471		3.68025877435691		1.0025714635849	2.51413024908165	3.68478009639304	0.682301299755359	0.00194479682913744	99.5531951374148
390	2.52374836638044		3.68019013422047		1.0093150138855	2.52352645265738	3.70949558367415	0.680288302205741	0.0020126556285693	99.5376411001654
388	2.53400977991366		3.68145118157871		1.01699423789978	2.5337878661906	3.73900121011762	0.677664361095751	0.00209523531009831	99.518716141154
386	2.55410105180603		3.69582657214627		1.02549052238464	2.55387913808298	3.78497980972209	0.674740491751922	0.00218513224428266	99.49811836251
384	2.58738675723944		3.72936331517632		1.03449034690857	2.58716484351638	3.85289067126199	0.671486700314019	0.00225567009548106	99.4819592496729
382	2.61810565360107		3.76017703575632		1.04369103908539	2.61788373987801	3.91931804297123	0.667943685910571	0.00234524703968509	99.4614423623242
380	2.64445227214813		3.78608501905124		1.0526317358017	2.64423035842507	3.98016413634235	0.664352088970643	0.00245555476675972	99.436183067332
378	2.65888469396546		3.79644239205673		1.06117713451386	2.65866278024241	4.02346662394526	0.660789072890438	0.0025213009077574	99.4211309523204
376	2.66423143466676		3.79494284372288		1.06922745704651	2.6640095209437	4.05238616612991	0.657392808022505	0.0026301608838733	99.3962132385011
374	2.66413840488197		3.7870180634811		1.07646524906158	2.66391649115891	4.07128674280231	0.654318071766497	0.00275470599498189	99.3677129050548
372	2.66046204991619		3.77476481645975		1.08239138126373	2.66024013619313	4.08043708975486	0.651949797945042	0.0028510389978263	99.345674106503
370	2.66758084871587		3.77915572220393		1.08660447597504	2.66735893499281	4.10109094017988	0.650402289025032	0.00298135170553539	99.3158693029378
368	2.67866375882784		3.78967607128298		1.08728444576263	2.67844184510478	4.11509591179618	0.650881997045769	0.00303513936209424	99.3035697290265
366	2.69385012351325		3.8077242889843		1.08414971828461	2.69362820979019	4.12279873333773	0.653349431785016	0.0032592931576271	99.2523290856252
364	2.71290509169883		3.83137759699526		1.07767069339752	2.71268317797577	4.12365080909578	0.657835326888554	0.0033453694465997	99.2326594238131
362	2.73789940312239		3.86371165448325		1.06871128082275	2.73767748939934	4.1239238552615	0.663852579602428	0.00348917228714165	99.1998071159063
360	2.77055725211299		3.90711608546215		1.05907070636749	2.77033533838993	4.13269134144552	0.670346539216968	0.00360341708669535	99.1737152081014
358	2.81198180028731		3.9634919885572		1.04836678504944	2.81175988656425	4.15002526918567	0.677528377343106	0.00378233631497319	99.1328663584004
356	2.8470034920419		4.01009123153506		1.03684234619141	2.84678157831885	4.15272112800331	0.685521972357345	0.00387458116886788	99.1118126124512
354	2.88650404120047		4.06414608971751		1.02479386329651	2.88628212747741	4.1598600941793	0.693841153820547	0.00398118591521106	99.0874869684106
352	2.92607639211657		4.1187001056128		1.01273274421692	2.92585447839351	4.16615003959146	0.702292152368191	0.00420748151868437	99.035869407807
350	2.94932460979711		4.15079164601191		1.00126516819	2.94910269607405	4.1511072057636	0.710437613362376	0.0043614441571432	99.0007662187455
348	2.98448388700037		4.20014071808035		0.990810453891754	2.98426197327731	4.15665897960156	0.717947271576119	0.00452450075400856	98.9636031907284
346	3.0093175416863		4.23532213883821		0.981342911720276	3.00909562796324	4.15146567980927	0.724827292345937	0.00467538644501933	98.9292265208638
344	3.03325070809457		4.27053184328736		0.972720801830292	3.03302879437151	4.14923998286227	0.730984181898111	0.00486397898627073	98.8862757935939
342	3.04152828374509		4.28392418942525		0.964752793312073	3.04130637002203	4.12817193161996	0.736719889674889	0.00504100091863096	98.8459771638825
340	3.04955510256067		4.29816978263005		0.957048177719116	3.04933318883761	4.10883764260933	0.742140102401594	0.0051968072867929	98.8105217963846
338	3.04524631351539		4.29677814445202		0.950148642063141	3.04502439979233	4.07789401612992	0.746714943485014	0.00543674651865186	98.7559459874685
336	3.03894929205618		4.29359596673036		0.944044172763824	3.03872737833312	4.04869044244147	0.750545743502356	0.00563601102886192	98.7106448330076
334	3.02080076917948		4.27685174072304		0.938558220863342	3.02057885545642	4.00944759435576	0.753365341327466	0.00588964652411109	98.6530129383531
332	2.99579539818564		4.25281042001833		0.933434963226318	2.99557348446258	3.96512042758695	0.755481085422063	0.0060331496719659	98.6204205849837
330	2.94284744917846		4.19409403841701		0.928119659423828	2.9426255354554	3.88804582269888	0.75683921168727	0.00624469806066004	98.5723934709067
328	2.88255974189983		4.12926298398856		0.923022568225861	2.88233782817677	3.8068527434236	0.757144555474612	0.00653083833921334	98.5074692235141
326	2.811654603023		4.05326477872583		0.918195605278015	2.81143268929994	3.71716352116891	0.75633817917589	0.00674422853705434	98.4590795573795
324	2.72635870492632		3.95883426152503		0.913534343242645	2.72613679120326	3.61202764982764	0.754738627577601	0.00701254688184759	98.3982677832036
322	2.64156147626125		3.86662834148331		0.908978700637817	2.64133956253819	3.51020185614681	0.752475119888866	0.007309769619022	98.330948951818
320	2.55489203080678		3.77013274860717		0.904343068599701	2.55467011708372	3.40503532141679	0.750262442511391	0.00767465214307884	98.2483686332239
318	2.48324619369072		3.69235480702342		0.899914681911469	2.48302427996766	3.31836803458948	0.748266694376726	0.00796722247291019	98.1822041323101
316	2.4130160181901		3.61524183125733		0.895963847637177	2.41279410446704	3.23470919043679	0.745907580069426	0.00832100327865539	98.102256454323
314	2.36190504427323		3.56492422891933		0.892610192298889	2.36168313055017	3.17768744302822	0.743208126315776	0.00869820153756436	98.0170885856076
312	2.31970480030123		3.52680557672789		0.88999992609024	2.31948288657817	3.13446931185059	0.739992214251014	0.00903526829388235	97.9410445972969
310	2.27065288399333		3.47895331861832		0.888025283813477	2.27043097027027	3.08502085166913	0.735953200783671	0.00938373512051318	97.8624907176406
308	2.21313620941846		3.41878163917125		0.887133359909058	2.2129142956954	3.02854198275797	0.730686352804062	0.00986794875130096	97.753440413771
306	2.15705819450582		3.36105357543708		0.887335538864136	2.15683628078276	2.97800802924419	0.724254689578578	0.0102474175352685	97.6680647535921
304	2.09649537736501		3.29681811426797		0.888603985309601	2.09627346364195	2.92518520591112	0.716629312703299	0.0106106535471646	97.5864111108005
302	2.02695781660771		3.2215508782406		0.891015827655792	2.02673590288465	2.86606042329675	0.707150444704635	0.0111315906403384	97.4694261927986
300	1.95269396192398		3.13796868863317		0.894482612609863	1.95247204820092	2.80244894203578	0.696702094698143	0.0116094560570532	97.3622370522133
298	1.87440029768605		3.04735184329213		0.900495111942291	1.87417838396299	2.73968631085699	0.684085027010532	0.0119971077036309	97.2753702060133
296	1.79005676774963		2.94753270306599		0.909423410892487	1.78983485402657	2.67607210272815	0.668829084314247	0.0126356142432161	97.1324595158744
294	1.6930051568093		2.82612714935188		0.92107892036438	1.69278324308625	2.59854554410943	0.651434894771642	0.0132396931900719	96.9974477025942
292	1.6008821835446		2.71045290665003		0.934718489646912	1.60066026982154	2.52890260939182	0.632946584766458	0.0137515136162946	96.8832025651286
290	1.49948193980915		2.57836980170906		0.948803901672363	1.49926002608609	2.44169005385146	0.614025528637917	0.0143975223509066	96.7391968922329
288	1.39173821465373		2.43281333256411		0.962523102760315	1.39151630093067	2.3368941324317	0.59545543018789	0.015231791538273	96.5535416133754
286	1.27687716774941		2.27431468817791		0.97529125213623	1.27665525402635	2.21331137257489	0.576807795706185	0.015929021830234	96.3986558231298
284	1.16770624533408		2.12083815070524		0.986907541751862	1.16748433161102	2.08820605407959	0.559084832327815	0.0166017497030788	96.2494486273203
282	1.06557024720704		1.976598075598		0.996903836727142	1.06534833348398	1.96556381527952	0.542006484451117	0.0174825784316566	96.0544349508102
280	0.965086406666166		1.8313365405339		1.00535523891449	0.964864492943107	1.83618773280986	0.525471592965391	0.0181816327719884	95.8999470163796
278	0.873489187183538		1.69725886772981		1.00982344150543	0.873267273460479	1.70895371181695	0.510995275894293	0.0189614356069744	95.7279071793072
276	0.790959878431277		1.57549770793802		1.01022160053253	0.790737964708218	1.58662177424308	0.498378364361885	0.0197754216566126	95.5486550655928
274	0.711955899254774		1.45719057034923		1.00653350353241	0.711733985531715	1.4617492692209	0.486905655106682	0.0207880486086161	95.3261276447803
272	0.651497929830825		1.36735116793721		0.99854451417923	0.651276016107766	1.36043852977819	0.478725059495301	0.0216405015090159	95.1392007136063
270	0.603159763214893		1.29584653107694		0.988452672958374	0.602937849491834	1.27601023873973	0.472518034092998	0.0224711690826133	94.9574035190448
268	0.562512413828971		1.23668421441881		0.972882628440857	0.562290500105913	1.19835261534405	0.469219571022905	0.0233062973800651	94.7749802550969
266	0.529805509357611		1.19001030560872		0.953488886356354	0.529583595634552	1.12996123173453	0.468674128599637	0.0241136619024169	94.5989548173196
264	0.501162491893938		1.14922552183614		0.931065678596497	0.500940578170879	1.06541460966842	0.470183695272195	0.0248343840128658	94.4420957742596
262	0.474816787348331		1.11134857038837		0.906938552856445	0.474594873625272	1.00345397182361	0.472961278694999	0.0256073648418682	94.2741521216069
260	0.446486687974228		1.06749932129601		0.883175373077393	0.446264774251169	0.938435363251555	0.475541301752441	0.0262053845700332	94.1444267690863
258	0.418082592628741		1.02124906360728		0.859192788600922	0.417860678905682	0.87321430854151	0.478531644314917	0.0268040626657318	94.0147374028265
256	0.388651228305425		0.970938352138388		0.834685504436493	0.388429314582366	0.806313458362034	0.481734876869638	0.0273600767091851	93.8944502045242
254	0.357500210668668		0.914565831916864		0.80953711271286	0.357278296945609	0.736384245930231	0.485179169598177	0.0279851213526394	93.7594127742554
252	0.326859146337978		0.856857384881831		0.784095585346222	0.326637232614919	0.667992773632312	0.488983182914959	0.0284567777675869	93.657642602823
250	0.296462814672327		0.797186665210595		0.758817315101624	0.296240900949268	0.601178338904867	0.492767090525771	0.0291184381844251	93.5150610707764
248	0.267824684598771		0.739083769324599		0.735633492469788	0.267602770875712	0.540068356630845	0.495497963526545	0.029678399524855	93.3945643177282
246	0.239282909200123		0.678928731112818		0.715051770210266	0.239060995477064	0.481944233951787	0.496034558846862	0.0303084879993379	93.2591627107645
244	0.211242688670076		0.617485509312435		0.697206974029541	0.211020774947017	0.427078215030119	0.494103345758658	0.0311037309755266	93.0885507469656
242	0.185864466115232		0.560091233113548		0.681808710098267	0.185642552392174	0.378514000859202	0.490450952859808	0.0320478105353077	92.8864124519111
240	0.160756163908431		0.500344695571522		0.667849898338318	0.160534250185372	0.330862885842003	0.485198724471117	0.0331979732540537	92.6407424042793
238	0.136274244145416		0.439316464003855		0.657016694545746	0.136052330422358	0.285399386744948	0.476708559097021	0.0348458407810984	92.2898965591376
236	0.114731655616079		0.382554627987989		0.649702370166779	0.11450974189302	0.245343841308516	0.466731674544158	0.0371301892987664	91.8057347398884
234	0.0933946872794011		0.322812402579734		0.645702123641968	0.0931727735563422	0.20525756649728	0.453931005547495	0.0404025837538362	91.1165812216121
232	0.0748888895857075		0.268381059718618		0.644411623477936	0.0746669758626486	0.169771148735539	0.439809569639898	0.0449308153099432	90.1714772606765
230	0.0584246444274964		0.217760442245107		0.644490897655487	0.0582027307044375	0.137167506433756	0.424318646723711	0.0510592444973257	88.907982531935
228	0.0447784008144215		0.174252332944774		0.646355271339417	0.0445564870913626	0.109442606764144	0.407121946458975	0.0596515571480111	87.1662661270198
226	0.0334682226751055		0.13716410315065		0.649210751056671	0.0332463089520466	0.0858480267225002	0.387269343528579	0.071730243095321	84.775382294425
224	0.0249326533274981		0.108374196191714		0.652522802352905	0.0247107396044392	0.0674999232363299	0.366085447503729	0.0868154464337445	81.8812668895067
222	0.0186887795655211		0.0868354490625075		0.655378818511963	0.0184668658424622	0.0536793238775929	0.344021953118726	0.105498470025979	78.4334882006822
220	0.0140738266382523		0.0702955205015837		0.656985223293304	0.0138519129151934	0.0429444090812144	0.32255451202035	0.126950583301587	74.6533698775207
218	0.0106853674461645		0.0579343226978882		0.657121121883392	0.0104634537231056	0.034830488041866	0.300410769740825	0.152512684933855	70.3861669146325
216	0.00824689947647695		0.0487758785206163		0.655903518199921	0.00802498575341805	0.0287588936036443	0.27904361913287	0.180769004148875	65.9524594925788
214	0.00656384479760945		0.042278719923836		0.654084265232086	0.00634193107455056	0.0244294370207971	0.259602014944167	0.209439056833358	61.7391922459758
212	0.00540271518455806		0.0375913929390866		0.652615189552307	0.00518080146149916	0.0213155476262153	0.243052702766476	0.235720486183291	58.1138320335215
210	0.00450593879806571		0.0337831200203438		0.652986526489258	0.00428402507500682	0.0188409252315608	0.227378699419207	0.261461843265577	54.7694218784476
208	0.00381156352427475		0.030696527167687		0.655270755290985	0.00358964980121585	0.0168842791222089	0.212603083331771	0.284092299515156	51.9885494833504
206	0.00324417518273089		0.0280884159873126		0.661797821521759	0.00302226145967199	0.0153264189192507	0.197192930429162	0.305734026436161	49.4613508799521
204	0.0027209749113077		0.0255366908006704		0.668592393398285	0.0024990611882488	0.0137777087493654	0.181384382099375	0.325823838300594	47.2254561762214
202	0.00223636020720469		0.0230581064733398		0.687935590744019	0.0020144464841458	0.0124712083755576	0.161527770484047	0.346113483505979	45.0698919078665
200	0.00179824918982078		0.0207097643978387		0.715800225734711	0.00157633546676188	0.0112954073278491	0.139555433550004	0.371109263454105	42.5491350978035
