Wavelength	I1	I1 dark	R1	R1dark	XCorrect	I1c	R1c	I1c/R1c	Abs	Percent T
nm	uA	uA	uA	uA		uA	uA	uA/uA	OD	T*100
	Abs Detector Raw	Dark Offset for Abs Detector	Ref Detector Raw	Dark Offset for Ref Detector	Linear interp	Dark subtracted Abs Detector	Corrected Ref Detector	Corrected Intensity 	-Log(T)	% Transmittance
800	0.144714689325008	2.42681873305499E-4	0.213434896760682	0.00495954378053665	1.35067892074585	0.144472007451702	0.281583264765332	0.513070290495081	7.34821611467654E-4	99.830944131833
798	0.154160364641269		0.227531639868416		1.34199333190918	0.153917682767963	0.298690268818984	0.515308661967968	7.5993043687563E-4	99.8251725519685
796	0.166344869330436		0.245159203274543		1.33337259292603	0.16610218745713	0.320275642799471	0.518622602722022	7.32089411044237E-4	99.8315721826538
794	0.166522358190811		0.245022148831731		1.32502686977386	0.166279676317505	0.318089402120743	0.522745099990433	7.7227050881553E-4	99.8223361532546
792	0.156506714576962		0.230497666315305		1.31713449954987	0.156264032703656	0.297064042154248	0.526028096737865	7.94928399546762E-4	99.8171283859899
790	0.15128903164493		0.223372157310574		1.30966234207153	0.151046349771624	0.286046774973713	0.528047728507006	7.68892348904833E-4	99.8231126243813
788	0.15358266513491		0.226922556618897		1.30193436145782	0.153339983261605	0.288981273386966	0.530622560640018	7.78809148929222E-4	99.8208332619097
786	0.157657941874913		0.2329211884919		1.29363858699799	0.157415260001607	0.294899979954145	0.533792033577229	8.75344712620281E-4	99.7986474181852
784	0.162756448515002		0.240438176987254		1.28498160839081	0.162513766641696	0.302585712839637	0.537083410570096	8.81446186404127E-4	99.7972453406114
782	0.170827689899682		0.252276998961433		1.27644824981689	0.170585008026376	0.315687932814824	0.540359609267795	9.00613728483516E-4	99.7928408966968
780	0.183129688446717		0.270353999774211		1.268270611763	0.182887006573411	0.336591989061606	0.543349255231198	9.93697159947178E-4	99.7714543374599
778	0.198792313811378		0.2931302245062		1.26044166088104	0.198549631938073	0.363222331431075	0.546633878913222	9.05159206677657E-4	99.7917964353293
776	0.219005772592914		0.322584866417313		1.25292003154755	0.218763090719608	0.39795912925837	0.549712456973387	8.37848402917275E-4	99.8072642500697
774	0.262116493703611		0.385719584487793		1.24577045440674	0.261873811830305	0.474339608931807	0.552080844397612	7.92794216524885E-4	99.81761890234
772	0.353429409751096		0.519674268858543		1.23883104324341	0.35318672787779	0.63764457984113	0.553892778271223	8.49472652628031E-4	99.8045928621418
770	0.43646303139807		0.639615855903694		1.23221707344055	0.436220349524764	0.78203434356497	0.557802036591151	0.00113944604691171	99.7379767336032
768	0.431586801864331		0.629572857134009		1.22665858268738	0.431344119991026	0.766187281685838	0.56297478475751	0.00118280528105836	99.7280195580107
766	0.368358174950233		0.536460745384485		1.22236526012421	0.368115493076927	0.649688604554938	0.566602970247724	0.00114852105329789	99.7358926331671
764	0.327232277134827		0.478524882121112		1.2186872959137	0.326989595261522	0.577128061620731	0.566580655155196	0.00106529630715729	99.7550070591214
762	0.329155944882268		0.481886087857193		1.214359998703	0.328913263008962	0.579160517446356	0.567913821990511	0.0011280990649732	99.7405826608079
760	0.346066592550292		0.506544023244505		1.20898902416229	0.345823910676986	0.606410130362094	0.570280563206441	0.0011644998701381	99.7322231593191
758	0.370506091811767		0.541937049683892		1.2031888961792	0.370263409938462	0.646085372600917	0.573087436491417	0.00120712658178424	99.7224347593543
756	0.396458359469297		0.579276801426779		1.19780671596527	0.396215677595992	0.687921068303426	0.575960958098219	0.00118514522360421	99.7274822331838
754	0.420166694945853		0.613206365652776		1.1931779384613	0.419924013072547	0.725746688997158	0.578609616053228	0.00128129381178781	99.7054059792137
752	0.44676988865669		0.651428682547166		1.18890511989594	0.446527206783385	0.768590468934361	0.580968961796375	0.00128838811848968	99.7037772802961
750	0.487603580204953		0.71022592794821		1.1848680973053	0.487360898331647	0.835647638702139	0.583213397322079	0.001255309403007	99.7113716629632
748	0.54039294171887		0.786029031893363		1.18107759952545	0.540150259845565	0.92250367608287	0.585526403687786	0.00129216760748912	99.702909602475
746	0.594248611059338		0.862753882661004		1.17750906944275	0.594005929186032	1.0100606137484	0.588089388993834	0.0013924561318011	99.6798885794743
744	0.641763838683197		0.929533543038697		1.174187541008	0.641521156809891	1.08562327066887	0.590924286667733	0.00135997679401803	99.6873435621443
742	0.712875841878051		1.03027065079047		1.17108881473541	0.712633160004746	1.20073036904331	0.593499738473791	0.00140613816781813	99.6767483085296
740	0.817919575589177		1.17943199296789		1.16803753376007	0.817676893715871	1.37182790301794	0.596049177828377	0.00141292602371485	99.6751904114239
738	0.92265595395485		1.32599119038031		1.16498303413391	0.922413272081545	1.53897945584272	0.599366852221198	0.00148241542849072	99.6592431317716
736	0.981241909531299		1.40507215014733		1.16204738616943	0.980999227657994	1.6269971945714	0.602950780081964	0.00139240571510813	99.6799001511862
734	0.997951636027031		1.42595621805704		1.15931880474091	0.997708954153725	1.64738816596304	0.605630764362373	0.00127271619576028	99.7073752493052
732	0.998054897135016		1.42597967264679		1.15665113925934	0.997812215261711	1.64362455096361	0.607080378956814	0.00115706933137743	99.7339295371811
730	0.99962706326643		1.4298426987544		1.15388596057892	0.999384381393124	1.64415266798974	0.607841595765583	9.78062071014747E-4	99.7750462864865
728	1.00737260278626		1.44438352328126		1.15089321136475	1.00712992091296	1.65662328628301	0.607941424735533	8.71328378674453E-4	99.7995703554213
726	1.02532069780732		1.47391783590739		1.1476241350174	1.02507801593401	1.68581198937871	0.608061884950643	8.06047782284223E-4	99.8145727683341
724	1.03891254955965		1.49689953503431		1.14410185813904	1.03866986768634	1.70693131622538	0.608501266461736	7.58004834101835E-4	99.8256151642127
722	1.02998696243711		1.48595169022942		1.14027833938599	1.0297442805638	1.68874326539642	0.609769585267348	7.71914025034481E-4	99.8224180908796
720	0.985032084687053		1.42183654400124		1.13600122928619	0.984789402813747	1.60957401399805	0.611832319762426	8.69726121478333E-4	99.7999385500022
718	0.894947233362444		1.29177496554145		1.13137769699097	0.894704551489139	1.45587426832432	0.614547953044685	0.00102715537626376	99.7637682017693
716	0.764611146236757		1.10390556565737		1.12621939182281	0.764368464363451	1.23765432040423	0.617594470250628	0.00120870605940041	99.7220720813243
714	0.630828446576014		0.912518363052975		1.12039887905121	0.630585764702708	1.01682788378588	0.620149953357785	0.00131137772577578	99.6984995479898
712	0.517378455116496		0.751948335008058		1.11375534534454	0.51713577324319	0.831962759142111	0.621585242320751	0.00139477103633533	99.6793572607017
710	0.433617830146011		0.63487381322855		1.10628998279572	0.433375148272705	0.696867846310419	0.621890004779556	0.00154631438330099	99.6445810688583
708	0.371770805246655		0.549370364931289		1.09837675094604	0.371528123373349	0.597968188915432	0.621317538725949	0.00144350945794528	99.6681714359961
706	0.325685586619767		0.486688149910759		1.09038031101227	0.325442904746462	0.525267387375778	0.619575691482325	0.00141272298913687	99.6752370100241
704	0.293957586563441		0.444572114465033		1.0826700925827	0.293714904690135	0.475955382603503	0.617105962923452	0.00132144969332087	99.6961874108348
702	0.280412106118298		0.428622849544632		1.07555782794952	0.280169424244993	0.455674384929545	0.614845673821037	0.00131619085059901	99.6973946325834
700	0.278991174269728		0.42966347118354		1.0694442987442	0.278748492396422	0.454197193815413	0.613716896960192	0.00129254163162772	99.7028237361323
698	0.293730302628802		0.45393276902968		1.0649927854538	0.293487620755496	0.47815324575226	0.613794057371217	0.00135358136524268	99.6888115706648
696	0.320276718385765		0.49494648468611		1.06259047985077	0.320034036512459	0.520655458657463	0.614675273620838	0.00142561400231723	99.6722784282831
694	0.347291471695788		0.535872571863886		1.06203079223633	0.347048789822482	0.563845983823947	0.615502814206163	0.00155743933779234	99.6420285905798
692	0.367406152096371		0.565816243161473		1.06277585029602	0.367163470223065	0.596064955578794	0.615978957975377	0.00158408658214837	99.635914987625
690	0.38198751754714		0.587701884248339		1.06392598152161	0.381744835673834	0.619994716556405	0.615722723887284	0.00151167280005709	99.6525295551182
688	0.390656606105029		0.600902185404089		1.06461536884308	0.390413924231723	0.634449695221377	0.615358360437855	0.00151376470048345	99.6520495520887
686	0.391838676412806		0.602829375337795		1.0645604133606	0.3915959945395	0.636468555018424	0.615263694414823	0.0016966870508322	99.6100855172433
684	0.38646750730585		0.594786528232481		1.06376242637634	0.386224825432544	0.627435784122842	0.615560723831664	0.00162576771160627	99.6263529545738
682	0.385054859606416		0.593247981333111		1.06245732307434	0.384812177733111	0.625031358557695	0.615668594006375	0.00161181411473213	99.6295539353774
680	0.39077237911482		0.602644760165192		1.06094348430634	0.390529697241515	0.634110235989523	0.615870356724485	0.00168637136075816	99.6124515592192
678	0.399170916984093		0.615991674632125		1.05921316146851	0.398928235110788	0.647213275078148	0.616378326082108	0.00167082456265882	99.6160175322091
676	0.406981954703126		0.628455477072556		1.05730748176575	0.406739272829821	0.659226915120169	0.616994336093933	0.00169252814347824	99.6110394117044
674	0.413310592220563		0.638696223796773		1.05524814128876	0.413067910347257	0.668749453653641	0.617672146258221	0.00177793033990692	99.5914532425716
672	0.419633223420885		0.648934346772221		1.05312037467957	0.419390541547579	0.678182985810802	0.618403219075419	0.00180412928917925	99.5854455384869
670	0.424775615978462		0.657410671201242		1.0509113073349	0.424532934105156	0.685668267289822	0.619152080324744	0.00181407951412822	99.5831639386168
668	0.428600890163616		0.663702197055008		1.0485315322876	0.428358208290311	0.690712443621079	0.620168656647665	0.00175239179831132	99.5973098568303
666	0.43209755061107		0.669574355845021		1.04595601558685	0.431854868737764	0.695157860726973	0.62123280643931	0.0018245626394357	99.5807602005308
664	0.436441674434044		0.676802195171608		1.04322910308838	0.436198992560738	0.700885806627226	0.622353867686088	0.00185046282330028	99.5748216422475
662	0.44248154776196		0.686603503726194		1.04042720794678	0.442238865888655	0.709200922060046	0.623573450248859	0.00183827937264552	99.5776150969041
660	0.451278673428713		0.70065267298158		1.03775990009308	0.451035991555407	0.721962432255116	0.624736096235029	0.00187317248656255	99.569614918144
658	0.462893160534403		0.719018728816396		1.03528940677643	0.462650478661098	0.739257910079035	0.625830947972725	0.00184890618288861	99.5751785486223
656	0.478387027507405		0.743496226887534		1.03309750556946	0.4781443456341	0.76298040508938	0.626679718698787	0.00191991297500354	99.5588994193276
654	0.497171365353489		0.77308071102225		1.03115320205688	0.496928683480184	0.792050601168965	0.627395121911127	0.00203448037257701	99.5326391279027
652	0.509876588691394		0.792902844732107		1.02945709228516	0.509633906818088	0.811153819483172	0.628282693833338	0.00197508523420817	99.5462523774161
650	0.514670086444456		0.800569120946591		1.02793705463409	0.514427404571151	0.817836565390752	0.629010032493918	0.00201543187941601	99.5370048024719
648	0.515798315047126		0.802808749233541		1.02666783332825	0.515555633173821	0.819126115085099	0.629397138827956	0.00203228665036463	99.5331418916307
646	0.518956274629234		0.80825722577427		1.02560043334961	0.518713592755929	0.823862450761509	0.629611887611182	0.00209910458066326	99.5178295005455
644	0.526992730285598		0.821151288222748		1.02465677261353	0.526750048412293	0.836316398693959	0.629845414050109	0.00206600475960642	99.5254145563454
642	0.537964470201474		0.838650897527823		1.02378344535828	0.537721788328169	0.853519406504802	0.630005345197905	0.00212564844789424	99.5117472051473
640	0.552948016589357		0.862371872164484		1.02288675308228	0.552705334716051	0.877035712633369	0.630197068094878	0.00209517953096452	99.5187289229607
638	0.568485724809742		0.886975727656992		1.02184903621674	0.568243042936436	0.901287387421719	0.630479302014854	0.00216502292362713	99.5027255725339
636	0.582628402670711		0.909284621000467		1.02063095569611	0.582385720797406	0.922982167822933	0.630982635527073	0.00215443313598427	99.5051518653479
634	0.59659829992324		0.931376013124108		1.01923584938049	0.596355618049934	0.944236877011473	0.631574165941719	0.00216652748642868	99.5023808574927
632	0.610419512178804		0.953331698461182		1.0177036523819	0.610176830305499	0.965161805635782	0.632201592253804	0.00223566427561873	99.4865420018831
630	0.625014367467165		0.976462944096293		1.01619136333466	0.62477168559386	0.987233364851123	0.632851064234521	0.00224866966501643	99.4835628209363
628	0.64164088061484		1.00283442958662		1.01451146602631	0.641398198741535	1.01235551330996	0.633570114755873	0.00236252542005018	99.4574853734169
626	0.656844516418348		1.02680152482777		1.01275491714478	0.656601834545042	1.03487549085054	0.634474234195454	0.00236934521666511	99.4559235886722
624	0.670824471196471		1.0490223749587		1.01092803478241	0.670581789323165	1.0554723861123	0.635338070561151	0.00242057820647458	99.4441916326043
622	0.682111830770509		1.06693628052677		1.0092089176178	0.681869148897204	1.07175639302695	0.636216544481166	0.00243467243061855	99.4409644076628
620	0.691037716965312		1.0811681542492		1.00772297382355	0.690795035092007	1.08452014139599	0.636959157072747	0.00245868152373733	99.4354671667784
618	0.699561963147071		1.09487001820812		1.0068142414093	0.699319281273766	1.09733738751486	0.63728739148997	0.00255342633693581	99.4137768907178
616	0.706633096541668		1.10625683639993		1.00664889812469	0.706390414668363	1.10861970612302	0.637180099511939	0.00259701182414608	99.403800294973
614	0.71475810749553		1.1193821360301		1.00700271129608	0.714515425622225	1.12222657192492	0.636694446110504	0.00262773021665757	99.3967695425829
612	0.723530803993679		1.13326675877735		1.00780045986176	0.723288122120374	1.13710853013913	0.636076595109068	0.00259050839964285	99.4052888470449
610	0.73384532177473		1.14978588773967		1.00835275650024	0.733602639901425	1.15438879964529	0.635490088024799	0.0027019024416751	99.3797952306021
608	0.746326657784427		1.16955074300737		1.0085117816925	0.746083975911122	1.17450394527566	0.635233264998536	0.00272620973771638	99.3742331371299
606	0.760479402478852		1.1918651142561		1.00798010826111	0.760236720605547	1.19637720542367	0.635449018218571	0.00272253296301712	99.375074451556
604	0.776502868601349		1.21713012147936		1.00688087940216	0.776260186728044	1.22051137725882	0.63601224961251	0.00280991227411135	99.3550823668514
602	0.792928582647043		1.24282745780246		1.00539457798004	0.792685900773738	1.24454568901311	0.636927922993584	0.00285063780692301	99.345765879714
600	0.811220654107155		1.27135658793749		1.00393652915955	0.81097797223385	1.27138225304884	0.637871081092318	0.00289991945888254	99.3344932389384
598	0.830537009620791		1.3014183401367		1.00287997722626	0.830294327747486	1.30019256816445	0.638593349998649	0.00289614239971165	99.335357154797
596	0.851098613542537		1.33342778825099		1.00218975543976	0.850855931669232	1.33137726503533	0.639079511130645	0.00290281957177357	99.3338299095744
594	0.871640789974127		1.36550067203396		1.00178515911102	0.871398108100821	1.36296991064445	0.639337744212417	0.00295464775453926	99.3219762367265
592	0.890632222393358		1.39520734427854		1.00154709815979	0.890389540520052	1.39239865031181	0.639464524273032	0.00302652668866843	99.3055390787014
590	0.908055986972173		1.42219899456131		1.00122630596161	0.907813305098868	1.4189774199683	0.639765856964201	0.00306994168750419	99.2956123249558
588	0.92381980160645		1.44675006501985		1.00070452690125	0.923577119733144	1.44280630144749	0.640125510130202	0.00311274803639393	99.2858257093449
586	0.938174392003193		1.4690379970597		0.999973237514496	0.937931710129888	1.46403927090078	0.640646551477273	0.00314852013293974	99.2776480418342
584	0.95162155930786		1.48998116531098		0.999053955078125	0.951378877434554	1.48361672436652	0.641256506353269	0.00324348549054897	99.2559417871314
582	0.965774054368496		1.51180302679605		0.998229086399078	0.965531372495191	1.50417499339698	0.641900960150034	0.00327096277775654	99.2496621822573
580	0.980711403551974		1.53494530636666		0.997582137584686	0.980468721678669	1.5262864675148	0.642388399914946	0.00326299507971955	99.2514830633082
578	0.996841122725804		1.56002296800962		0.997147619724274	0.996598440852498	1.55062779199031	0.642706422521496	0.00334007149615743	99.2338699685944
576	1.01387619773098		1.5864425577478		0.996688485145569	1.01363351585767	1.57624590947448	0.643068134080434	0.00342212576204934	99.2151227969764
574	1.03207236465046		1.61467950831857		0.996220171451569	1.03182968277715	1.60363549906109	0.643431554976973	0.00349295039340131	99.1989441397516
572	1.05217641303204		1.64566480177386		0.9957315325737	1.05193373115873	1.63370196104342	0.643895738783885	0.00351262328155126	99.1944506782549
570	1.07196504332406		1.67619184571926		0.995352268218994	1.07172236145076	1.66346486245556	0.644271114851629	0.00359691888681438	99.1751991216039
568	1.09152804983769		1.70618631825566		0.995181918144226	1.09128536796438	1.69303012462047	0.644575280790719	0.00362246536931863	99.1693655154219
566	1.11365657269849		1.74017228918919		0.995282471179962	1.11341389082518	1.72702682927329	0.644699822812647	0.00364987102250179	99.163107744253
564	1.13938722689255		1.77977139669698		0.995623111724854	1.13914454501924	1.76704369972682	0.644661218732365	0.00372019583117049	99.1470516756534
562	1.1655506063046		1.82010229070086		0.996170461177826	1.1653079244313	1.80819158730321	0.644460428095053	0.00379823449512017	99.1292374766462
560	1.19367918468342		1.86333055712969		0.99668163061142	1.19343650281011	1.85220425186583	0.644333097501474	0.00390370397906273	99.1051666202708
558	1.22484424681475		1.91098785308184		0.997178435325623	1.22460156494144	1.90065032715542	0.64430660781998	0.00395883385901672	99.0925868860138
556	1.25413705187348		1.9557329707009		0.997675478458405	1.25389437000018	1.94623881206672	0.644265422221573	0.00399498050365289	99.0843396813703
554	1.28422423803256		2.00134723321395		0.99818366765976	1.28398155615925	1.99276158590944	0.644322715390602	0.00400552186359521	99.081934697985
552	1.31412897973435		2.04669834936574		0.998678505420685	1.31388629786105	2.03904065882125	0.644364933174306	0.00410358340794749	99.059565013141
550	1.34262403455213		2.08973214863226		0.999059557914734	1.34238135267883	2.08281199695592	0.644504330991348	0.00416433833734843	99.045708203568
548	1.37330445679282		2.13589878052787		0.999196529388428	1.37306177491951	2.12922708969556	0.644863942209112	0.00423756462068551	99.0290095394434
546	1.40076210805029		2.17704234237519		0.99907249212265	1.40051942617699	2.1700681746887	0.645380381368846	0.00431914125033753	99.0104099612691
544	1.42434967631542		2.21206370087783		0.998806416988373	1.42410699444211	2.20446979507049	0.646008848761103	0.00440977139215464	98.9897502668867
542	1.44709071504291		2.2454631648557		0.998482644557953	1.4468480331696	2.2371039807128	0.646750462045398	0.004473873565656	98.9751403877912
540	1.46649020104937		2.27378042670544		0.99831360578537	1.46624751917607	2.2649947565139	0.647351396712634	0.0045473698922504	98.9583920889775
538	1.48867251297246		2.30609350763101		0.998360693454742	1.48842983109915	2.29736169988202	0.647886587112334	0.0046280903122915	98.9400008337096
536	1.50991877387389		2.33693011761521		0.998661279678345	1.50967609200058	2.32884871743798	0.648249961749946	0.00473411063721546	98.9158504675261
534	1.53022277708866		2.36578149933587		0.999168038368225	1.52998009521535	2.35885784226886	0.64861055541344	0.0048056497880436	98.8995578977459
532	1.54901796561219		2.392463823448		0.999805629253387	1.54877528373888	2.38704021867808	0.648826639626783	0.00489772655513348	98.8785919710169
530	1.56858703718927		2.41995338876784		1.0004802942276	1.56834435531596	2.41615375259074	0.649107844910238	0.00497540648115709	98.8609076688866
528	1.58872963842714		2.44833105955289		1.00102841854095	1.58848695655384	2.44588432434161	0.64945301817633	0.005048854798929	98.8441896268877
526	1.61186744900363		2.4809918479966		1.0014044046402	1.61162476713033	2.47950965547339	0.649977209636087	0.00514570096537554	98.8221501721359
524	1.63502329485837		2.51358073946795		1.00163662433624	1.63478061298507	2.51272686618669	0.650600204496563	0.00525372121865011	98.7975736078527
522	1.66122589729273		2.55067581378261		1.00181710720062	1.66098321541943	2.55034210936704	0.651278590946241	0.00534171557398485	98.777557815591
520	1.69295384699506		2.59596984680475		1.0020604133606	1.69271116512175	2.59634885527001	0.651958292001449	0.00544731060640341	98.7535438068413
518	1.7272603007154		2.6451071476338		1.00242054462433	1.72701761884209	2.6465381989432	0.652557223444465	0.0055461921777047	98.7310618402915
516	1.76738712672693		2.70257478656433		1.00289297103882	1.76714444485363	2.70541936555504	0.653186883834951	0.00564919650442995	98.7076479562518
514	1.81286790413309		2.76786017692846		1.00349617004395	1.81262522225979	2.77256020357593	0.65377307945268	0.00574895933855627	98.684976188184
512	1.86161204395297		2.83795451991009		1.00418245792389	1.86136936207966	2.84484385841581	0.654295790812291	0.00586734814906141	98.6580782994114
510	1.92132482020362		2.92448856497448		1.00497353076935	1.92108213833032	2.93404938861285	0.65475453337156	0.00599357758304755	98.6294070999408
508	2.00045149713354		3.03972050054919		1.00580215454102	2.00020881526024	3.05236910883486	0.655297162283151	0.006078535525499	98.610114817173
506	2.08277889121376		3.15878053181173		1.00663805007935	2.08253620934045	3.17475620969104	0.65596728434878	0.00621404855116773	98.5793502761284
504	2.17153402696751		3.28705455229527		1.00742840766907	2.1712913450942	3.30647574824659	0.656678442672877	0.00630823239764883	98.5579740530917
502	2.26768171945442		3.42588604832255		1.00814700126648	2.26743903758111	3.44879679710705	0.657457997955432	0.00639114436070514	98.5391599638902
500	2.38420733788529		3.59563428983177		1.00866842269897	2.38396465601198	3.62180023252454	0.658226435186421	0.00654780049895273	98.5036219105306
498	2.56365989576198		3.85909834883762		1.00904226303101	2.56341721388867	3.88898894189041	0.659147467938701	0.00667688113556281	98.4743490982243
496	2.77161337027284		4.1629998759436		1.00876116752625	2.77137068839953	4.19446962009403	0.660720171895632	0.0067839329485014	98.450078565481
494	2.95466925821326		4.42612361268518		1.00816118717194	2.95442657633995	4.45724601638881	0.662836775326478	0.00690201309119386	98.4233146539081
492	3.02879682627643		4.52483978416573		1.00794267654419	3.02855414440313	4.55578018715304	0.664771788802151	0.00707945864377775	98.3831087273786
490	3.06814243402937		4.5723467761634		1.00791668891907	3.06789975215607	4.60354581627456	0.66642103165572	0.00717957374361922	98.3604317191175
488	3.16370429399909		4.70554022777962		1.00887954235077	3.16346161212578	4.74231968925586	0.667070509669114	0.00733673174683725	98.3248445009697
486	3.36981048946459		5.00059724808501		1.00954282283783	3.36956780759128	5.04331018987863	0.668126226769402	0.0074875172065061	98.2907123992935
484	3.57205383582443		5.28446299157964		1.01009511947632	3.57181115395113	5.33280066588027	0.669781485890498	0.00762958520726544	98.2585644401024
482	3.65163051275255		5.38478136764363		1.01073944568634	3.65138783087925	5.43759812814266	0.671507482684541	0.00773820187191838	98.2339931330622
480	3.63465459973445		5.34323851380572		1.01162850856781	3.63441191786114	5.40035519276548	0.672994976835956	0.00790574689554546	98.1961030768057
478	3.73015577611066		5.47114507823604		1.0127238035202	3.72991309423735	5.53573620520089	0.673788084542948	0.00811710601514611	98.1483253747554
476	3.99655410756571		5.84854580426708		1.01399922370911	3.99631142569241	5.92539193181056	0.674438327739664	0.00826121106781113	98.1157637744794
474	4.45380562429331		6.50073367763763		1.01552999019623	4.45356294242001	6.59665344247281	0.675124588741554	0.00847933825082686	98.0664968775267
472	4.9839353414133		7.25726751738811		1.01726651191711	4.98369265954	7.37753003566045	0.675523194815953	0.00862707089906452	98.0331435652825
470	5.43207448024763		7.88843001486611		1.01911818981171	5.43183179837432	8.03418815592677	0.676089692319104	0.00881180735319749	97.9914519370684
468	5.59430766563453		8.09323840760242		1.02110064029694	5.59406498376123	8.2589467267487	0.677333946911587	0.00899155208270901	97.9509038680635
466	5.43647108423397		7.82793653854533		1.02326714992523	5.43622840236066	8.00499537336363	0.679104502727077	0.0091207799688948	97.9217621088957
464	5.235993807203		7.51475748462095		1.02553856372833	5.2357511253297	7.70158739413947	0.679827528713606	0.00927664721431165	97.8866245296736
462	5.07635496995026		7.27414372093396		1.027627825737	5.07611228807696	7.47001593084997	0.679531654961193	0.00941471983320157	97.8555089734111
460	4.93817114970164		7.06982686384021		1.02919805049896	4.93792846782833	7.27114767283924	0.679112664191039	0.0095764430357095	97.8190761823975
458	4.75258062065806		6.807103193015		1.03004312515259	4.75233793878476	7.0065013021943	0.678275466429503	0.00971800900849818	97.7871955195688
456	4.56591423224379		6.55457726384826		1.03006207942963	4.56567155037048	6.74651284820209	0.676745402120921	0.00995888743676588	97.7329735667473
454	4.42614281434526		6.37677623672669		1.02918720245361	4.42590013247195	6.55779219676049	0.674907041833122	0.0101829844010735	97.6825561336028
452	4.25094543467422		6.15002536849212		1.02735614776611	4.25070275280091	6.31317115344488	0.673307067000939	0.0104499387839224	97.622530564067
450	3.97889925412063		5.77927136606733		1.02460694313049	3.97865657224733	5.91639998491554	0.672479308767379	0.0108001359573611	97.543843507594
448	3.6147465944429		5.27520020353072		1.02102768421173	3.6145039125696	5.38106161606323	0.671708330151766	0.0111324258729644	97.4692387403444
446	3.33728043588364		4.8938179223398		1.01675081253052	3.33703775401033	4.97075072874676	0.671334761309118	0.0115352687161271	97.3788701496612
444	3.19863876895715		4.70725352367121		1.0121191740036	3.19839608708385	4.75928189884906	0.672033335083034	0.0119621587124757	97.2831985643954
442	3.14583103967597		4.63689561867891		1.00782012939453	3.14558835780267	4.66815841435128	0.673839248499411	0.0123388847507469	97.1988474510736
440	3.11298319068613		4.5896291051959		1.0045450925827	3.11274050881283	4.6055073090331	0.675873535735704	0.0127274813464874	97.1119150826636
438	3.07350841545324		4.52673687156049		1.00285410881042	3.07326573357994	4.53468297228995	0.677724496367159	0.0130233708622701	97.0457742210533
436	3.04006380377047		4.46897623214285		1.00277864933014	3.03982112189717	4.47642062534316	0.679074058565293	0.0133317349969136	96.9768928147712
434	3.02398966565111		4.43412855161803		1.00421047210693	3.0237469837778	4.44781790040189	0.679827063851824	0.013688366218609	96.8972906255985
432	3.03298131112299		4.4335424261321		1.00665414333344	3.03273862924969	4.45805130761472	0.680283473649017	0.0140147261861215	96.8245024165112
430	3.04410408207464		4.43685698178291		1.00962591171265	3.04386140020134	4.47455849146009	0.680259606844048	0.0143491628504801	96.7499695819732
428	3.04232692143721		4.42592780213908		1.01240730285645	3.04208423956391	4.47582055045873	0.679670734174568	0.0146822010824741	96.6758054172701
426	3.02562678478519		4.40211522410923		1.01423370838165	3.02538410291189	4.45974351199123	0.678376255221253	0.0150923855330396	96.5845397140502
424	3.00522103535501		4.38272841266326		1.01462960243225	3.00497835348171	4.44181388697477	0.676520545422568	0.0154819724038549	96.497936733931
422	2.97578065461327		4.35874072477083		1.01337480545044	2.97553797273997	4.41201215725983	0.674417446435141	0.0159133729437348	96.40212940814
420	3.32577468397649		4.89866394038684		1.01114857196808	3.32553200210318	4.94826221226237	0.672060586009796	0.0165749367592356	96.2553911636318
418	3.12163157932345		4.63134705668936		1.0079870223999	3.12138889745015	4.66333857360506	0.669346402407388	0.0170842988429035	96.1425642497376
416	2.93481148729651		4.3889937934976		1.00422537326813	2.9345688054232	4.40255843084238	0.666559876835459	0.0176553905348636	96.0162210947969
414	2.78911208846463		4.20274696318712		1	2.78886940659133	4.19778741940658	0.664366516917518	0.0182470374589655	95.8855055855151
412	2.66835079256045		4.04915031585164		0.995681941509247	2.66810811068715	4.02672771976954	0.662599583673825	0.0188309466261866	95.7566740974936
410	2.56329552686695		3.91416869529725		0.991583049297333	2.56305284499365	3.87630553080199	0.661210223143418	0.0194355897186429	95.6234503789933
408	2.47794340440527		3.80334209417759		0.988153755664825	2.47770072253196	3.75338598262659	0.660124147636446	0.0199787591537643	95.5039294758442
406	2.42308679451704		3.73441181613271		0.985654711723328	2.42284411264374	3.6759522043912	0.659106532927569	0.020594247310756	95.3686758480603
404	2.39697317767803		3.70545112777187		0.98426741361618	2.39673049580472	3.64227328048359	0.658031485074756	0.0212743283947901	95.2194506580193
402	2.41437867077254		3.73893950654431		0.984128773212433	2.41413598889924	3.67471711995452	0.656958320897668	0.0219224041112488	95.0774654469492
400	2.45439547725327		3.80280930853519		0.985299050807953	2.45415279537996	3.74201776832397	0.655836756349546	0.0225674926764897	94.9363449412899
398	2.49499450785276		3.86365324872176		0.987817049026489	2.49475182597945	3.81168342871213	0.654501317498543	0.0232541595186875	94.7863588509815
396	2.516499770218		3.89178873444918		0.991658091545105	2.5162570883447	3.85440561738027	0.652826230067328	0.0239330577445546	94.6383025829954
394	2.51655520600879		3.88478963047324		0.996615350246429	2.51631252413549	3.86669822074588	0.650765169786148	0.0245975690488021	94.4936078272726
392	2.5177392428693		3.87854681799819		1.0025714635849	2.51749656099599	3.88354806283623	0.648246531332334	0.025349744951891	94.3300913576026
390	2.52875874599909		3.88619294833873		1.0093150138855	2.52851606412579	3.91738714761451	0.645459835560427	0.0261362629661995	94.1594118354955
388	2.54581484212235		3.90357848293723		1.01699423789978	2.54557216024904	3.96487299688931	0.642031198034894	0.0269173623628258	93.9902138309257
386	2.57149492746895		3.93433887099791		1.02549052238464	2.57125224559565	4.02954125891556	0.638100488462955	0.0277435731926888	93.8115748758327
384	2.60170697080526		3.97340439086134		1.03449034690857	2.60146428893196	4.10531788654415	0.633681571275804	0.0286470950578493	93.6166087778799
382	2.62474768482453		4.00332489123007		1.04369103908539	2.62450500295122	4.17305808412261	0.628916480443149	0.0295266136576466	93.4272114110432
380	2.63364562180069		4.01314477644473		1.0526317358017	2.63340293992738	4.21914297887404	0.624155889741892	0.0304425069737416	93.2303882970819
378	2.6318246574525		4.00869270859143		1.06117713451386	2.63158197557919	4.24867008719211	0.619389578756012	0.031366086857499	93.0323332387755
376	2.62531864673631		3.99790516957203		1.06922745704651	2.625075964863	4.26936709759002	0.614863024157564	0.0323085128443979	92.8306704693179
374	2.62256330006763		3.99477502798298		1.07646524906158	2.62232061819432	4.29489771891175	0.610566488381654	0.0333068245326938	92.6175259001348
372	2.61943695486528		3.99253129508179		1.08239138126373	2.61919427299197	4.3161132957792	0.606840945429612	0.0343919352382562	92.3864043349324
370	2.62550297046604		4.00545599961999		1.08660447597504	2.62526028859273	4.34695735503742	0.603930536735191	0.0354976779617596	92.1514815776424
368	2.63251068772319		4.02120754985002		1.08728444576263	2.63226800584989	4.36680398732454	0.602790510746655	0.0366455022895595	91.908250171657
366	2.64582496257234		4.04773175872841		1.08414971828461	2.64558228069903	4.38297035792457	0.603604876294845	0.0378630019255484	91.6509557213403
364	2.66385772861356		4.08226067948887		1.07767069339752	2.66361504674026	4.39398794210931	0.606195347332156	0.0390680578833794	91.3970002860067
362	2.69244764549151		4.1340406524265		1.06871128082275	2.6922049636182	4.41279556024207	0.610090571127778	0.0403607830137712	91.1253515928396
360	2.72086721569045		4.18579477331345		1.05907070636749	2.72062453381715	4.42780011974752	0.614441587298272	0.041632412918178	90.8589235230887
358	2.74975041137582		4.23949100600905		1.04836678504944	2.74950772950252	4.4393421352472	0.619350265363003	0.0429644940028756	90.5806652619061
356	2.77917128284029		4.29433710930552		1.03684234619141	2.77892860096699	4.44740829873971	0.624842248406667	0.044277373886243	90.3072517873198
354	2.80429806740786		4.34393798801357		1.02479386329651	2.80405538553455	4.44655848262585	0.630612505489562	0.0456496535426145	90.0223501266204
352	2.82395398041526		4.38668805131932		1.01273274421692	2.82371129854195	4.43751993585325	0.636326447961975	0.0471252763417837	89.7169960029271
350	2.8372113314365		4.42012197452556		1.00126516819	2.83696864956319	4.4207483538061	0.641739457329814	0.0485668619483835	89.419685496679
348	2.85081352864777		4.45525690358439		0.990810453891754	2.85057084677447	4.40940114702053	0.646475734851346	0.0500410893077092	89.1166619420884
346	2.85563106280821		4.47871231120551		0.981342911720276	2.85538838093491	4.39028556710147	0.650387847736309	0.0516643905534737	88.784184393683
344	2.85643278643782		4.49723284091666		0.972720801830292	2.85619010456451	4.36972768363106	0.653631143941478	0.0533364232278271	88.4430226620682
342	2.85191410969806		4.50843558501252		0.964752793312073	2.85167142782476	4.34474109039255	0.656350141123623	0.0550138061216602	88.1020865112231
340	2.84549612388386		4.51791284083403		0.957048177719116	2.84525344201056	4.31911372907652	0.658758629775398	0.0566934608586288	87.7620055300387
338	2.8266684286466		4.51070944486672		0.950148642063141	2.82642574677329	4.28113214999317	0.660205209217333	0.0585104212495909	87.3956021052887
336	2.79982069682028		4.49204982335925		0.944044172763824	2.79957801494698	4.23601143110148	0.660899542053173	0.0602099940471671	87.0542555460185
334	2.7619829723621		4.46025284106443		0.938558220863342	2.76174029048879	4.18155215052314	0.660458172246705	0.0620517567102068	86.6858562401034
332	2.70554469622043		4.40262626658766		0.933434963226318	2.70530201434712	4.10493587568507	0.659036364093175	0.0639002250500512	86.3176831504146
330	2.63533911788767		4.32707568827627		0.928119659423828	2.63509643601437	4.0114409640196	0.656895230329878	0.0658470763306207	85.9316050401771
328	2.55049486041419		4.23224696551065		0.923022568225861	2.55025217854089	3.90188169263421	0.653595464812564	0.0679074663079499	85.5248918537693
326	2.46398668082822		4.13587941218478		0.918195605278015	2.46374399895492	3.79299246892441	0.649551513518709	0.069959627062329	85.1217165480464
324	2.37566008328077		4.03560993992919		0.913534343242645	2.37541740140746	3.68213756248636	0.64511913558261	0.0720973895089422	84.70374467003
322	2.28843139832658		3.9367225501876		0.908978700637817	2.28818871645328	3.57388882877973	0.640251789039156	0.0744105763109788	84.2537856886883
320	2.20747307711687		3.84459466725494		0.904343068599701	2.20723039524357	3.47234740986604	0.635659435738523	0.0767304134789196	83.8049336392918
318	2.13726762939935		3.76802266072497		0.899914681911469	2.13702494752605	3.38643574789783	0.631054331638399	0.0791653033652949	83.3363925047061
316	2.07987752953102		3.7115983884895		0.895963847637177	2.07963484765771	3.32101440110686	0.62620470629835	0.0816502985017461	82.860910567646
314	2.02898535932422		3.66478102051251		0.892610192298889	2.02874267745091	3.26679395212533	0.621019478786239	0.0841312367333447	82.388911149461
312	1.97388801457367		3.60975279075192		0.88999992609024	1.97364533270036	3.20826572337513	0.615175145350513	0.086632267193917	81.9158105285959
310	1.9128277596907		3.54423223925592		0.888025283813477	1.9125850778174	3.14296363989281	0.608529177220333	0.0892124938907791	81.4305758723352
308	1.85093312492826		3.47837809401124		0.887133359909058	1.85069044305495	3.08138546883661	0.600603352541181	0.0919617944044119	80.9167079798292
306	1.78580647845997		3.40692759624987		0.887335538864136	1.78556379658667	3.01868715503645	0.591503426781934	0.094851702133906	80.3800547860937
304	1.71976542647777		3.33262543834364		0.888603985309601	1.71952274460446	2.95697717568761	0.581513702149089	0.0977589645929307	79.8437700864383
302	1.64474332838887		3.24262411546108		0.891015827655792	1.64450064651556	2.88481037800778	0.57005502304496	0.100795210753005	79.2875118378635
300	1.56622223373192		3.14202972377319		0.894482612609863	1.56597955185861	2.80605473054033	0.558071635173371	0.10383887385029	78.7337843106529
298	1.4855680958706		3.03520322761802		0.900495111942291	1.4853254139973	2.72871962528966	0.544330535182643	0.106968731357063	78.168408280878
296	1.40043340993149		2.91775350152483		0.909423410892487	1.40019072805818	2.64896301627884	0.528580700996391	0.110307174721682	77.5698274318323
294	1.30974616908292		2.78774770614587		0.92107892036438	1.30950348720961	2.56316751619423	0.510892666568259	0.113874173605879	76.9353309640676
292	1.22088259155714		2.65522331946838		0.934718489646912	1.22063990968384	2.47725055357686	0.492739786825913	0.117452495049695	76.3040351147914
290	1.12395611977647		2.50219696143726		0.948803901672363	1.12371343790317	2.36938860527492	0.474263037899932	0.121127055704478	75.6611510969561
288	1.02648320146478		2.34298534097969		0.962523102760315	1.02624051959148	2.25040384465379	0.456025047250734	0.124917228443048	75.003714420528
286	0.927717227738337		2.17735191390715		0.97529125213623	0.927474545865032	2.11871527479198	0.437753272891325	0.129006814816249	74.3007478759003
284	0.838527319037106		2.02544541671141		0.986907541751862	0.8382846371638	1.99403274599857	0.420396625304167	0.132903631851979	73.6370476928503
282	0.755545910066925		1.88063717144042		0.996903836727142	0.75530322819362	1.8698702234774	0.403933502288185	0.136914100922893	72.9601803877148
280	0.676927658427943		1.73939700476846		1.00535523891449	0.676684976554638	1.74372578797376	0.388068457335232	0.141001604078416	72.2767134037281
278	0.606764481218067		1.61037955045001		1.00982344150543	0.606521799344761	1.62119075619664	0.374121180389456	0.144948972772097	71.6227558092743
276	0.546750923566024		1.49936629833012		1.01022160053253	0.546508241692718	1.5096819834277	0.362002228079772	0.148982792489608	70.9605883238209
274	0.49322178788514		1.40020895131422		1.00653350353241	0.492979106011834	1.4043652744664	0.351033392077532	0.153345486547767	70.2513239700689
272	0.452921034872346		1.32665879596846		0.99854451417923	0.45267835299904	1.31977553766705	0.342996471808559	0.157441238119894	69.5919109129341
270	0.421591815179416		1.27093485393038		0.988452672958374	0.42134913330611	1.25135667921692	0.336713856491966	0.161318619743475	68.9733595761181
268	0.3944616794846		1.22370724547652		0.972882628440857	0.394218997611294	1.18569846743224	0.332478288906807	0.165168383493513	68.3646534286785
266	0.370221376694497		1.18121139359554		0.953488886356354	0.369978694821191	1.12154306635471	0.32988362722772	0.168957484176854	67.7707849454655
264	0.348344020214531		1.14163621736208		0.931065678596497	0.348101338341226	1.058320638433	0.328918595839386	0.172459064549748	67.2265672111114
262	0.326464672157426		1.09914011401626		0.906938552856445	0.32622199028412	0.992354542933224	0.32873532207538	0.175670176859671	66.7313365186506
260	0.302766118632736		1.04893413948542		0.883175373077393	0.30252343675943	0.922012653044984	0.328112022931935	0.178984114084959	66.2240727144517
258	0.278955749312594		0.994523442071002		0.859192788600922	0.278713067439288	0.850226165270984	0.327810503632827	0.182133777246649	65.7455287911587
256	0.25421261083114		0.934226501393968		0.834685504436493	0.253969928957835	0.775645659271732	0.32743034905435	0.185442893676599	65.2464829373432
254	0.230336044764437		0.873028730642409		0.80953711271286	0.230093362891132	0.70273422316716	0.327425867853883	0.188477802263055	64.7921211086854
252	0.207107179805985		0.810604487727781		0.784095585346222	0.20686449793268	0.631702643905539	0.32747131886884	0.19184853163046	64.2911905839948
250	0.185421734641171		0.749894861505521		0.758817315101624	0.185179052767866	0.565269817720448	0.327594092171122	0.195331832747993	63.7775992469358
248	0.164988369549479		0.689896705006981		0.735633492469788	0.164745687676174	0.503862716035351	0.326965426163057	0.198776561124385	63.2737302780778
246	0.14477081134169		0.628006929253303		0.715051770210266	0.144528129468385	0.44551113590718	0.324409689948798	0.203138038632289	62.6414729800548
244	0.125471439241683		0.565961913021731		0.697206974029541	0.125228757368377	0.391134764282056	0.320167800983479	0.208047853532561	61.9372824588121
242	0.107712082546899		0.505692806512066		0.681808710098267	0.107469400673593	0.341404299966281	0.314786312545588	0.213379281992142	61.181584178505
240	0.0909840133846148		0.445610279896675		0.667849898338318	0.0907413315113093	0.294288549317868	0.308341359939552	0.219931353983282	60.2654836155412
238	0.0750660504202657		0.384645208576559		0.657016694545746	0.0748233685469602	0.249459820450687	0.299941563381953	0.228011646674062	59.1545770208865
236	0.0619168192487474		0.330787453512223		0.649702370166779	0.0616741373754419	0.211691165219164	0.291340157306946	0.236772660139127	57.973208900571
234	0.0494366054848341		0.276360535699917		0.645702123641968	0.0491939236115286	0.17524419684088	0.280716420277221	0.247692404439257	56.5337241602861
232	0.0388955332346263		0.227406837165058		0.644411623477936	0.0386528513613208	0.143347621468192	0.269644176620661	0.259552205917185	55.0107788867182
230	0.0294658149304782		0.181366253547757		0.644490897655487	0.0292231330571727	0.113692518730327	0.257036552479663	0.274411491313491	53.1604328782381
228	0.0219314575844854		0.142861201783586		0.646355271339417	0.0216887757111799	0.0891334635767163	0.243329214874642	0.291114325536721	51.1547155953253
226	0.0162522542399451		0.112454730004144		0.649210751056671	0.0160095723666396	0.069787030583205	0.229406126508733	0.308828956477574	49.1101254500233
224	0.0120144004723175		0.0891691593421839		0.652522802352905	0.011771718599012	0.0549486943313469	0.214231088513718	0.330292902391394	46.7419791775232
222	0.0091313226573378		0.0727426849510338		0.655378818511963	0.0088886407840323	0.04442363497535	0.200088101501925	0.353176040947178	44.3428863934868
220	0.00703976378965766		0.0605223615898296		0.656985223293304	0.00679708191635216	0.0365039502652435	0.186201270464251	0.377992519648608	41.8800778541385
218	0.00549972195335073		0.05125397055173		0.657121121883392	0.00525704008004524	0.0304210456568351	0.172809315608258	0.405241316626193	39.33314592861
216	0.00441891427181738		0.0446038282138007		0.655903518199921	0.00417623239851188	0.0260028256362962	0.160606868535182	0.433472961444841	36.857598815362
214	0.00363911085582016		0.0396577747858408		0.654084265232086	0.00339642898251466	0.0226955669319575	0.149651647508843	0.462027042624422	34.5122248613967
212	0.00307162369454402		0.0359282902044906		0.652615189552307	0.00282894182123853	0.0202106743176661	0.139972658842252	0.489459821970243	32.3996395034576
210	0.00261090390592629		0.0328949408551916		0.652986526489258	0.00236822203262079	0.0182414379018771	0.129826499717826	0.519062147169482	30.2648031036479
208	0.00219878436640483		0.0300139913217967		0.655270755290985	0.00195610249309933	0.0164174467637598	0.119147789619593	0.549453227174502	28.2193348447718
206	0.00181748110998624		0.0273134809260933		0.661797821521759	0.00157479923668074	0.0147937869053637	0.106450041950366	0.587710720606371	25.8398078237941
204	0.00146316403758		0.0247396210063394		0.668592393398285	0.0012204821642745	0.0132248091740024	0.0922873175874438	0.636162146373255	23.1120172845007
202	0.0011215426352509		0.0221938436098194		0.687935590744019	8.78860761945399E-4	0.0118560882341171	0.0741273803459377	0.707341291410068	19.6181797131991
200	8.08080059637282E-4		0.0194436875901535		0.715800225734711	5.65398186331784E-4	0.0103677534084978	0.0545343011214332	0.805926081286549	15.6341371946496
