Wavelength	I1	I1 dark	R1	R1dark	XCorrect	I1c	R1c	I1c/R1c	Abs	Percent T
nm	uA	uA	uA	uA		uA	uA	uA/uA	OD	T*100
	Abs Detector Raw	Dark Offset for Abs Detector	Ref Detector Raw	Dark Offset for Ref Detector	Linear interp	Dark subtracted Abs Detector	Corrected Ref Detector	Corrected Intensity 	-Log(T)	% Transmittance
800	0.14108210041893	2.45473095866672E-4	0.207520676355847	0.00496545762938997	1.35067892074585	0.140836627323063	0.27358706422089	0.51477809348966	5.20614005024162E-4	99.8801960176235
795	0.16451495600767		0.241726888301075		1.32914304733276	0.164269482911803	0.314689809453828	0.522004456378512	4.22589033813906E-4	99.9027426047201
790	0.1489268355713		0.219145345727732		1.30966234207153	0.148681362475433	0.280503333871494	0.530052033333579	4.45905405572108E-4	99.8973791772419
785	0.155305525121007		0.228785713349733		1.28932750225067	0.15506005202514	0.288577611261017	0.537325301666903	4.7984151370045E-4	99.8895734234215
780	0.175637831558318		0.258619797855766		1.268270611763	0.175392358462451	0.321702345255247	0.545200745500597	5.12038870512602E-4	99.8821681692562
775	0.220927936205228		0.324165587693956		1.24929487705231	0.220682463109362	0.398775087244093	0.553400827104028	3.76783060925569E-4	99.913280117505
770	0.410821424444864		0.600190690655956		1.23221707344055	0.410575951348998	0.733446694677965	0.559789762948308	1.97493000756209E-4	99.954535894107
765	0.351354487426623		0.509668658241785		1.22051060199738	0.351109014330756	0.615995607209436	0.56998623078067	3.05510366014574E-4	99.9296783757979
760	0.334770568730682		0.48751947131857		1.20898902416229	0.334525095634816	0.583402506115679	0.57340359722158	6.76434992643015E-5	99.9844257216123
755	0.394434485118254		0.572980263213413		1.19543445110321	0.394189012022387	0.679024467331834	0.580522545190923	2.04139604872875E-5	99.9952996223605
750	0.46588009976197		0.674650407765656		1.1848680973053	0.465634626666104	0.793488332661951	0.586819752098961	-1.43008973095718E-5	100.003292957513
745	0.593863290168543		0.856063461850335		1.17581367492676	0.593617817072677	1.00073267206586	0.593183208306014	2.8678311573838E-5	99.9933967927491
740	0.769520222144875		1.10297736070502		1.16803753376007	0.769274749049009	1.28251911530767	0.599815425647255	1.02958357155309E-4	99.9762957720577
735	0.970983290187525		1.38128347958809		1.1606684923172	0.970737817091658	1.59744896349579	0.607680019377481	1.22707245485977E-4	99.9717496037503
730	0.979684875235763		1.3935115166486		1.15388596057892	0.979439402139897	1.60222380311945	0.611299994565663	1.51975574845824E-4	99.9650124527564
725	1.00511996424546		1.43890949864493		1.14589858055115	1.00487449114959	1.64315444118949	0.611552064711676	1.76736000044127E-5	99.9959305860119
720	0.981766070295806		1.41134035202658		1.13600122928619	0.98152059719994	1.59764360887245	0.614355161407154	1.19251796382918E-4	99.9725450287008
715	0.728157629231539		1.04652412667767		1.12339866161346	0.727912156135672	1.17008561480074	0.622101619683302	1.33723392900085E-4	99.9692137908186
710	0.449163880346343		0.651850558613595		1.10628998279572	0.448918407250476	0.715642507238621	0.627294218425724	1.8197808597329E-4	99.9581067748618
705	0.312516472445094		0.465071641208072		1.08649384975433	0.312270999349227	0.499902538692176	0.624663759792413	1.74174335512653E-4	99.959902918176
700	0.271068664077996		0.414481056388249		1.0694442987442	0.270823190982129	0.43795412233948	0.618382559194638	1.76160431493898E-4	99.9594457870915
695	0.317306303968923		0.487578589360326		1.06210851669312	0.317060830873056	0.512587517479363	0.618549652617753	-5.37349819603952E-5	100.012373702323
690	0.370104274949359		0.566259821956087		1.06392598152161	0.369858801853492	0.597175657488828	0.619346748674885	2.44528186005742E-5	99.9943696889488
685	0.383955693045867		0.587193864841189		1.064248919487	0.38371021995	0.619635953269794	0.61925105850488	5.7558106706923E-5	99.9867476343551
680	0.380765327458029		0.583531529040393		1.06094348430634	0.380519854362162	0.613825903704218	0.619914949932647	9.92970537632887E-5	99.977138622034
675	0.399743040700069		0.613391600637387		1.05628788471222	0.399497567604202	0.642673163601531	0.621618561704714	1.55850999083139E-5	99.9964114625174
670	0.414607310660206		0.637238720903427		1.0509113073349	0.414361837564339	0.664463121700221	0.623603965415077	9.39723940442974E-5	99.9783643974662
665	0.423231609331799		0.651630982503633		1.04460680484772	0.422986136235932	0.675511207744055	0.626171899721015	1.18413612902784E-4	99.9727379747779
660	0.438003907246405		0.675346270494809		1.03775990009308	0.437758434150538	0.695694325383534	0.629239621739337	1.10689548510882E-4	99.9745160372784
655	0.470894560496328		0.72678171248899		1.03209853172302	0.470649087400461	0.744985496814404	0.631756040101426	7.0421534623774E-5	99.9837861570006
650	0.503235908023348		0.777235673469027		1.02793705463409	0.502990434927482	0.793845171051832	0.6336127664051	7.72206533812872E-5	99.9822208681403
645	0.508099981795416		0.785613291843754		1.02511239051819	0.50785450869955	0.800251767484334	0.634618415521952	9.94643819655909E-5	99.9771001021072
640	0.534435155335206		0.827379193776476		1.02288675308228	0.534189682239339	0.841236116257756	0.635005644569429	1.40363571266305E-4	99.9676853156395
635	0.57156178024789		0.885397356996795		1.01995265483856	0.571316307152023	0.897998853164342	0.636210508664722	6.9593391145605E-5	99.9839768133474
630	0.605197387718469		0.93816716269414		1.01619136333466	0.604951914622603	0.948311512935974	0.637925308688567	1.11089342050511E-4	99.9744240049158
625	0.64430249193233		0.999416361057799		1.01184904575348	0.644057018836463	1.00623419768272	0.640066716396319	1.29133243397086E-4	99.9702703919984
620	0.672795507870724		1.04401807352606		1.00772297382355	0.672550034774857	1.04707719205053	0.64231179886344	1.15444928631242E-4	99.9734213555749
615	0.692200121440648		1.07463526426066		1.00676500797272	0.691954648344781	1.0769061314013	0.642539426759869	1.25463764494735E-4	99.9711150731149
610	0.714198751418664		1.10938536177805		1.00835275650024	0.713953278322797	1.11364485468204	0.641096014875084	1.2934385412375E-4	99.9702219115156
605	0.744881230238934		1.15742780482339		1.00748717784882	0.744635757143067	1.1610910377515	0.641324179527802	1.31487299125819E-4	99.9697285132509
600	0.786082070223229		1.22109761352894		1.00393652915955	0.785836597127362	1.22091949559311	0.64364325409155	1.29818190978215E-4	99.9701127240018
595	0.83503256929521		1.29650786011482		1.00194668769836	0.834787096199344	1.29405663219226	0.64509317091102	1.68944482651695E-4	99.9611066606912
590	0.882002308792587		1.36872170473594		1.00122630596161	0.881756835696721	1.36542862952255	0.645772921873655	1.5463503891338E-4	99.9644003046502
585	0.919252257984564		1.42584672770104		0.999503612518311	0.919006784888697	1.42017596239621	0.647107688921934	2.31114777432037E-4	99.94679801315
580	0.955433756863427		1.48104036761721		0.997582137584686	0.955188283767561	1.47250596394077	0.64868211549463	1.88462553265985E-4	99.9566143077408
575	0.99509642333092		1.54162425287318		0.996463119983673	0.994850950235053	1.53122381745898	0.649709689002867	2.66779302547935E-4	99.9385906587423
570	1.04167044536162		1.6125409310566		0.995352268218994	1.04142497226575	1.600103893809	0.650848345720019	3.11148474301464E-4	99.9283810747405
565	1.09233392629931		1.68916681209808		0.995424807071686	1.09208845320344	1.67649580834187	0.651411383058316	2.69250104853643E-4	99.938022086476
560	1.1575358007336		1.78789445574655		0.99668163061142	1.15729032763774	1.7770125811078	0.651256124993935	3.32551155564248E-4	99.9234565760899
555	1.23212006343607		1.90019156711424		0.997921407222748	1.2318745903402	1.89128670618242	0.651342065860947	4.06040758835715E-4	99.9065493524959
550	1.30098867979906		2.00282453423344		0.999059557914734	1.3007432067032	1.99598020584798	0.651681415923955	3.87912777789134E-4	99.9107196606806
545	1.37273073670234		2.10873849621257		0.998953521251678	1.37248526360647	2.10157148480701	0.653075697652278	4.31210935505221E-4	99.9007592889946
540	1.42603590128426		2.18545642437282		0.99831360578537	1.4257904281884	2.17681379939206	0.654989613069613	4.51708026771065E-4	99.8960444543711
535	1.4774745619674		2.25843206128825		0.99890261888504	1.47722908887153	2.25099369196481	0.65625643205695	4.82440639049869E-4	99.8889756153526
530	1.52499472657244		2.32408472948295		1.0004802942276	1.52474925347657	2.32023313145295	0.657153469971254	5.32183390780311E-4	99.8775352950637
525	1.57637279155269		2.39449007832271		1.00154280662537	1.57612731845682	2.39321119510961	0.658582628092978	5.98238027547575E-4	99.8623454345038
520	1.64056687821024		2.48303966537123		1.0020604133606	1.64032140511438	2.48318006494802	0.660572879215955	6.42057908266401E-4	99.852269931613
515	1.73530924599573		2.61604327567962		1.00317466259003	1.73506377289987	2.61936710911884	0.662398091073055	6.67339982386144E-4	99.8464572880818
510	1.85675347402609		2.78701412216442		1.00497353076935	1.85650800093022	2.79588526916992	0.664014371906401	7.20443665129212E-4	99.8342492341947
505	2.04722763220054		3.05849643797416		1.00703155994415	2.04698215910468	3.0750020664744	0.665684807637094	7.83399173091061E-4	99.8197782689628
500	2.28247335147539		3.3915107701396		1.00866842269897	2.28222787837952	3.41590131876828	0.66811879659406	8.61879635482498E-4	99.8017416719089
495	2.72172319957375		4.02194803812831		1.00840878486633	2.72147772647788	4.05076052283014	0.671843647912435	8.36628569219809E-4	99.8075445862016
490	2.99942937033909		4.40054346630301		1.00791668891907	2.99918389724322	4.43037643238779	0.676959157537498	8.93550959196991E-4	99.7944638036693
485	3.30546303610843		4.81948685085947		1.00981318950653	3.30521756301256	4.86176720404509	0.679838713845153	9.86628551216401E-4	99.7730782381585
480	3.59014827178729		5.1908736145122		1.01162850856781	3.58990279869142	5.246212534317	0.68428466731167	0.00108356110711794	99.7508118252142
475	3.9105524062492		5.61412592483268		1.0147271156311	3.91030693315334	5.69176722199721	0.687011042553007	0.00113457341031131	99.7390957661087
470	5.1458686415475		7.33801205563969		1.01911818981171	5.14562316845163	7.47324117476915	0.688539690893969	0.00124592345659033	99.7135266424617
465	5.3894900321756		7.60515222547069		1.02440202236176	5.38924455907973	7.78564669530368	0.692202558116404	0.00137170259008742	99.6846520757681
460	4.95798885714198		6.95315747221655		1.02919805049896	4.95774338404611	7.15106567590557	0.693287351667106	0.00137234943895877	99.6845036031087
455	4.50203412507717		6.32302890051567		1.02975058555603	4.5017886519813	6.5060295298923	0.691941011226216	0.00144229540067366	99.6684500557863
450	4.08951306227239		5.79370729130261		1.02460694313049	4.08926758917653	5.93118507477153	0.689452029843133	0.00154114545587035	99.6457670352819
445	3.31146131733446		4.73662282042886		1.01443707942963	3.31121584423859	4.79996867597998	0.689841136007531	0.0016735029265684	99.6154031861039
440	3.09169082260715		4.43891537044656		1.0045450925827	3.09144534951128	4.45410262567799	0.694066933188526	0.00189418059350466	99.5647985582458
435	3.01205169694881		4.30689271716551		1.00333738327026	3.01180622385294	4.31628443960198	0.697777513506656	0.00211832472425757	99.5134253353344
430	3.01040616717023		4.26895371585226		1.00962591171265	3.01016069407436	4.30503303274028	0.699218953996807	0.00234214569685877	99.4621526295392
425	3.00369656270485		4.23745229996251		1.01462471485138	3.00345108960899	4.29438575551446	0.699390148114251	0.00250248388338453	99.4254387445027
420	3.40546807721273		4.83590715841104		1.01114857196808	3.40522260411687	4.88479980200641	0.697105867617786	0.00266630709109811	99.3879408639691
415	2.94570346479205		4.24834618907913		1.00222969055176	2.94545799169618	4.25284215737417	0.692585777393346	0.00285930246602527	99.3437838406976
410	2.62587880786688		3.84618467701422		0.991583049297333	2.62563333477101	3.80888786657713	0.689343826005188	0.00315971562796032	99.2750888380341
405	2.42864433111593		3.59352775907847		0.984792649745941	2.42839885802006	3.53398977762243	0.687155031799163	0.00353441785339141	99.1894728431081
400	2.42964851324082		3.6052399978012		0.985299050807953	2.42940304014496	3.54734708707933	0.684850673054714	0.00388587390158997	99.1092354932276
395	2.53086188441843		3.73961262910021		0.993990123271942	2.53061641132256	3.71220240234749	0.681702164117524	0.00429618319870791	99.0156440737906
390	2.54453823202003		3.72943799046899		1.0093150138855	2.54429275892416	3.75916604619916	0.676823723042683	0.00467240249892178	98.9299062451197
385	2.60057442564377		3.77627413530138		1.02994096279144	2.60032895254791	3.88422529046521	0.669458838788537	0.00511174052739458	98.8298780500189
380	2.67023588288495		3.8475404191963		1.0526317358017	2.66999040978908	4.04481635174231	0.660101764234359	0.00558380497262317	98.7225114429659
375	2.67857288236336		3.83896719169149		1.0729786157608	2.67832740926749	4.11380187343848	0.651058921082371	0.00608969643038969	98.6075806749795
370	2.68568138087011		3.83612028008178		1.08660447597504	2.68543590777424	4.16294997823011	0.645080032625317	0.00670411547148258	98.468174026869
365	2.72169478160511		3.88049310949431		1.08132040500641	2.72144930850925	4.19068713012812	0.649404077184365	0.00743325430103993	98.3029940954023
360	2.79365731061444		3.97974167843367		1.05907070636749	2.79341183751857	4.20956905981991	0.663586176595017	0.00814476217829978	98.1420754227363
355	2.88963036443017		4.11514021793171		1.03085851669312	2.8893848913343	4.23700865675473	0.681939813063158	0.00892973143353884	97.9648479076975
350	2.97098019076527		4.23266313494258		1.00126516819	2.9707347176694	4.23304642593148	0.701795921601709	0.00973994234480749	97.7822570610422
345	3.02178624280835		4.31168112046669		0.976925909519196	3.02154076971248	4.20734211595789	0.718159038755651	0.0106861773258852	97.5694423165062
340	3.04165656499458		4.35214959442607		0.957048177719116	3.04141109189871	4.16046465633072	0.731026782614482	0.0116798171367948	97.3464644428282
335	3.01744853286475		4.33967263158531		0.94122588634491	3.01720305976888	4.07993860185229	0.739521682605485	0.0128083459781602	97.0938347511857
330	2.91211614070751		4.23060521502893		0.928119659423828	2.91187066761164	3.92189933248545	0.742464408377939	0.01402008182059	96.8233084030785
325	2.71595484266321		4.01629919781885		0.91583526134491	2.71570936956734	3.67372088428807	0.739225829915932	0.0153931386814821	96.5176771360209
320	2.50379988013203		3.78353543165908		0.904343068599701	2.50355440703616	3.4171235652327	0.73264965671959	0.0169211454304936	96.1786893557925
315	2.33906317668872		3.60925483665235		0.894213438034058	2.33881770359285	3.22300399728576	0.725663916508476	0.0187402642862958	95.7766705429007
310	2.21180072358396		3.4875777863573		0.888025283813477	2.21155525048809	3.09264780163091	0.715100907811689	0.0208640681060646	95.3094430898874
305	2.06031817536112		3.33158622448061		0.88782924413681	2.06007270226526	2.95347120096333	0.697508985898805	0.0232833531373311	94.7799874511018
300	1.87891806378128		3.13395703825858		0.894482612609863	1.87867259068541	2.79882856387546	0.671235321424641	0.0262925455301931	94.12553429957
295	1.65929300118229		2.87170384838852		0.914933919906616	1.65904752808643	2.62287619320404	0.632529866405847	0.0299021591768348	93.3464574376559
290	1.4102646965133		2.55056907183968		0.948803901672363	1.41001922341743	2.41527864127399	0.583791534161742	0.0344475869662778	92.3745664372514
285	1.13369939976684		2.16279629262742		0.981301248073578	1.13345392667097	2.11748209151522	0.53528383130735	0.0394439871796291	91.3179204333564
280	0.883222313060173		1.79563496596953		1.00535523891449	0.882976839964307	1.80025897137419	0.490472123180313	0.0446885785010106	90.221786312724
275	0.679971347990976		1.48325638079195		1.00898802280426	0.67972587489511	1.49157783569128	0.455709288935692	0.0497588825639008	89.1745892169736
270	0.548825973148797		1.28074127112753		0.988452672958374	0.54858050005293	1.26104401294788	0.43502089889039	0.0546203288259823	88.1819444900083
265	0.468707081257022		1.16115388787735		0.94263219833374	0.468461608161155	1.08986044169267	0.429836326047016	0.0591536478814793	87.2662576812468
260	0.40422263479838		1.0606086301004		0.883175373077393	0.403977161702514	0.932318052683683	0.433304021669068	0.0633302435027344	86.4310435274149
255	0.332577793470889		0.929184545237357		0.822186827659607	0.332332320375023	0.759880759702851	0.437347986682779	0.067365844839213	85.6316190085511
250	0.259406045716394		0.777713977910475		0.758817315101624	0.259160572620528	0.586374957408445	0.441970737914728	0.0715668340197792	84.8072861613956
245	0.193622112873785		0.627410417414867		0.705762684345245	0.193376639777918	0.439298425675366	0.440194247180891	0.0767736573429046	83.7965893731764
240	0.136075355291231		0.480263200595611		0.667849898338318	0.135829882195364	0.317427549320423	0.427908297456099	0.0831904632545578	82.5675763574971
