Wavelength	I1	I1 dark	R1	R1dark	XCorrect	I1c	R1c	I1c/R1c	Abs	Percent T
nm	uA	uA	uA	uA		uA	uA	uA/uA	OD	T*100
	Abs Detector Raw	Dark Offset for Abs Detector	Ref Detector Raw	Dark Offset for Ref Detector	Linear interp	Dark subtracted Abs Detector	Corrected Ref Detector	Corrected Intensity 	-Log(T)	% Transmittance
800	0.143144193687668	2.26028215458835E-4	0.208825823979416	0.00494582690170046	1.35067892074585	0.142918165472209	0.275376414414596	0.518992034143624	6.61370632823197E-4	99.8478296806107
798	0.144003435017242		0.21029069145098		1.34199333190918	0.143777406801783	0.275571438966926	0.521742773274262	7.28574049891899E-4	99.8323802644176
796	0.155831021563609		0.227435939032617		1.33337259292603	0.15560499334815	0.296662217712402	0.524519079470379	6.33555627301523E-4	99.854224781144
794	0.166286062873151		0.242229778008538		1.32502686977386	0.166060034657693	0.314407610982668	0.528167985942449	6.36136123131705E-4	99.8536314679524
792	0.162211576347684		0.236108971834875		1.31713449954987	0.161985548132225	0.30447295321593	0.532019499339063	5.48668673265091E-4	99.8737441390566
790	0.152298581087002		0.222005769986932		1.30966234207153	0.152072552871543	0.284275233430918	0.53494830005477	5.64990324190898E-4	99.8699907555219
788	0.149260406355489		0.217962099196205		1.30193436145782	0.14903437814003	0.277333204449872	0.537383824759319	5.99263982436928E-4	99.862109525127
786	0.152448488007789		0.222658193766674		1.29363858699799	0.15222245979233	0.281641118643191	0.540483792017528	5.8463235711235E-4	99.8654739924303
784	0.156386776795153		0.228361819995104		1.28498160839081	0.156160748579694	0.287085442145391	0.543952167733425	6.28574875431271E-4	99.8553699763733
782	0.162064161339728		0.236576781815306		1.27644824981689	0.161838133124269	0.295664927002888	0.547370074512385	6.61736799831781E-4	99.8477454958761
780	0.171268055422214		0.249837625725941		1.268270611763	0.171042027206755	0.310589071510562	0.550702013998387	5.87402980276039E-4	99.8648368931246
778	0.184025275219871		0.268339874187166		1.26044166088104	0.183799247004413	0.331992830426672	0.553624145341321	8.35574685584413E-4	99.8077867851471
776	0.199909771768949		0.291124404049127		1.25292003154755	0.19968374355349	0.358558871907785	0.556906436287666	7.05645693433444E-4	99.8376510033295
774	0.223070273385389		0.324384417038785		1.24577045440674	0.22284424516993	0.397947157590123	0.559984512816785	7.74278395261355E-4	99.82187464278
772	0.276156444437915		0.401006567001172		1.23883104324341	0.275930416222456	0.490652339845185	0.562374605835	6.31664252077305E-4	99.8546596524718
770	0.373110319248871		0.540889918798183		1.23221707344055	0.372884291033412	0.660399460444438	0.564634457427429	6.63602436001023E-4	99.8473165722469
768	0.443635799313745		0.640275912968928		1.22665858268738	0.443409771098286	0.779333102913875	0.568960524633698	6.47167352490945E-4	99.8510951835468
766	0.41785177323269		0.601218110695796		1.22236526012421	0.417625745017232	0.728862525284824	0.572982874725289	7.57511818380037E-4	99.8257284873787
764	0.352021448178353		0.506586067922071		1.2186872959137	0.351795419962894	0.611342588850611	0.57544726374177	6.41566439907642E-4	99.8523829292702
762	0.321718967830685		0.46446943906204		1.214359998703	0.321492939615227	0.55802709306703	0.576124248462985	6.11071625974365E-4	99.8593945006167
760	0.328536009124247		0.474330459835626		1.20898902416229	0.328309980908788	0.567480869327563	0.57853929295946	5.79745563624381E-4	99.866597710815
758	0.346769451739378		0.500377103103131		1.2031888961792	0.346543423523919	0.596097410345451	0.58135368063936	6.99277251044901E-4	99.8391150214482
756	0.372105414772906		0.536322610161648		1.19780671596527	0.371879386557447	0.636486679696788	0.58426892253991	5.93269898173101E-4	99.8634878203967
754	0.397345997252616		0.57180606583041		1.1931779384613	0.397119969037157	0.67636513128064	0.587138441458749	5.74145971412257E-4	99.8678853528441
752	0.420172136077423		0.603888235502021		1.18890511989594	0.419946107861964	0.712085696107724	0.589740968197225	6.15602452563366E-4	99.8583527115576
750	0.449910941195409		0.645709809126414		1.1848680973053	0.44968491297995	0.759220800440362	0.592297935882584	4.97309699645769E-4	99.8855557473416
748	0.492778914046578		0.706384897079769		1.18107759952545	0.492552885831119	0.828453973219278	0.594544659997361	4.89586169143228E-4	99.8873321364709
746	0.54855410272752		0.785036997290393		1.17750906944275	0.548328074512061	0.918564428124894	0.596940244715754	6.13541092488823E-4	99.8588266860575
744	0.600388991436413		0.85711123955611		1.174187541008	0.600162963220954	1.00060201041674	0.599801876243473	5.2369476070159E-4	99.8794874997804
742	0.650698509057652		0.926760920674288		1.17108881473541	0.650472480842193	1.07952734557135	0.602553037225679	5.99629726230842E-4	99.862025425667
740	0.725674323272223		1.0313105955495		1.16803753376007	0.725448295056765	1.1988325731096	0.605128949053376	6.36564982984881E-4	99.8535328639075
738	0.836016239335225		1.1851424336189		1.16498303413391	0.835790211119766	1.37490902376795	0.60788764687083	6.74428485034581E-4	99.8448276194342
736	0.932760641414474		1.31801695884479		1.16204738616943	0.932534613199015	1.52585087672901	0.611157110711962	6.11354669862363E-4	99.8593294190114
734	0.981998595624467		1.38407133358085		1.15931880474091	0.981772567409008	1.59884613399097	0.614050687265541	6.24059271509639E-4	99.8564082341988
732	0.991876871647007		1.39674323294428		1.15665113925934	0.991650843431548	1.60982405531734	0.615999518802113	5.48905093576079E-4	99.873689770014
730	0.988435824907827		1.39329354545806		1.15388596057892	0.988209796692368	1.60199494084396	0.61686199593849	5.64071468290164E-4	99.8702020550691
728	0.986536776148326		1.39327960014562		1.15089321136475	0.986310747932867	1.59782391473483	0.617283756262061	5.39339664257488E-4	99.8758895337247
726	0.992529046632194		1.40544412890561		1.1476241350174	0.992303018416735	1.60724565243056	0.617393499815116	5.44208106229103E-4	99.8747699310877
724	1.00796347711251		1.4310671659126		1.14410185813904	1.00773744889705	1.6316280738941	0.617626936567691	5.80021719502761E-4	99.8665342084211
722	1.01752006948155		1.44760859773127		1.14027833938599	1.01729404126609	1.64503710861552	0.618401880382053	6.20255512757044E-4	99.8572828282036
720	1.00271486324188		1.42820079019163		1.13600122928619	1.00248883502643	1.61681938788504	0.620037613686575	6.41471533152954E-4	99.8524047501015
718	0.950496255967629		1.35461855293682		1.13137769699097	0.950270227752171	1.52698962047313	0.622316101570966	6.915105345356E-4	99.8409005127885
716	0.852681860606523		1.21490006533593		1.12621939182281	0.852455832391064	1.36267392654283	0.625575800480592	7.19230129564688E-4	99.8345281983223
714	0.725511790313889		1.03371349043736		1.12039887905121	0.72528576209843	1.15263013702948	0.629244142416415	7.97476149957445E-4	99.8165428192961
712	0.595426008057807		0.850454942585636		1.11375534534454	0.595199979842348	0.941690297130522	0.632054914079518	0.00120206818836626	99.7235962713382
710	0.487536749760884		0.700387084298559		1.10628998279572	0.487310721545425	0.769359696681002	0.633397776940579	0.00191765091600497	99.5594179815019
708	0.408737117812568		0.592157050551338		1.09837675094604	0.408511089597109	0.64497915595134	0.63337099474875	0.00253190206506497	99.4187041054939
706	0.350984072083865		0.513859657370546		1.09038031101227	0.350758043868406	0.554909620745065	0.632099409985812	0.00292599927104669	99.3285282837069
704	0.308874139085624		0.457653146364668		1.0826700925827	0.308648110870165	0.490132675475838	0.629723595902923	0.00302193119924584	99.3065898863628
702	0.284408290184361		0.426454458440015		1.07555782794952	0.284182261968903	0.453356908199326	0.626840038894824	0.00286810368158479	99.3417706049025
700	0.270535689836962		0.409354100842329		1.0694442987442	0.270309661621503	0.432492122930789	0.625004820410938	0.0020552637583363	99.527876056245
698	0.272359196604577		0.414181403984661		1.0649927854538	0.272133168389119	0.435832937144374	0.62439789468911	0.00115859201737896	99.7335798592586
696	0.289348942935616		0.440674049447649		1.06259047985077	0.289122914720157	0.463000661079623	0.624454647744954	7.67245038152533E-4	99.8234912614708
694	0.316417524675599		0.481556708891224		1.06203079223633	0.316191496460141	0.506175432587789	0.624667805080211	7.85379219387816E-4	99.819323169163
692	0.343137978975568		0.520983558404092		1.06277585029602	0.342911950760109	0.548432438882284	0.625258329829961	6.25637888112831E-4	99.8560452668943
690	0.362575124588819		0.549425250490152		1.06392598152161	0.36234909637336	0.579285805159662	0.625510055910122	6.52668631522453E-4	99.8498303614503
688	0.375786541772357		0.568913990341478		1.06461536884308	0.375560513556898	0.600409174336192	0.625507619819625	6.26979610552188E-4	99.8557367691001
686	0.383087719721698		0.579750249453452		1.0645604133606	0.38286169150624	0.611914033673191	0.625678886963911	5.49058078085469E-4	99.8736545885291
684	0.382802434993834		0.57940521405444		1.06376242637634	0.382576406778376	0.611088311532265	0.62605747738668	5.56761834543196E-4	99.871882989949
682	0.376972096882366		0.570803032387152		1.06245732307434	0.376746068666907	0.6011991317824	0.626657705825276	4.80440696867958E-4	99.8894356088459
680	0.376271555808505		0.570414492654818		1.06094348430634	0.376045527593046	0.599930296510167	0.626815364685742	6.60096666914986E-4	99.8481225761525
678	0.382327979429324		0.579932798586023		1.05921316146851	0.382101951213865	0.609033768080954	0.627390419447277	5.77594860793755E-4	99.8670922690356
676	0.390409912075253		0.592543730542468		1.05730748176575	0.390183883859794	0.621271659789252	0.62804069316819	5.92351368677644E-4	99.8636990311302
674	0.397859125912675		0.604261282070354		1.05524814128876	0.397633097697216	0.632426520112348	0.628741972469115	5.53385064460235E-4	99.8726595268652
672	0.403965278842377		0.613859371631612		1.05312037467957	0.403739250626919	0.641259260373426	0.629603774285938	5.66916464765568E-4	99.8695478228511
670	0.410504148750331		0.624235859627259		1.0509113073349	0.410278120534873	0.650818897911089	0.630402899872342	5.41457688635473E-4	99.8754024470548
668	0.415210775013263		0.631803505165867		1.0485315322876	0.414984746797804	0.657280041916573	0.631366723973154	6.05045541403139E-4	99.8607801164982
666	0.418340844580834		0.63698119313346		1.04595601558685	0.418114816365375	0.661081193373748	0.632471201051079	6.30965018084095E-4	99.8548204231736
664	0.421608885644436		0.64248445483022		1.04322910308838	0.421382857428977	0.665098850998065	0.633564254090408	6.60428678552016E-4	99.8480462437851
662	0.426391630071125		0.650068970485949		1.04042720794678	0.426165601855667	0.671203671061207	0.634927400176279	6.12928912642069E-4	99.8589674467783
660	0.432935469461481		0.66031299937568		1.03775990009308	0.432709441246023	0.68011377143088	0.636230965204031	4.89763645458262E-4	99.8872913170897
658	0.441013271248052		0.67296838567765		1.03528940677643	0.440787243032593	0.691596678588425	0.637347252639004	5.87240751604603E-4	99.864874197174
656	0.452721115134375		0.691086030258576		1.03309750556946	0.452495086918916	0.708849732558909	0.638351213430572	5.53478816335582E-4	99.8726379671896
654	0.469044230608702		0.716351742743068		1.03115320205688	0.468818202393243	0.733568488082037	0.639092613723088	5.96447404738817E-4	99.862757173933
652	0.486326485483493		0.742800621116388		1.02945709228516	0.486100457268034	0.759589850980914	0.639951227152781	5.06458575389157E-4	99.8834515739046
650	0.499029666890253		0.76232227203936		1.02793705463409	0.498803638674794	0.778535312264046	0.640694944490355	5.03734155565248E-4	99.8840781655848
648	0.50245335919835		0.767888151228545		1.02666783332825	0.502227330982891	0.783288343071059	0.641178099260096	5.97837609560034E-4	99.8624375072781
646	0.502864079106377		0.768803981913362		1.02560043334961	0.502638050890918	0.783413254797594	0.641600136087539	5.35198110342995E-4	99.8768419827445
644	0.506248979605547		0.77448985011574		1.02465677261353	0.506022951390088	0.788518495210526	0.641738848820515	6.22702048661376E-4	99.8567202980546
642	0.51375276161902		0.786385566620942		1.02378344535828	0.513526733403561	0.80002506906964	0.641888302326262	6.51890580948872E-4	99.8500092453427
640	0.525397342566143		0.804497305745348		1.02288675308228	0.525171314350684	0.817850616116511	0.642135989142385	6.12737043488547E-4	99.8590115639859
638	0.539263875103509		0.826044030207592		1.02184903621674	0.53903784688805	0.839038407687418	0.642447165647353	6.72593943744401E-4	99.8452493835905
636	0.554124469831726		0.849115913965499		1.02063095569611	0.553898441616267	0.861586122729989	0.642882269112234	6.509228979627E-4	99.8502317286272
634	0.568902815414765		0.871996822992723		1.01923584938049	0.568676787199306	0.883729458457036	0.643496470279714	6.63070849197007E-4	99.8474387878186
632	0.582699990042251		0.893293087250889		1.0177036523819	0.582473961826792	0.904074251440822	0.644276685126807	6.68849062339436E-4	99.846110343712
630	0.595811777709586		0.913627097179404		1.01619136333466	0.595585749494127	0.923394058880167	0.64499629791469	6.53264638109699E-4	99.8496933320422
628	0.610537478029163		0.936292608868623		1.01451146602631	0.610311449813704	0.944861989152145	0.645926555222479	6.56878762945338E-4	99.8488624033291
626	0.626122305847748		0.960262105232806		1.01275491714478	0.625896277632289	0.967501258308274	0.646920375821217	5.81516213560408E-4	99.866190548321
624	0.641328847535033		0.983781797521639		1.01092803478241	0.641102819319574	0.989532724153147	0.647884404094101	5.77896676889292E-4	99.8670228657007
622	0.654420293405573		1.00409556727689		1.0092089176178	0.654194265190115	1.00835082802215	0.648776444675803	5.77045248264888E-4	99.8672186538785
620	0.66461141763243		1.01991513691583		1.00772297382355	0.664385389416971	1.02280789142707	0.6495700658801	6.27072209512024E-4	99.8557154781633
618	0.673151443233071		1.03315932387463		1.0068142414093	0.672925415017612	1.0352199919616	0.650031317249301	5.80273174303423E-4	99.8664763861065
616	0.680882974269072		1.04502491983552		1.00664889812469	0.680656946053613	1.04699447286436	0.650105577149302	5.0393145024254E-4	99.8840327894787
614	0.688384275508629		1.05684110692209		1.00700271129608	0.688158247293171	1.05926139898008	0.649658571487423	5.7945102818542E-4	99.8666654396566
612	0.695664039273486		1.06826068664941		1.00780045986176	0.695438011058028	1.07160920463158	0.648966067156095	6.06886694473443E-4	99.8603567664447
610	0.702958942503615		1.07972399959189		1.00835275650024	0.702732914288156	1.08375553305844	0.648423830700073	6.44049504435133E-4	99.8518120281614
608	0.712624749960109		1.09476631093315		1.0085117816925	0.71239872174465	1.09909679807554	0.648167407085546	6.3454010699343E-4	99.8539984270245
606	0.725787465971967		1.11523125988702		1.00798010826111	0.725561437756508	1.11914563094127	0.648317267830698	7.12514458138697E-4	99.8360719919924
604	0.73924211466088		1.13583737247558		1.00688087940216	0.739016086445422	1.13867307391589	0.649015159288826	6.6891680825507E-4	99.846094768645
602	0.753220663494185		1.15726516139142		1.00539457798004	0.752994635278726	1.15853561099754	0.649953810768384	6.50044920465493E-4	99.8504335878467
600	0.769288390785939		1.18177964035841		1.00393652915955	0.76906236257048	1.18146645407932	0.650938805680934	6.76064510040714E-4	99.8444514960114
598	0.788220481164391		1.21058012791423		1.00287997722626	0.787994452948932	1.20910650034264	0.651716331626396	7.11843048134629E-4	99.8362263365492
596	0.807787937140891		1.24012553459548		1.00218975543976	0.807561908925432	1.23788444917779	0.652372609949032	6.17361280812135E-4	99.8579483008563
594	0.828063232470031		1.27089754924303		1.00178515911102	0.827837204254572	1.26821164759259	0.652759502584632	6.01467048648332E-4	99.8616029511537
592	0.847948583647897		1.30106206084125		1.00154709815979	0.847722555432439	1.29812145297995	0.653037936848217	5.62873384090394E-4	99.8704775664586
590	0.866018297625987		1.32857673907604		1.00122630596161	0.865792269410529	1.3252540886529	0.653302847222747	5.9398975094314E-4	99.8633222945801
588	0.883152345409086		1.35456063667729		1.00070452690125	0.882926317193627	1.35056564971539	0.653745574959417	5.810143105012E-4	99.8663059611977
586	0.899120009224677		1.37868331236215		0.999973237514496	0.898893981009218	1.37370072083091	0.654359401125965	5.84866793676419E-4	99.8654200840496
584	0.912513544327409		1.39891023855086		0.999053955078125	0.91228751611195	1.39264565869624	0.655075115780715	5.94132435698E-4	99.8632894851112
582	0.926243542136316		1.41952908734542		0.998229086399078	0.926017513920857	1.41207815570816	0.655783470750211	5.94232551191106E-4	99.8632664641847
580	0.939400024017339		1.43938256138718		0.997582137584686	0.93917399580188	1.43096846381802	0.656320540633042	6.12913567768101E-4	99.8589709750831
578	0.952825720985177		1.45955073879683		0.997147619724274	0.952599692769718	1.45045582553546	0.656758845046554	6.38944751248221E-4	99.8529857060979
576	0.969576176545687		1.4849226735099		0.996688485145569	0.969350148330228	1.47507588129644	0.657152734053428	6.42699444412469E-4	99.8521224307909
574	0.98558937319801		1.50903251106005		0.996220171451569	0.985363344982551	1.49840149437025	0.657609691851436	7.01222986521909E-4	99.8386677211001
572	1.00196267574489		1.53388054929084		0.9957315325737	1.00173664752943	1.52240851432968	0.6579946434223	7.47284445091962E-4	99.8280793507976
570	1.0219788161068		1.56410638901381		0.995352268218994	1.02175278789135	1.55191400201589	0.658382350158654	8.29107947826559E-4	99.809272955512
568	1.0395339793057		1.59053409764845		0.995181918144226	1.03930795109024	1.57794877666873	0.65864492336967	8.82776055261108E-4	99.7969397483211
566	1.05817987614282		1.61850270593513		0.995282471179962	1.05795384792736	1.60594487795382	0.658773450104545	9.2008103808639E-4	99.7883677691977
564	1.0808081673732		1.6524978681528		0.995623111724854	1.08058213915774	1.64034089003906	0.658754619676651	9.44215843771999E-4	99.7828224398238
562	1.10353283189421		1.68654725766519		0.996170461177826	1.10330680367875	1.67516167280095	0.658627057670182	9.84223150256739E-4	99.7736308468901
560	1.12895512030581		1.72460847943693		0.99668163061142	1.12872909209035	1.71395617663037	0.658551897347474	0.00100292436546866	99.7693345731688
558	1.15696746394388		1.76651953883977		0.997178435325623	1.15674143572842	1.75660331778116	0.658510332992854	0.00104221911747181	99.7603079010147
556	1.18512807235186		1.80860287485326		0.997675478458405	1.18490204413641	1.79946440828994	0.658474843224287	0.00110038681124343	99.7469472927276
554	1.2140942669993		1.85132371086419		0.99818366765976	1.21386823878385	1.84302424809955	0.658628468961023	0.0010415595689714	99.7604594037719
552	1.2431222875132		1.89402034033226		0.998678505420685	1.24289625929774	1.88657811170114	0.658809858753748	9.74854738780508E-4	99.7757831434284
550	1.27095298228725		1.93473584920277		0.999059557914734	1.27072695407179	1.92797516654837	0.659099233288752	9.07373452930105E-4	99.7912876491089
548	1.29924763000133		1.9760500726705		0.999196529388428	1.29902160178587	1.96952052143498	0.65956235928906	8.56510341192307E-4	99.8029755541169
546	1.32734643268447		2.01679138232216		0.99907249212265	1.32712040446901	2.00997955281979	0.660265624397619	8.09813837351925E-4	99.8137072138235
544	1.35614704780376		2.05856176545603		0.998806416988373	1.3559210195883	2.05116477745767	0.661049289891233	7.99756837236469E-4	99.8160186364405
542	1.38035546079297		2.09315415911664		0.998482644557953	1.38012943257751	2.08503977793792	0.66191995336532	7.92467756624439E-4	99.817693935442
540	1.40219464283461		2.12401168829021		0.99831360578537	1.40196861461915	2.11549228097945	0.662715069785107	7.64559422143727E-4	99.824108557813
538	1.42447976847798		2.15558057000001		0.998360693454742	1.42425374026252	2.14710919348749	0.663335495270806	7.5444681349604E-4	99.8264330034105
536	1.44498758944096		2.18433869976791		0.998661279678345	1.4447615612255	2.17647527533843	0.663807936435596	7.80199763437708E-4	99.8205136352911
534	1.4669414028298		2.21514792571902		0.999168038368225	1.46671537461434	2.20836329547263	0.664163988606971	7.87323839905791E-4	99.8188762137504
532	1.48638807511537		2.24189020832701		0.999805629253387	1.48616204689992	2.23650958487576	0.664500638383124	8.11543545907473E-4	99.8133096764687
530	1.50809779426691		2.27183273262142		1.0004802942276	1.50787176605145	2.26797567841516	0.664853587453431	8.0490100718351E-4	99.8148363337779
528	1.5265875903356		2.29688494199398		1.00102841854095	1.52636156212015	2.29429618777298	0.665285315058537	8.25219749225601E-4	99.8101665427641
526	1.54299117547514		2.31865912647728		1.0014044046402	1.54276514725968	2.31696268926959	0.665856707319712	8.66027646050549E-4	99.8007884553256
524	1.56365269272656		2.34649054482311		1.00163662433624	1.5634266645111	2.34537694699116	0.666599314245327	8.84568016238466E-4	99.7965279727628
522	1.58803878759982		2.37990169459194		1.00181710720062	1.58781275938436	2.37927141709858	0.667352513031334	9.07792415933181E-4	99.7911913807032
520	1.61336956020368		2.4144575269734		1.0020604133606	1.61314353198823	2.41447629017104	0.668113221303968	9.65683497666489E-4	99.7778901870699
518	1.63981157547889		2.45053249997378		1.00242054462433	1.63958554726343	2.45150632474691	0.668807390261452	0.00101687576824107	99.7661296054063
516	1.67082127994482		2.49314684794803		1.00289297103882	1.67059525172936	2.49539931453898	0.669470109251033	0.00102890845910396	99.7633654939192
514	1.70753939014967		2.54386471883912		1.00349617004395	1.70731336193421	2.54779538411142	0.67011400231799	0.00107680211794131	99.7523642739145
512	1.74849033114814		2.60071923521351		1.00418245792389	1.74826430293268	2.60663012137202	0.670699033437268	0.00113674184292789	99.7385977699851
510	1.79416898330937		2.66395984775378		1.00497353076935	1.79394295509391	2.67223870890091	0.671325862138924	0.00115531630390022	99.7343321134952
508	1.85083745354192		2.74276571657951		1.00580215454102	1.85061142532646	2.75370514378319	0.672044147320722	0.00111687579575666	99.7431602433516
506	1.9177639022491		2.83651101161508		1.00663805007935	1.91753787403364	2.85036125621244	0.672735033096005	0.00114150995503307	99.7375027475416
504	1.99332150936906		2.94245960738314		1.00742840766907	1.99309548115361	2.95933483037636	0.673494415263626	0.00110155802294618	99.7466782940658
502	2.08053553123737		3.06424530025588		1.00814700126648	2.08030950302191	3.08422359003814	0.67450022421889	0.00110184670851343	99.7466119901682
500	2.16398430531799		3.18072726756388		1.00866842269897	2.16375827710253	3.2033104565894	0.675475670068617	0.00112925120587404	99.7403180591214
498	2.26923611153805		3.3283436976381		1.00904226303101	2.26901008332259	3.35344890844028	0.676619845798673	0.00118201969420311	99.728199954252
496	2.42319586678223		3.54677640916762		1.00876116752625	2.42296983856677	3.57286115334673	0.678159529456428	0.00121573726417963	99.7204575993009
494	2.6355907707187		3.84869475757059		1.00816118717194	2.63536474250324	3.87511848513401	0.680073332625364	0.00121392783725728	99.7208730714381
492	2.82627521331614		4.11629714907943		1.00794267654419	2.82604918510068	4.14400645588931	0.681960613522789	0.00127150664459709	99.7076529441521
490	2.93530679002891		4.26315327398091		1.00791668891907	2.93508076181345	4.29191835079059	0.683862208439448	0.00131251025222983	99.6982395607101
488	2.97049928988828		4.30243580800363		1.00887954235077	2.97027326167282	4.33564972539113	0.68508146409472	0.0013482639574732	99.6900321463995
486	3.04889825197736		4.40472879587614		1.00954282283783	3.0486722237619	4.44176931837226	0.686364375374434	0.00129351761114089	99.7025996766333
484	3.23577111744159		4.66248361662354		1.01009511947632	3.23554508922613	4.70455619017455	0.687747145200127	0.00134439558075932	99.6909201160434
482	3.44848979579083		4.95396790745101		1.01073944568634	3.44826376757537	5.00217183438387	0.689353321265921	0.00136428047455743	99.6863557062708
480	3.56844483925682		5.10972351718021		1.01162850856781	3.56821881104136	5.16413864138668	0.690961079635775	0.00145038748541544	99.6665929793929
478	3.56105496868088		5.08227517744614		1.0127238035202	3.56082894046542	5.14193229160812	0.692507940308134	0.00146951279431026	99.66220399338
476	3.60331089624641		5.12704605129068		1.01399922370911	3.60308486803095	5.19380565129066	0.693727318644583	0.00150824945587327	99.6533150733926
474	3.80861983097291		5.40421555946051		1.01552999019623	3.80839380275745	5.48312033857224	0.694566883014851	0.00150348993902788	99.6544071992439
472	4.21951969993651		5.97048750055717		1.01726651191711	4.21929367172105	6.06854577005569	0.695272612516249	0.00153831356521975	99.6464167944841
470	4.74002983945821		6.69078454846026		1.01911818981171	4.73980381124275	6.81365985528777	0.695632583943034	0.00156687098754445	99.639864670593
468	5.21960346303021		7.35076370109655		1.02110064029694	5.21937743481475	7.50081933484504	0.695840974407709	0.00157379174191256	99.6382768596422
466	5.45366568621604		7.65293165399071		1.02326714992523	5.45343965800058	7.82593265995393	0.696842139455961	0.00166215017673441	99.6180072337734
464	5.34169396791346		7.45845143504125		1.02553856372833	5.341467939698	7.6438574361125	0.69879219809397	0.00170630397443193	99.6078797973552
462	5.1166928311172		7.11691779382782		1.027627825737	5.11646680290175	7.30846028907478	0.70007451645461	0.00168407097350011	99.6129791915763
460	4.93437613506836		6.84963316110678		1.02919805049896	4.9341501068529	7.04453886063881	0.700422015473908	0.001720681477021	99.6045822909298
458	4.78325850139485		6.63271640904385		1.03004312515259	4.7830324731794	6.82688952322408	0.700616650805351	0.00171114374192575	99.6067697756701
456	4.59045866573946		6.36587817768821		1.03006207942963	4.59023263752401	6.55215520436233	0.700568361761012	0.0017396446195641	99.6002332265636
454	4.39230416457812		6.10096830081705		1.02918720245361	4.39207813636267	6.27394831602329	0.700050098459619	0.00176741177217365	99.5938653665479
452	4.2521839234388		5.92384037672013		1.02735614776611	4.25195789522334	6.0808127037353	0.699241713630064	0.001725123032623	99.6035636341274
450	4.11380507633548		5.75147999654947		1.02460694313049	4.11357904812002	5.88793880915773	0.698645006589067	0.00179421716554102	99.5877184536506
448	3.90424971828611		5.47786558846309		1.02102768421173	3.90402369007065	5.58800259002365	0.698643858369101	0.00182980668073063	99.5795577849173
446	3.57535356725656		5.03447014101606		1.01675081253052	3.5751275390411	5.11377293301777	0.699117380820295	0.00188475877145376	99.5669585948784
444	3.28126636872464		4.63750967141083		1.0121191740036	3.28104034050919	4.68870669182353	0.699775131217074	0.00195593919289547	99.5506410094437
442	3.10258860576673		4.39757530713519		1.00782012939453	3.10236257755127	4.42698041115115	0.700785250762961	0.00205546375106254	99.5278302236417
440	3.04415383549241		4.31993322248449		1.0045450925827	3.04392780727695	4.33459941278891	0.702239703695818	0.0021329068272326	99.5100840756255
438	3.01796812758923		4.28272510251598		1.00285410881042	3.01774209937377	4.28998852313386	0.703438268680797	0.00221598971938912	99.4910490771126
436	2.99461704369816		4.24569233410927		1.00277864933014	2.9943910154827	4.25253005464911	0.704143410393787	0.00233692235192069	99.4633488875561
434	2.96660057408355		4.19835669464998		1.00421047210693	2.96637454586809	4.21106710723984	0.704423479922268	0.00243749341719203	99.4403184848476
432	2.9462122489697		4.15859599168385		1.00665414333344	2.94598622075425	4.18128914833556	0.704564098832283	0.00252031994887337	99.421355519189
430	2.94657957562839		4.14557536673588		1.00962591171265	2.94635354741293	4.1804868742194	0.704787178159264	0.00260858958121546	99.4011503471628
428	2.95952874061571		4.14972479054742		1.01240730285645	2.95930271240025	4.1962044915207	0.705233197852997	0.00267197386670261	99.3866440354168
426	2.95621331338287		4.13323712459768		1.01423370838165	2.95598728516741	4.1870521921419	0.70598290862366	0.00268144620637357	99.3844763500702
424	2.93419843798255		4.09671522777096		1.01462960243225	2.93397240976709	4.15163036044843	0.706703669411019	0.00269538904358058	99.3812857054985
422	2.90410554015358		4.05706724697235		1.01337480545044	2.90387951193812	4.10631775572566	0.707173600457268	0.00270583880362982	99.3788944752657
420	3.39967176375933		4.76338234180631		1.01114857196808	3.39944573554387	4.81148628684655	0.706527158736198	0.00270346468167308	99.3794377431867
418	3.27269737950107		4.60574502065885		1.0079870223999	3.27247135128561	4.63754587997514	0.705647218589491	0.00282614354135103	99.3513691519122
416	3.09389201400461		4.37899173054929		1.00422537326813	3.09366598578915	4.39252788028242	0.70430195780345	0.00285486407088648	99.3447991177475
414	2.91628845026115		4.15418920459209		1	2.91606242204569	4.14924337769039	0.702793776264065	0.00292237686273965	99.3293567768182
412	2.75329103147886		3.94919127572372		0.995681941509247	2.7530650032634	3.92721396627212	0.701022411029143	0.0030422784724385	99.3019373497434
410	2.62967287035172		3.79528848336993		0.991583049297333	2.62944684213626	3.75843952918252	0.699611320528065	0.00311067320748782	99.2863000455426
408	2.52416346891785		3.66372992920811		0.988153755664825	2.52393744070239	3.61544125186084	0.698099419926499	0.00332739348806132	99.2367668651073
406	2.43850111574451		3.55525022261033		0.985654711723328	2.43827508752905	3.49937425568225	0.696774597221148	0.00349522989252019	99.1984234715834
404	2.36948558379372		3.46774375567483		0.98426741361618	2.36925955557826	3.40831916122899	0.695140168364966	0.00367850371098685	99.1565702152329
402	2.32936826705949		3.41706972023278		0.984128773212433	2.32914223884403	3.35796930119275	0.693616298998542	0.00380182266563263	99.1284184675353
400	2.33174665572186		3.42431863621944		0.985299050807953	2.3315206275064	3.36910478337929	0.692029716323584	0.00396623054333471	99.0908992054828
398	2.36645831329801		3.47496097488427		0.987817049026489	2.36623228508255	3.42774012355736	0.690318460498352	0.00409601556756418	99.0612912001855
396	2.41629457042309		3.54393706347584		0.991658091545105	2.41606854220763	3.50946929565597	0.688442707049253	0.00425139018160934	99.0258570475996
394	2.45188511959728		3.58856225372722		0.996615350246429	2.45165909138182	3.57148714036957	0.686453288231112	0.00437409867608785	98.9978815658848
392	2.46271283928058		3.59439123075471		1.0025714635849	2.46248681106512	3.598675531999	0.684275864597676	0.004507976531998	98.9673686718221
390	2.46351757804689		3.58384324739842		1.0093150138855	2.46329154983144	3.61223489966342	0.681930056669615	0.00464573864367024	98.9359803118838
388	2.47183129383399		3.58307900912022		1.01699423789978	2.47160526561853	3.63894082875424	0.679210072911425	0.00477099509699271	98.9074499399273
386	2.48686714338328		3.59138932402842		1.02549052238464	2.48664111516782	3.67786381537149	0.676110166117354	0.00495849426715622	98.8647575667127
384	2.5113636276604		3.61280626486081		1.03449034690857	2.51113759944494	3.73229679606203	0.672812945126566	0.00510344851432756	98.8317650333857
382	2.54068793662526		3.64254152841387		1.04369103908539	2.5404619084098	3.79652603748378	0.669154348825047	0.00532291734678336	98.7818334470772
380	2.57185643259446		3.67547277584088		1.0526317358017	2.571630404379	3.86371315356875	0.665585229070045	0.00550083913726472	98.7413727879071
378	2.59301755555678		3.69574117419739		1.06117713451386	2.59279152734132	3.91658763072031	0.66200268494043	0.00566793195333275	98.7033898035877
376	2.60330485532036		3.70141553208487		1.06922745704651	2.6030788271049	3.95236690292246	0.658612646811746	0.00581821962242795	98.6692393903027
374	2.60314549252803		3.69297134266549		1.07646524906158	2.60291946431257	3.97003130537215	0.655642050174861	0.00592163436104715	98.6457469462452
372	2.59992708922058		3.68144862786778		1.08239138126373	2.59970106100512	3.97941494495766	0.653287253770612	0.00606447671360876	98.6133070370878
370	2.60275096372101		3.68053402093784		1.08660447597504	2.60252493550556	3.99391058348067	0.651623235199589	0.00627986914728074	98.564410966051
368	2.60911101252373		3.68522200431755		1.08728444576263	2.60888498430827	4.00150704381502	0.651975607125502	0.00650640941172124	98.5130103934004
366	2.61907361746439		3.6960105809346		1.08414971828461	2.61884758924893	4.001666813255	0.654439190332971	0.00677267416683121	98.4526308482152
364	2.63780650069031		3.72048510476258		1.07767069339752	2.63758047247486	4.00412778991806	0.658715358464828	0.00697991536194852	98.4056613969794
362	2.6579877628167		3.74763532682206		1.06871128082275	2.65776173460125	3.99985448918176	0.664464605347415	0.00725681735053784	98.3429388905968
360	2.68774756494388		3.78843105419811		1.05907070636749	2.68752153672843	4.00697837220379	0.670710267709861	0.00752514468856896	98.2821968137645
358	2.72210997935736		3.83639947197519		1.04836678504944	2.7218839511419	4.01676873995165	0.677630236480745	0.00786533115313559	98.2052416987367
356	2.75832014034548		3.88669798984061		1.03684234619141	2.75809411213003	4.02476501995515	0.685280779984706	0.00813056011371833	98.1452848645819
354	2.79423644879572		3.93734579237261		1.02479386329651	2.79401042058026	4.02989935264199	0.693320149236113	0.00847723322119001	98.0669722079562
352	2.83577456142271		3.99584986196306		1.01273274421692	2.83554853320725	4.04171919533407	0.70156990037327	0.00869613550881855	98.0175548742959
350	2.86582778640028		4.03904782565764		1.00126516819	2.86560175818482	4.03920581627999	0.709446829036301	0.00901925836179346	97.9446551851365
348	2.89196609928412		4.07769735919461		0.990810453891754	2.89174007106866	4.03532479429947	0.716606523260208	0.00938615262450306	97.8619459667557
346	2.91573276666962		4.11315579411152		0.981342911720276	2.91550673845416	4.03156273117994	0.723170376565333	0.00971041319308305	97.7889058336844
344	2.93227825488476		4.13950830621325		0.972720801830292	2.9320522266693	4.02177493009337	0.729044334313663	0.0100654689344207	97.70899157053
342	2.94492745405296		4.16103517380301		0.964752793312073	2.9447014258375	4.00959880667759	0.734412984394697	0.0104446202008247	97.6237261047472
340	2.95524442910939		4.17982251015372		0.957048177719116	2.95501840089394	3.99555812190837	0.73957587669443	0.0107483422723176	97.5554772183352
338	2.96365021276721		4.19767790803159		0.950148642063141	2.96342418455175	3.98371869342013	0.743883896582962	0.0111832618113892	97.4578302365786
336	2.96159420935746		4.20192829863961		0.944044172763824	2.961368181142	3.96213684563609	0.747416935990907	0.0115634285833626	97.3725562606547
334	2.9460309892048		4.18917800816321		0.938558220863342	2.94580496098934	3.92714551172395	0.750113524491276	0.0119885001712432	97.2772981816888
332	2.92272370414168		4.16882393597892		0.933434963226318	2.92249767592623	3.88670940962537	0.751920807017039	0.012473636055514	97.1686936261394
330	2.88615380926828		4.13250774227638		0.928119659423828	2.88592778105282	3.83087135914831	0.753334557726947	0.0128640147850577	97.0813898508723
328	2.832401753819		4.07643105304732		0.923022568225861	2.83217572560354	3.75807274993058	0.753624507576618	0.0133420251499959	96.9745950760432
326	2.76272571894116		4.00113593616069		0.918195605278015	2.7624996907257	3.66928419617707	0.752871552877773	0.0138170723796736	96.8685787008067
324	2.68676325830719		3.91948576070569		0.913534343242645	2.68653723009173	3.57606666752474	0.751254794685157	0.0143038598911034	96.7600624768621
322	2.60374190365846		3.83024483332791		0.908978700637817	2.603515875443	3.47711532041243	0.748757413985968	0.0147628420820053	96.6578560530612
320	2.52360655485757		3.74488962859085		0.904343068599701	2.52338052664211	3.38219225400999	0.746078382637871	0.0153823669394865	96.520071079423
318	2.44523950194806		3.65968202639226		0.899914681911469	2.4450134737326	3.28895076443487	0.743402272898637	0.016053366316918	96.3710595121741
316	2.37449000271904		3.58458149202438		0.895963847637177	2.37426397450358	3.20722414366258	0.740286262559817	0.0167706607040344	96.2120214200958
314	2.31552920217338		3.52429289363246		0.892610192298889	2.31530317395792	3.14140506200108	0.737027899383047	0.0174568438336261	96.0601269308266
312	2.27000842110528		3.48340080883492		0.88999992609024	2.26978239288982	3.0958246768288	0.73317536677008	0.0182293654500979	95.8894073711733
310	2.22272012539579		3.43946401213549		0.888025283813477	2.22249409718033	3.04993898620478	0.728701166558717	0.0189452830368434	95.7314676217112
308	2.16851682971394		3.38609820180185		0.887133359909058	2.16829080149848	2.99953306670966	0.722876112140011	0.0198688089529612	95.5281112372979
306	2.11288357798312		3.33043762341098		0.887335538864136	2.11265754976766	2.95082705524382	0.715954378286358	0.020704057104355	95.3445652705548
304	2.05477553378171		3.27173933751271		0.888603985309601	2.05454950556625	2.90288573271249	0.70776106768986	0.0217256557888141	95.1205481258919
302	1.99009834654015		3.20513489930229		0.891015827655792	1.98987231832469	2.85141911500003	0.697853327789263	0.0227034313604049	94.9066335294387
300	1.9222618599948		3.13296864226643		0.894482612609863	1.92203583177934	2.7979620201907	0.686941358713776	0.0237551293847062	94.6770833838708
298	1.84803348138515		3.05076043702851		0.900495111942291	1.84780745316969	2.74274116830161	0.673708286631332	0.0249137518184043	94.4248379519161
296	1.76422977566533		2.95337837198794		0.909423410892487	1.76400374744987	2.68137358193875	0.657873173410779	0.0261934051218536	94.1470236564138
294	1.67266001773044		2.84333123863861		0.92107892036438	1.67243398951498	2.61437697062064	0.6397065183442	0.0275951671432794	93.8436374158796
292	1.58268884621495		2.73255671271405		0.934718489646912	1.58246281799949	2.549548327531	0.620683593604189	0.0289535989165021	93.5505620514287
290	1.48674674943035		2.61126163751513		0.948803901672363	1.48652072121489	2.47288261010039	0.601128705076113	0.0305871442084208	93.1993440611721
288	1.38677297053295		2.47964807847072		0.962523102760315	1.38654694231749	2.38195808958815	0.582103836494129	0.0321659505192128	92.8611482422448
286	1.27645734109093		2.32934146774319		0.97529125213623	1.27623131287548	2.26696273501629	0.562969692074053	0.0339460793875319	92.4812988630418
284	1.16690974875523		2.17540370224502		0.986907541751862	1.16668372053977	2.14204124623104	0.544659783088944	0.0357951290084259	92.0883880521656
282	1.06266262026553		2.02740965742621		0.996903836727142	1.06243659205007	2.01620195229176	0.526949490770222	0.0377649735003393	91.6716453991576
280	0.963236165279516		1.88332824198631		1.00535523891449	0.963010137064057	1.88844160169016	0.509949651713963	0.0395977358861356	91.2855978324329
278	0.871610210750616		1.74884622348071		1.00982344150543	0.871384182535157	1.7610315001161	0.494814648390849	0.0414577311834428	90.8954761097765
276	0.786699487518125		1.62139133385327		1.01022160053253	0.786473459302666	1.63296816720624	0.48162203960669	0.0433345578161264	90.5035140423415
274	0.706313601303687		1.49926089000534		1.00653350353241	0.706087573088228	1.50407817584696	0.469448719107052	0.0454184514758268	90.0702874027794
272	0.640186479375535		1.3975288017888		0.99854451417923	0.639960451160076	1.3905560901129	0.460219084803775	0.0473852969754774	89.6632967528275
270	0.586155985206664		1.31414681603799		0.988452672958374	0.585929956991206	1.29408321715151	0.452776103750833	0.049247447676599	89.2796650637575
268	0.542678587919454		1.24882153309589		0.972882628440857	0.542452559703995	1.21014506649593	0.448254159540317	0.0510865500747695	88.902392759127
266	0.507629665635186		1.19704769754838		0.953488886356354	0.507403637419727	1.13665588506623	0.446400396185134	0.0528689856546522	88.5382664421956
264	0.478212658916793		1.15421640774149		0.931065678596497	0.477986630701334	1.07004639324059	0.446697109322308	0.0546436915083741	88.1772009083241
262	0.451399654568366		1.11452501660371		0.906938552856445	0.451173626352907	1.00632014458796	0.448340052397182	0.0563374359000515	87.8339803682069
260	0.425504084908656		1.07505474912226		0.883175373077393	0.425278056693197	0.945093846615591	0.44998500224727	0.0578496211290152	87.5286799697367
258	0.399621183705927		1.0327663740471		0.859192788600922	0.399395155490468	0.883096002083179	0.452266972728124	0.0592644920255303	87.2439877244765
256	0.372358758888104		0.985391807891182		0.834685504436493	0.372132730672646	0.818364048214937	0.45472761356558	0.0607077342696942	86.9545407544187
254	0.343697579193058		0.932776689998394		0.80953711271286	0.3434715509776	0.751113517997179	0.457283143955998	0.0621630197382914	86.663650810643
252	0.315000063438587		0.877518889621049		0.784095585346222	0.314774035223129	0.684180686370273	0.460074424042972	0.0636097724423043	86.3754310214694
250	0.286461282119517		0.819863018879751		0.758817315101624	0.286235253904059	0.618373275646938	0.462884256446239	0.0651750311155282	86.0646820921912
248	0.258884651980685		0.761790928657694		0.735633492469788	0.258658623765226	0.556760605463413	0.46457781176873	0.0668251264545537	85.7383010621472
246	0.231627695302489		0.702216195009024		0.715051770210266	0.23140166708703	0.498584411030306	0.464117332928335	0.068607136091389	85.3872179735009
244	0.205446699923704		0.642761719233409		0.697206974029541	0.205220671708246	0.444689688280542	0.461491860766463	0.0706295385893002	84.9905151086798
242	0.181048026009966		0.585298668315559		0.681808710098267	0.180821997794507	0.395689622206247	0.456979378903844	0.0729022548571561	84.5469110529332
240	0.157609577312118		0.527442929105821		0.667849898338318	0.157383549096659	0.348949636589088	0.451020813877474	0.0754739838860081	84.047735381314
