Wavelength	I1	I1 dark	R1	R1dark	XCorrect	I1c	R1c	I1c/R1c	Abs	Percent T
nm	uA	uA	uA	uA		uA	uA	uA/uA	OD	T*100
	Abs Detector Raw	Dark Offset for Abs Detector	Ref Detector Raw	Dark Offset for Ref Detector	Linear interp	Dark subtracted Abs Detector	Corrected Ref Detector	Corrected Intensity 	-Log(T)	% Transmittance
800	0.143185127067631	2.21239945481325E-4	0.208865249333262	0.00494015822916147	1.35067892074585	0.14296388712215	0.275437321965486	0.519043265821703	6.18501888172887E-4	99.857686039727
798	0.144197347980334		0.210531398847479		1.34199333190918	0.143976108034853	0.275902074008717	0.521837715617549	6.495519977528E-4	99.8505469178027
796	0.156024272066377		0.227664167410001		1.33337259292603	0.155803032120896	0.296974089628336	0.524635103068701	5.37500329489052E-4	99.8763125314666
794	0.166195938209205		0.242064170633101		1.32502686977386	0.165974698263724	0.314195687903811	0.528252629343963	5.6654232355207E-4	99.8696338597027
792	0.16225291378038		0.236108325548867		1.31713449954987	0.162031673834899	0.3044795683745	0.53215943092643	4.34455706142401E-4	99.9000128971961
790	0.152220298311435		0.221848857222056		1.30966234207153	0.151999058365954	0.284077154738724	0.535062590674541	4.7221409897915E-4	99.8913277765739
788	0.148982012954502		0.217565462540075		1.30193436145782	0.148760773009021	0.276824189797805	0.537383575899479	5.99465102148993E-4	99.8620632794691
786	0.152229682771847		0.222298740109053		1.29363858699799	0.152008442826366	0.281183448734988	0.54060238435169	4.89350412610427E-4	99.8873863602717
784	0.156663042129132		0.228650307847955		1.28498160839081	0.156441802183651	0.287463427870506	0.544214627031177	4.19076428140509E-4	99.9035506287089
782	0.161934520532141		0.236274589128525		1.27644824981689	0.161713280586659	0.29528642944388	0.547648873980487	4.40587981653833E-4	99.8986023103636
780	0.171156747591848		0.249591753992305		1.268270611763	0.170935507646367	0.310284429027316	0.550899406013437	4.31763631472564E-4	99.9006321524227
778	0.184102237118368		0.268283362346572		1.26044166088104	0.183880997172886	0.331928745579484	0.55397732080078	5.58611963750282E-4	99.8714575286507
776	0.200184347878692		0.291410303401012		1.25292003154755	0.19996310793321	0.358924183326145	0.557117957559046	5.40725566770037E-4	99.8755708144429
774	0.223254037575328		0.324755979842476		1.24577045440674	0.223032797629847	0.398417101417683	0.559797249757181	9.19534045829712E-4	99.7884934523485
772	0.277051412162		0.402519996255379		1.23883104324341	0.276830172216519	0.492534245514564	0.562052638446097	8.80375166697506E-4	99.7974914522999
770	0.374251582366869		0.54291434109234		1.23221707344055	0.374030342421388	0.662900973194238	0.564232604183841	9.72802092066288E-4	99.7762547241782
768	0.444149263667162		0.641403408997137		1.22665858268738	0.44392802372168	0.780723109119646	0.568611353418576	9.13775800985689E-4	99.7898165416604
766	0.417429103861821		0.600968824197768		1.22236526012421	0.417207863916339	0.7285647353182	0.572643505362807	0.00101481428334704	99.7666031708459
764	0.351722475706403		0.506215771597867		1.2186872959137	0.351501235760921	0.610898221763787	0.575384283729073	6.89100541786888E-4	99.8414545527865
762	0.321960615473763		0.464626999486216		1.214359998703	0.321739375528281	0.558225311952704	0.576361137052025	4.32536765944363E-4	99.9004543086854
760	0.329267144070056		0.475165366448501		1.20898902416229	0.329045904124574	0.56849711562161	0.578799601761896	3.84382426844396E-4	99.9115318315736
758	0.347394440750552		0.500904714490183		1.2031888961792	0.347173200805071	0.596739046991705	0.581783951553445	3.77966535851026E-4	99.91300784902
756	0.372440064734948		0.53640501311542		1.19780671596527	0.372218824789466	0.636592172482269	0.584705311939464	2.69017213381267E-4	99.9380756784978
754	0.39826944237832		0.572799432830835		1.1931779384613	0.398048202432839	0.677557158605357	0.587475458531289	3.2493274666E-4	99.9252094522145
752	0.420576065213992		0.604113521145652		1.18890511989594	0.420354825268511	0.712360278876681	0.59008740062173	3.60559094368034E-4	99.9170126539772
750	0.449613629490054		0.64513318498321		1.1848680973053	0.449392389544572	0.758544293518189	0.592440538258161	3.92761014058217E-4	99.9096043159291
748	0.493462183391992		0.707008980024053		1.18107759952545	0.493240943446511	0.829197758747172	0.594841144037514	2.73068728223702E-4	99.9371433647679
746	0.550692545712139		0.787592199001374		1.17750906944275	0.550471305766658	0.921579876227157	0.597312636665011	3.42697661535697E-4	99.92112207232
744	0.601892454259995		0.858820327073694		1.174187541008	0.601671214314514	1.00261545577105	0.600101674925611	3.06675791273924E-4	99.9294102157822
742	0.651452333822706		0.927472187456113		1.17108881473541	0.651231093877225	1.08036694066285	0.602786950772179	4.31067553276266E-4	99.9007922712141
740	0.726623531032103		1.03214237685721		1.16803753376007	0.726402291086621	1.19981074611918	0.605430726000906	4.200369282455E-4	99.9033296789415
738	0.837651494150468		1.18680001936667		1.16498303413391	0.837430254204987	1.37684668694905	0.608223313563432	4.34683592009955E-4	99.8999604770156
736	0.933333630303786		1.31818715659802		1.16204738616943	0.933112390358305	1.52605524184938	0.611453874518652	4.00522462787076E-4	99.9078188077667
734	0.981759547163508		1.38306783749111		1.15931880474091	0.981538307218027	1.59768933390232	0.614348663654554	4.13363126274357E-4	99.9048649048981
732	0.992469908143661		1.39688032156678		1.15665113925934	0.99224866819818	1.60998917570528	0.616307664157746	3.31709523809867E-4	99.923650220815
730	0.988951651626958		1.39315931816368		1.15388596057892	0.988730411681476	1.6018465988551	0.61724413086007	2.95117138536556E-4	99.932069850592
728	0.987411951010551		1.3935942620096		1.15089321136475	0.98719071106507	1.5981925809747	0.617691962043151	2.52238432974695E-4	99.9419368176288
726	0.994121117243508		1.40673237352937		1.1476241350174	0.993899877298027	1.60873057855801	0.617816240049909	2.46940763701441E-4	99.94315595022
724	1.00995495598639		1.43275201453868		1.14410185813904	1.00973371604091	1.63356219787667	0.618117704580444	2.35067197440388E-4	99.9458884231295
722	1.01849145863783		1.44778974763289		1.14027833938599	1.01827021869235	1.64525013378903	0.618915141096058	2.59949617361832E-4	99.9401622985108
720	1.00319193965599		1.42810318643225		1.13600122928619	1.00297069971051	1.61671494951337	0.620375719301911	4.04715924723774E-4	99.9068541222132
718	0.951309033063991		1.3550254682184		1.13137769699097	0.95108779311851	1.52745640875696	0.622661169029697	4.50765742502225E-4	99.896261198026
716	0.852237269543847		1.21373488070924		1.12621939182281	0.852016029598365	1.36136805719014	0.625852814085358	5.26961101148964E-4	99.8787363063008
714	0.725959570158291		1.03403069533111		1.12039887905121	0.72573833021281	1.15299188421123	0.629439235566948	6.62846773111713E-4	99.8474903045426
712	0.595709846557649		0.849843666037786		1.11375534534454	0.595488606612168	0.941015798122211	0.632814675163223	6.80338377313951E-4	99.8434689372828
710	0.488577224305066		0.699850475413985		1.10628998279572	0.488355984359585	0.768772322842963	0.635241371012964	6.55411298989221E-4	99.8491997892741
708	0.410439951668068		0.591874229507546		1.09837675094604	0.410218711722587	0.644674738230286	0.63631888671284	5.15259210228758E-4	99.8814275351153
706	0.353099972038789		0.513944844748136		1.09038031101227	0.352878732093308	0.555008688393261	0.635807581886483	3.85681729780306E-4	99.9112329211387
704	0.31073711362652		0.457590957033861		1.0826700925827	0.310515873681038	0.490071482249519	0.633613431770633	3.47522780319219E-4	99.920011930182
702	0.286042977067478		0.426437071049948		1.07555782794952	0.285821737121996	0.453344304040955	0.630473868479829	3.5774167603732E-4	99.9176608522571
700	0.27170117048416		0.409592724498602		1.0694442987442	0.271479930538679	0.432753379969064	0.627331739287827	4.41369820312512E-4	99.8984224680626
698	0.272717169625608		0.413974169488419		1.0649927854538	0.272495929680127	0.435618270996336	0.625538339006948	3.66089490863302E-4	99.9157402980038
696	0.289742792421346		0.441023599311975		1.06259047985077	0.289521552475865	0.463378112915162	0.624806274630568	5.22765094197318E-4	99.8797013056593
694	0.31705741633564		0.482254829310798		1.06203079223633	0.316836176390159	0.506922878274853	0.625018498806777	5.4163108225987E-4	99.8753625714513
692	0.343376880036625		0.521118867851794		1.06277585029602	0.343155640091144	0.548582267023896	0.625531776578911	4.35747649220531E-4	99.8997157141934
690	0.362454068375924		0.549117087954762		1.06392598152161	0.362232828430442	0.578963974079724	0.625656940064741	5.50698265730366E-4	99.8732773992444
688	0.375565473963182		0.568394245775684		1.06461536884308	0.3753442340177	0.599861881239481	0.625717762299106	4.8110066433776E-4	99.8892838138525
686	0.383432747491316		0.580154497193536		1.0645604133606	0.383211507545835	0.612350414458856	0.625804275619679	4.62032374339014E-4	99.8936696850209
684	0.383059076533336		0.579592908450663		1.06376242637634	0.382837836587855	0.611294003899463	0.626274483547558	4.06251295658031E-4	99.9065009199157
682	0.377092044086476		0.570873847816557		1.06245732307434	0.376870804140995	0.601280392876609	0.626780464831046	3.95372984349934E-4	99.9090034330157
680	0.376717640401449		0.570834839943178		1.06094348430634	0.376496400455968	0.600382275368093	0.627094462815609	4.66764136849173E-4	99.8925813208671
678	0.382964246516625		0.5807970585313		1.05921316146851	0.382743006571144	0.609955207922483	0.627493628384243	5.06157070208983E-4	99.8835209171493
676	0.391204526940242		0.593628252327686		1.05730748176575	0.39098328699476	0.622424326316788	0.628161963573009	5.08500140514917E-4	99.8829820351456
674	0.398208023311183		0.604626412989305		1.05524814128876	0.397986783365702	0.632817805692058	0.62891211306935	4.35878788083759E-4	99.8996855486405
672	0.404776401886011		0.615068595564768		1.05312037467957	0.40455516194053	0.642538688529532	0.6296199266481	5.55774867364551E-4	99.8721099566425
670	0.411080536687481		0.624946492558989		1.0509113073349	0.410859296742	0.651571667366478	0.630566547502918	4.28732890294618E-4	99.9013293153585
668	0.415682360094386		0.632373116369646		1.0485315322876	0.415461120148905	0.657883241006782	0.631511937457336	5.05169888923851E-4	99.8837479595335
666	0.418745765233513		0.637445175065199		1.04595601558685	0.418524525288031	0.661572427248518	0.632620871200265	5.28204244182408E-4	99.8784504095586
664	0.421896573631567		0.642772248408171		1.04322910308838	0.421675333686086	0.665404999358434	0.633712301669891	5.58957146030135E-4	99.8713781496921
662	0.426238630498983		0.649781186368446		1.04042720794678	0.426017390553502	0.670910150476485	0.634984267641413	5.74032937512187E-4	99.8679113454793
660	0.432688985392642		0.659868914904798		1.03775990009308	0.432467745447161	0.679658801095793	0.636301251083495	4.41788797753671E-4	99.8983260929831
658	0.440902482674276		0.672742481137537		1.03528940677643	0.440681242728794	0.691368670727733	0.637404125160798	5.48489003093748E-4	99.8737854574182
656	0.452585569785796		0.690863178086615		1.03309750556946	0.452364329840314	0.708625360827405	0.638368812135265	5.41505916742459E-4	99.8753913559598
654	0.469315743363965		0.716633560674071		1.03115320205688	0.469094503418483	0.733864930813828	0.639210955207078	5.16036061340777E-4	99.8812488707944
652	0.486547480355657		0.743200413290083		1.02945709228516	0.486326240410175	0.760007255524714	0.639896838977428	5.43369963663576E-4	99.8749626790506
650	0.498820721578588		0.762065393683453		1.02793705463409	0.498599481633107	0.778277084522029	0.640645204065486	5.37451965911616E-4	99.8763236538185
648	0.502861716435488		0.768347275372219		1.02666783332825	0.502640476490007	0.783765530904626	0.64131485332081	5.05218723738619E-4	99.8837367279746
646	0.502896671269333		0.768888643167907		1.02560043334961	0.502675431323851	0.783505897209955	0.641571981926194	5.54255876242612E-4	99.8724592705758
644	0.50620398662477		0.774244297443382		1.02465677261353	0.505982746679288	0.788272696445469	0.641887951924377	5.21808774237119E-4	99.8799212418112
642	0.513782049643805		0.786317991242794		1.02378344535828	0.513560809698324	0.799961690009281	0.641981755016751	5.88666132901315E-4	99.8645464350306
640	0.525785799290665		0.804985322405996		1.02288675308228	0.525564559345184	0.818355600304018	0.642220275818895	5.55735353914535E-4	99.8721190433152
638	0.539042556134666		0.825472624875402		1.02184903621674	0.538821316189185	0.838460310227002	0.642631868935223	5.47752409324805E-4	99.8739548504764
636	0.553935197066369		0.848498007779003		1.02063095569611	0.553713957120888	0.860961254171007	0.643134582930846	4.80507556417464E-4	99.8894202308882
634	0.569511806501199		0.87256859300997		1.01923584938049	0.569290566555717	0.884318004670485	0.643762270528289	4.83719831059569E-4	99.8886813979573
632	0.582765141714354		0.89310884073063		1.0177036523819	0.582543901768873	0.903892512112962	0.644483601713996	5.2939297617696E-4	99.878177026976
630	0.595369315858326		0.912648545547572		1.01619136333466	0.595148075912845	0.922405423619398	0.645213114183091	5.07300565987826E-4	99.8832579245511
628	0.610275605776791		0.935703125533576		1.01451146602631	0.61005436583131	0.944269702482996	0.64605945126392	5.67534114661747E-4	99.8694057893357
626	0.625909912354944		0.959839749277463		1.01275491714478	0.625688672409463	0.967079256213702	0.646987998542283	5.36121693795523E-4	99.8766295819328
624	0.64348967058548		0.987072364525092		1.01092803478241	0.643268430639999	0.992864981207257	0.647891146143384	5.73377321975085E-4	99.8680621072469
622	0.656407397889821		1.00700374048305		1.0092089176178	0.65618615794434	1.01129150323066	0.648859558147277	5.21412201703708E-4	99.8800124464042
620	0.665784137659482		1.02152006397241		1.00772297382355	0.665562897714001	1.02443092574484	0.649690360753296	5.46651997045938E-4	99.8742079107156
618	0.674278257193413		1.03473235884149		1.0068142414093	0.674057017247931	1.03680945326871	0.650126226302098	5.16867815175778E-4	99.8810575800097
616	0.681111081873141		1.04549381967495		1.00664889812469	0.68088984192766	1.04747219673402	0.650031422361995	5.53472406282176E-4	99.8726394412792
614	0.688326320491771		1.05673560490835		1.00700271129608	0.68810508054629	1.05916086653482	0.649670038128877	5.71785686142203E-4	99.8684281120757
612	0.695382094694535		1.0677718518125		1.00780045986176	0.695160854749054	1.07112226954893	0.649002335692075	5.82616111288008E-4	99.865937626717
610	0.704226856622084		1.08158546412302		1.00835275650024	0.704005616676602	1.08563826197112	0.648471633081893	6.12034108845612E-4	99.8591731926005
608	0.713957687271678		1.09671942677007		1.0085117816925	0.713736447326196	1.10107225533113	0.648219445972282	5.99673660589004E-4	99.8620153233655
606	0.72559913619977		1.11467744641267		1.00798010826111	0.725377896254289	1.1185931118846	0.648473415889515	6.07926660766227E-4	99.8601176400339
604	0.739399545690525		1.1358851318748		1.00688087940216	0.739178305745043	1.13872686961978	0.649126955256494	5.94113947407594E-4	99.8632937363776
602	0.753617704203048		1.1578259511841		1.00539457798004	0.753396464257566	1.15910512526712	0.649981134441058	6.31787821810976E-4	99.8546312408469
600	0.770300848667635		1.18324457718117		1.00393652915955	0.770079608722154	1.18294284865603	0.650986317383852	6.44366726432594E-4	99.8517390933648
598	0.788845297446074		1.21145505985653		1.00287997722626	0.788624057500593	1.2099896370672	0.65176100136864	6.82076788175653E-4	99.8430692807577
596	0.808092100042508		1.24065293998888		1.00218975543976	0.807870860097026	1.23841869054556	0.652340655276395	6.38634518955672E-4	99.8530570347309
594	0.827114112600777		1.26958719615989		1.00178515911102	0.826892872655296	1.26690463411272	0.652687542842886	6.49346001533551E-4	99.8505942793071
592	0.847733666046217		1.30101324675453		1.00154709815979	0.847512426100736	1.29807824081558	0.652897798801592	6.56080391030152E-4	99.8490459575857
590	0.867343889356531		1.33071437456554		1.00122630596161	0.867122649411049	1.32740002116162	0.65324893444873	6.29830688288951E-4	99.8550812334087
588	0.884208085456137		1.35629639350629		1.00070452690125	0.883986845510655	1.35230830209804	0.653687361187675	6.19688446904049E-4	99.8574132136785
586	0.900151343143895		1.38051397885874		0.999973237514496	0.899930103198414	1.37553700685514	0.654239107136712	6.64712545533618E-4	99.8470613506844
584	0.912575817581554		1.39929567800244		0.999053955078125	0.912354577636073	1.39303639681451	0.654939511790486	6.84042981200719E-4	99.8426172595826
582	0.925880401268626		1.41923520306925		0.998229086399078	0.925659161323145	1.41179045050947	0.655663282740797	6.73834699409063E-4	99.8449641315623
580	0.939746123869472		1.44014413853258		0.997582137584686	0.93952488392399	1.43173385454113	0.656214757333587	6.82917175901842E-4	99.8428760781906
578	0.954018920138124		1.46161240626906		0.997147619724274	0.953797680192643	1.45251726485139	0.656651527161177	7.09916576229412E-4	99.8366691976026
576	0.969493739717403		1.48501018571658		0.996688485145569	0.969272499771922	1.4751687536058	0.657058724571477	7.0483221469031E-4	99.8378380098108
574	0.986297010524284		1.5103264636916		0.996220171451569	0.986075770578802	1.49969620332863	0.65751701470616	7.62432560714193E-4	99.8245974255627
572	1.00405871394452		1.53699994380962		0.9957315325737	1.00383747399904	1.52552023829057	0.658029601183068	7.24211978658024E-4	99.8333829898937
570	1.02096224750735		1.56233016343497		0.995352268218994	1.02074100756187	1.55015167418319	0.658478150597565	7.65918867384981E-4	99.8237960850494
568	1.04078563579484		1.59207105198801		0.995181918144226	1.04056439584936	1.57948396719689	0.658800226820946	7.80384798649557E-4	99.8204711058399
566	1.0601887558345		1.62098369591545		0.995282471179962	1.05996751588901	1.60841980572281	0.659011728230162	7.63025278250653E-4	99.8244611867857
564	1.08071935816945		1.65164577587105		0.995623111724854	1.08049811822397	1.63949817113142	0.659041978362391	7.54811357969956E-4	99.8263492096698
562	1.10408420030021		1.68666218808465		0.996170461177826	1.10386296035473	1.67528181005405	0.658911804408069	7.96503542905647E-4	99.816766359742
560	1.13106327093215		1.72699239910514		0.99668163061142	1.13084203098667	1.71633783543432	0.658869138487828	7.93764080937222E-4	99.8173959903477
558	1.15965474908939		1.7695250612887		0.997178435325623	1.15943350914391	1.75960601263213	0.658916542010196	7.74402597755871E-4	99.8218460950444
556	1.18540077773408		1.80786514658472		0.997675478458405	1.18517953778859	1.79873405038225	0.658896481965599	8.2238564109568E-4	99.8108178835921
554	1.21402465854011		1.85028626457928		0.99818366765976	1.21380341859463	1.84199434453822	0.658961533836266	8.21994696427422E-4	99.8109077316705
552	1.24319540305246		1.8934722360864		0.998678505420685	1.24297416310697	1.88603639295349	0.659040391665246	8.22911568681996E-4	99.8106970134615
550	1.27063966960539		1.9339197810908		0.999059557914734	1.27041842965991	1.92716552924268	0.65921604054383	8.30413491279107E-4	99.8089729168231
548	1.29829775451685		1.97445407414172		0.999196529388428	1.29807651457137	1.96793146936204	0.659614694302426	8.22051270720934E-4	99.8108947295913
546	1.32642054401629		2.01558965503204		0.99907249212265	1.32619930407081	2.008784603556	0.660199855038284	8.53076263073463E-4	99.8037647250225
544	1.35524245430152		2.05768112703182		0.998806416988373	1.35502121435603	2.05029085205502	0.660892191465365	9.02979227567389E-4	99.7922973502308
542	1.3813814507791		2.09521308000685		0.998482644557953	1.38116021083362	2.08710123478446	0.661760046812608	8.97397246820464E-4	99.7935799874402
540	1.40256333668079		2.12531188603892		0.99831360578537	1.40234209673531	2.11679594519512	0.66248336308394	9.16429421785172E-4	99.7892068090141
538	1.42276714397311		2.1538345202023		0.998360693454742	1.42254590402763	2.14537166538048	0.663076671973914	9.23934901483498E-4	99.7874822662781
536	1.44511078890336		2.1854045005449		0.998661279678345	1.44488954895788	2.17754531039003	0.663540520632874	9.55191052950363E-4	99.7803008247523
534	1.46725157983051		2.21630503020658		0.999168038368225	1.46703033988503	2.20952510125008	0.663957308769667	9.22492086606663E-4	99.7878137812043
532	1.48822693497131		2.2453358186648		0.999805629253387	1.48800569502583	2.23996019305841	0.664300061955174	9.42653104320407E-4	99.7831814930475
530	1.50686046517029		2.27060780098569		1.0004802942276	1.50663922522481	2.26675582984701	0.664667630005168	9.26388792584203E-4	99.7869184393517
528	1.52676666260051		2.29791145810316		1.00102841854095	1.52654542265503	2.29532943407266	0.665065937810262	9.68451589747999E-4	99.7772542280166
526	1.54609737419319		2.32411218309612		1.0014044046402	1.54587613424771	2.3224290808201	0.665628994665289	0.00101457501699471	99.7666581353891
524	1.56577052230794		2.35038576941692		1.00163662433624	1.56554928236246	2.34928422455436	0.666394157845858	0.00101824953049225	99.7658140252372
522	1.58772548804053		2.37999956080249		1.00181710720062	1.58750424809505	2.37937514011565	0.66719376080305	0.00101111624727637	99.7674526913517
520	1.61257428066585		2.41364311535556		1.0020604133606	1.61235304072036	2.41366588088097	0.668010039621503	0.00103275999686016	99.7624807470917
518	1.63969517045005		2.45065834958265		1.00242054462433	1.63947393050457	2.45163816137419	0.668725897783225	0.00106979666968074	99.7539733564427
516	1.67064684024825		2.49313781230354		1.00289297103882	1.67042560030277	2.49539593782647	0.669403029387689	0.00107242627073346	99.7533693599147
514	1.70776168751206		2.5444250752822		1.00349617004395	1.70754044756658	2.54836338814709	0.670053751167775	0.00111585206824245	99.7433953601724
512	1.74932797884987		2.60190807554079		1.00418245792389	1.74910673890439	2.60782962635547	0.670713577768815	0.00112732412479803	99.7407606346408
510	1.79339402481637		2.6628274234419		1.00497353076935	1.79317278487089	2.67110634930773	0.671322122885757	0.00115773531027388	99.7337765980023
508	1.84944173699476		2.7409076550635		1.00580215454102	1.84922049704928	2.75184200307017	0.671993702758424	0.00114947576317139	99.7356733839232
506	1.91702214199816		2.83600591396085		1.00663805007935	1.91680090205268	2.84985851199615	0.672595110944675	0.00123184825408448	99.7167583455614
504	1.99402898129007		2.94409940962268		1.00742840766907	1.99380774134458	2.96099252451718	0.673357911185438	0.00118958989838356	99.7264616032302
502	2.08053372703816		3.06504926021361		1.00814700126648	2.08031248709268	3.08503981471388	0.674322735535139	0.00121614244442314	99.7203645639478
500	2.16600648548569		3.18434632028379		1.00866842269897	2.16578524554021	3.20696659859905	0.675337637282012	0.00121800792366322	99.7199362235518
498	2.27181671211367		3.33291030406516		1.00904226303101	2.27159547216819	3.35806252725398	0.676460147401056	0.00128453563342968	99.7046617239905
496	2.42521620368822		3.55022564743509		1.00876116752625	2.42499496374274	3.57634632930523	0.67806491330884	0.0012763338285348	99.7065446995716
494	2.63903673017759		3.85444984299682		1.00816118717194	2.6388154902321	3.88092625382522	0.679944765152691	0.00129603872121068	99.7020208976966
492	2.83103541593383		4.12404300109926		1.00794267654419	2.83081417598835	4.15181954440327	0.681824955471474	0.00135790665446082	99.6878187401945
490	2.93599800584646		4.2646645752444		1.00791668891907	2.93577676590097	4.2934473301057	0.683780780380203	0.00136422514732068	99.6863684058817
488	2.97155739046999		4.30458316639348		1.00887954235077	2.97133615052451	4.33782187034851	0.684983440845115	0.00141040839504095	99.6757682355854
486	3.04583077152087		4.40129342723752		1.00954282283783	3.04560953157539	4.43830688938702	0.686209765903777	0.00139135719331129	99.6801408097221
484	3.23645780200916		4.66456636563866		1.01009511947632	3.23623656206368	4.70666569068828	0.687585814404938	0.00144628374383078	99.6675347548279
482	3.4486763265518		4.95585238986536		1.01073944568634	3.44845508660632	5.00408228464569	0.689128373685502	0.00150602119424689	99.6538263721468
480	3.57121670448012		5.11443726471997		1.01162850856781	3.57099546453464	5.16891293737083	0.690860052742739	0.00151389125043912	99.6520205142788
478	3.56144004924575		5.08317190351677		1.0127238035202	3.56121880930027	5.14284616824471	0.692460690597662	0.00149914565108339	99.655404056499
476	3.6050134719232		5.13000729883744		1.01399922370911	3.60479223197772	5.19681410203384	0.69365425839784	0.00155398980958904	99.642820033638
474	3.81250685000035		5.41038409459211		1.01552999019623	3.81228561005487	5.48939042770092	0.694482504071319	0.00155625308762507	99.6423007573686
472	4.22490589864545		5.97914287161634		1.01726651191711	4.22468465869997	6.07735635573313	0.695151709297839	0.0016138410137953	99.6290889546173
470	4.74629293269491		6.70095840584148		1.01911818981171	4.74607169274942	6.82403399545282	0.695493559368544	0.00165367491404907	99.6199512995004
468	5.22498378039153		7.35939409168706		1.02110064029694	5.22476254044605	7.50963762048818	0.695740967072975	0.00163621369839925	99.623956693293
466	5.46019685318213		7.66274401234994		1.02326714992523	5.45997561323665	7.83597912449262	0.696782817627807	0.00169912302586175	99.6095268018771
464	5.34850642394092		7.4686578949614		1.02553856372833	5.34828518399544	7.65433036780206	0.698726724220449	0.00174699743703322	99.5985469602952
462	5.12458763089035		7.12872756428845		1.027627825737	5.12436639094486	7.32060216310132	0.699992470124064	0.00173497177895949	99.601304892305
460	4.93679248759777		6.85404667183133		1.02919805049896	4.93657124765229	7.0490870714591	0.700313557998151	0.00178793540307075	99.5891589299695
458	4.77712199751313		6.62513593055851		1.03004312515259	4.77690075756764	6.81908714245208	0.70051909555887	0.00177161997401937	99.5929003322798
456	4.59055620968439		6.36753521869721		1.03006207942963	4.5903349697389	6.55386789855439	0.700400899253922	0.00184346994268142	99.5764249793272
454	4.39207944778215		6.10236630374115		1.02918720245361	4.39185820783667	6.275392956867	0.699853895688041	0.00188914837974739	99.5659522322451
452	4.24648847912562		5.91784910233001		1.02735614776611	4.24626723918014	6.07466335490324	0.699012766814923	0.00186734369523375	99.5709512795921
450	4.10858790106336		5.74631015282013		1.02460694313049	4.10836666111788	5.88264755953899	0.698387353574493	0.00195440999562102	99.5509915385046
448	3.90174873929219		5.47624814218049		1.02102768421173	3.90152749934671	5.58635692046298	0.698402832990371	0.00197965992996949	99.5452037999201
446	3.57231359656558		5.03191733340908		1.01675081253052	3.5720923566201	5.11118312743654	0.69887778769759	0.00203362047635033	99.532836201154
444	3.278518155845		4.63576722757014		1.0121191740036	3.27829691589952	4.68694886837491	0.69945224664595	0.00215637407894571	99.5047071592772
442	3.10153449688422		4.39814747266025		1.00782012939453	3.10131325693874	4.42756276408694	0.700456079831158	0.00225950729273252	99.4810802833721
440	3.04239050542133		4.31947063215431		1.0045450925827	3.04216926547585	4.33414041438003	0.701908331207357	0.00233788983798024	99.463127311413
438	3.01213873796409		4.27685228759804		1.00285410881042	3.01191749801861	4.28410463141467	0.703044803325456	0.00245897854805413	99.4353991605227
436	2.9923417507385		4.24430208264998		1.00277864933014	2.99212051079302	4.25114162459233	0.70383929189373	0.00252453401541512	99.4203908139196
434	2.96544064733037		4.19811602082281		1.00421047210693	2.96521940738489	4.21083111260257	0.70418863357172	0.00258230613618834	99.4071662737713
432	2.94530114057491		4.15835717820824		1.00665414333344	2.94507990062943	4.18105445215355	0.704386879992078	0.00262957167722025	99.3963480892817
430	2.94782291546717		4.14856898000517		1.00962591171265	2.94760167552169	4.1835150269844	0.704575376569499	0.00273912272483719	99.3712784619747
428	2.95998651649279		4.15157380909472		1.01240730285645	2.95976527654731	4.19808219040658	0.705027949026567	0.00279838794761568	99.3577188627034
426	2.96016505897255		4.14035219048722		1.01423370838165	2.95994381902706	4.1942742811632	0.705710599881461	0.00284899275222797	99.3461421901092
424	2.93407149706509		4.0985428229785		1.01462960243225	2.93385025711961	4.15349044425022	0.706357772215658	0.00290800718151358	99.332643382719
422	2.90329153869199		4.05816555019062		1.01337480545044	2.90307029874651	4.10743649302572	0.706783976739704	0.00294518323314904	99.3241407708178
420	3.40138114363531		4.76933321092315		1.01114857196808	3.40115990368983	4.81750923152616	0.705999665020333	0.00302783037418267	99.305240979131
418	3.27322041416695		4.60983297718548		1.0079870223999	3.27299917422147	4.64167220105048	0.705133631254862	0.0031423487907815	99.2790587912528
416	3.09028425278855		4.37755928914876		1.00422537326813	3.09006301284307	4.39109507890709	0.703711251365608	0.00321926485883348	99.26147745187
414	2.90785192929877		4.14579507376625		1	2.90763068935328	4.14085491553709	0.702181252099278	0.00330105388728856	99.2427856753751
412	2.75131423705317		3.94969891976466		0.995681941509247	2.75109299710768	3.92772506247127	0.700429116944538	0.00340998917429218	99.2178954545166
410	2.62846612963389		3.797569806603		0.991583049297333	2.6282448896884	3.76070727159001	0.698869840134406	0.00357120264848231	99.1810718385618
408	2.52471770475548		3.66787508300014		0.988153755664825	2.52449646480999	3.6195429026683	0.697462782648316	0.00372363247412531	99.1462671119928
406	2.43937695314336		3.5596361210303		0.985654711723328	2.43915571319787	3.50370282447884	0.696165124552391	0.00387527596295013	99.1116540512705
404	2.36964470488684		3.47046472490224		0.98426741361618	2.36942346494135	3.41100290206264	0.694641292597129	0.00399029230296079	99.0854093007104
402	2.33299347456454		3.42514581150911		0.984128773212433	2.33277223461906	3.36592279369662	0.693055776260718	0.00415292506340903	99.048311162393
400	2.33070476119478		3.42540259129324		0.985299050807953	2.33048352124929	3.37017838862229	0.691501532713223	0.00429782730158002	99.0152692322869
398	2.3677871023552		3.47958930006109		0.987817049026489	2.36756586240971	3.43231766168684	0.689786347236332	0.00443090877799077	98.9849324906671
396	2.41494699718629		3.54464446825817		0.991658091545105	2.4147257572408	3.51017642071735	0.687921479669481	0.0045803237412844	98.9508835059088
394	2.45095905514786		3.59031782989208		0.996615350246429	2.45073781520238	3.57324242401007	0.685858255441857	0.00475071792746907	98.9120680275007
392	2.46167168694099		3.59591703397127		1.0025714635849	2.46145044699551	3.6002109420123	0.683696174096874	0.00487604896865387	98.8835275684358
390	2.46438523673483		3.5879757449405		1.0093150138855	2.46416399678935	3.61641161295379	0.681383719696854	0.00499381866654434	98.8567164879006
388	2.46986099110749		3.58337304720499		1.01699423789978	2.469639751162	3.63924562879948	0.678613098170209	0.00515287523893197	98.8205177054286
386	2.4872481370341		3.59484029325291		1.02549052238464	2.48702689708862	3.68140856477421	0.6755639460629	0.00530949657803797	98.7848860961034
384	2.51296581271259		3.61769167743895		1.03449034690857	2.51274457276711	3.73735657240179	0.672332041133636	0.00541397854861571	98.7611234222556
382	2.53981802696076		3.64423837899303		1.04369103908539	2.53959678701528	3.79830294157065	0.668613542964303	0.00567405301888096	98.7019986607426
380	2.57104191111334		3.67719141352932		1.0526317358017	2.57082067116786	3.86552821316657	0.665063227946768	0.0058415785982702	98.6639325063954
378	2.59186180360827		3.6971247825903		1.06117713451386	2.59164056366279	3.91806189977567	0.661459831405721	0.00602420695910822	98.6224513342106
376	2.60039428160152		3.70084758775121		1.06922745704651	2.60017304165604	3.95176570234715	0.65797753143909	0.00623722187182641	98.5740903659888
374	2.59871496276058		3.69111861562211		1.07646524906158	2.5984937228151	3.96804301122295	0.654855231020856	0.00644313297505115	98.5273647236014
372	2.59658247009332		3.68198908685		1.08239138126373	2.59636123014784	3.98000606882424	0.652351073151717	0.00668728034635341	98.4719911514947
370	2.60162377622552		3.68395202629528		1.08660447597504	2.60140253628004	3.99763076300592	0.650736071063245	0.00687155002474602	98.4302186816058
368	2.60612543880519		3.68641199210576		1.08728444576263	2.6059041988597	4.00280706248727	0.651019186830465	0.00714396856857874	98.3684960259368
366	2.62010626638604		3.70337572494813		1.08414971828461	2.61988502644056	4.00965787775215	0.653393657592875	0.00746705831099072	98.2953428214269
364	2.63346526047329		3.72019518533015		1.07767069339752	2.6332440205278	4.00382146120455	0.657682677922305	0.00766130129658109	98.2513889779553
362	2.65880186437595		3.7547179195672		1.06871128082275	2.65858062443047	4.00742979412025	0.66341290079022	0.00794475668105094	98.1872831699356
360	2.68380405177605		3.78888869091504		1.05907070636749	2.68358281183057	4.00746904536987	0.66964530017546	0.00821527443026604	98.1261423236883
358	2.71730474256015		3.83548703301399		1.04836678504944	2.71708350261467	4.01581811209935	0.676595260733625	0.00852915611332936	98.0552483278297
356	2.75743336544668		3.89179817780852		1.03684234619141	2.7572121255012	4.03005898833354	0.684161729017602	0.00884033473362641	97.9850154113121
354	2.79300675641782		3.94178359753066		1.02479386329651	2.79278551647234	4.0344529973553	0.692233995117329	0.0091581316744653	97.91334066285
352	2.83046443693221		3.99507455923178		1.01273274421692	2.83024319698673	4.04093976172172	0.700392325517085	0.00942570492644528	97.8530338365158
350	2.85946772050772		4.03673580906531		1.00126516819	2.85924648056224	4.03689655044218	0.708278363053187	0.00973513538294201	97.7833393639535
348	2.88806522283486		4.07886927813524		0.990810453891754	2.88784398288938	4.03649156041697	0.715434168426965	0.0100972320674403	97.7018456583987
346	2.91365756892401		4.11720594057971		0.981342911720276	2.91343632897852	4.03554287661954	0.721944089816988	0.0104474754926549	97.6230842745539
344	2.93095076709709		4.14486666800824		0.972720801830292	2.93072952715161	4.02699263411079	0.727771265913615	0.0108245035327288	97.538370630603
342	2.94364727095261		4.16668025434686		0.964752793312073	2.94342603100713	4.01505038276841	0.733098155788923	0.0112228397935691	97.4489491462617
340	2.95357299112779		4.18550765173257		0.957048177719116	2.95335175118231	4.00100450148921	0.738152568956883	0.0115849437323954	97.367732498773
338	2.9572699344724		4.19693719270252		0.950148642063141	2.95704869452691	3.98302028983758	0.74241366584841	0.0120424616372393	97.2652121438968
336	2.95491499551696		4.20090778838978		0.944044172763824	2.95469375557148	3.96117879035877	0.745912747680816	0.0124383337176953	97.176592463478
334	2.94512193159125		4.19657199250867		0.938558220863342	2.94490069164577	3.93409051689552	0.74855946476027	0.0128891900648671	97.075762378228
332	2.92179890434069		4.17618683389872		0.933434963226318	2.92157766439521	3.89358748731151	0.750356239307861	0.0133782406622197	96.96650876974
330	2.88381971259792		4.13798584772324		0.928119659423828	2.88359847265244	3.83596095771636	0.751727795052719	0.0137912965378124	96.8743281251429
328	2.8241293515083		4.07367465169115		0.923022568225861	2.82390811156282	3.75553376158443	0.751932558947743	0.0143181479139327	96.756879182352
326	2.75669177853558		4.00175848010351		0.918195605278015	2.7564705385901	3.66986101823968	0.751110334939141	0.0148342223706542	96.6419707517542
324	2.67731946439962		3.9154086562298		0.913534343242645	2.67709822445413	3.57234727109207	0.749394731614585	0.0153804810835758	96.5204902036563
322	2.59782188659227		3.83186561945425		0.908978700637817	2.59760064664679	3.47859373318216	0.746738724292058	0.0159353042566355	96.3972613474795
320	2.51685256562675		3.74493009489928		0.904343068599701	2.51663132568127	3.38223397586026	0.744073693198937	0.0165508732961184	96.2607246466072
318	2.43735562502643		3.65784281985664		0.899914681911469	2.43713438508095	3.28730073679205	0.741378589979345	0.0172372108708902	96.108719088747
316	2.36540485871237		3.58073430453975		0.895963847637177	2.36518361876689	3.20378228168693	0.738247299851325	0.0179684837862575	95.9470256560167
314	2.31034028373709		3.52627522760892		0.892610192298889	2.3101190437916	3.14317957342789	0.734962476633887	0.0186756049152935	95.7909311899107
312	2.26342543773314		3.48304745922696		0.88999992609024	2.26320419778766	3.09551524082197	0.731123584191012	0.019446437189094	95.6210620005044
310	2.21584059661469		3.43929476164788		0.888025283813477	2.21561935666921	3.04979372141703	0.726481709602235	0.0202700631345745	95.4398914838952
308	2.16427709340276		3.38881876819723		0.887133359909058	2.16405585345728	3.00195160078536	0.720882992547621	0.0210679028846642	95.2647203921261
306	2.11033125133316		3.33603584604486		0.887335538864136	2.11011001138768	2.95579958715594	0.713888052680194	0.0219592925259016	95.0693900322964
304	2.0514929044003		3.27578697665669		0.888603985309601	2.05127166445481	2.90648751819193	0.705756226928808	0.0229576065640669	94.8511047207625
302	1.9877715716471		3.21110945982529		0.891015827655792	1.98755033170162	2.85674759386627	0.69573886610392	0.0240213201241968	94.6190710398842
300	1.91673560513407		3.13423915739807		0.894482612609863	1.91651436518859	2.79910354441404	0.6846886279049	0.0251816794728767	94.3666027585192
298	1.84130736324797		3.04997415773478		0.900495111942291	1.84108612330249	2.74203823225289	0.671429778639456	0.0263850422677756	94.1054894264871
296	1.7572434695409		2.95225295695338		0.909423410892487	1.75702222959542	2.68035525838286	0.655518414620712	0.0277506860635265	93.8100384433457
294	1.66784813542545		2.84572131187125		0.92107892036438	1.66762689547997	2.61658363798813	0.637329864510731	0.0292116736904617	93.4949871610903
292	1.57674430766448		2.73301472296613		0.934718489646912	1.576523067719	2.5499817367951	0.618248768205074	0.0306606050924446	93.1835807312657
290	1.48043724017821		2.6109280974774		0.948803901672363	1.48021600023273	2.47257152446985	0.598654471906575	0.0323783800856529	92.8157375115128
288	1.38145086850343		2.48097257309434		0.962523102760315	1.38122962855795	2.38323840249114	0.579559991612331	0.034068014669253	92.4553368700047
286	1.26847656231423		2.32618660447455		0.97529125213623	1.26825532236875	2.26389135307544	0.560210330167062	0.0360799814103959	92.0280073683407
284	1.16190738061115		2.17634083358893		0.986907541751862	1.16168614066567	2.14297170267764	0.542091218103416	0.0378480660208421	91.654107761113
282	1.05735294011096		2.0267854728584		0.996903836727142	1.05713170016548	2.01558535142268	0.524478757210314	0.0398060598577848	91.2418201222633
280	0.958808292982756		1.88394529032369		1.00535523891449	0.958587053037275	1.88906765349845	0.507439239278713	0.0417409880688553	90.8362113112587
278	0.866762125137664		1.74775300327023		1.00982344150543	0.866540885192182	1.75993326507925	0.492371445205432	0.043607420760538	90.4466694354114
276	0.782798034896996		1.62135871300379		1.01022160053253	0.782576794951514	1.63294093953491	0.479243784024673	0.0454844217401187	90.0566065718296
274	0.701754644412724		1.49703258801229		1.00653350353241	0.701533404467242	1.5018410209438	0.467115623214485	0.0475822168939328	89.6226503999957
272	0.636334308675595		1.39581711112181		0.99854451417923	0.636113068730114	1.38885255120928	0.458013392549302	0.0494717442335802	89.2335674224097
270	0.583580175585609		1.3146877791706		0.988452672958374	0.583358935640128	1.29462353682043	0.450601212668237	0.0513385894479134	88.8508139256435
268	0.539997993752919		1.24883242390395		0.972882628440857	0.539776753807438	1.21016117692695	0.446037076795121	0.0532399174246897	88.4626780196251
266	0.505035620235395		1.19681115274952		0.953488886356354	0.504814380289914	1.13643574724565	0.444208466262539	0.0550067254241887	88.1035229312851
264	0.475602190787576		1.15356798611323		0.931065678596497	0.475380950842094	1.0694479480237	0.444510601680598	0.0567747101182768	87.7455882571853
262	0.449491750828431		1.11490483563295		0.906938552856445	0.44927051088295	1.00666975824636	0.44629383887084	0.0583240827319781	87.433108133525
260	0.423421005388171		1.07495246091466		0.883175373077393	0.42319976544269	0.945008514621668	0.447826404624637	0.0599379635923982	87.1088010858822
258	0.397665125974485		1.03271323897651		0.859192788600922	0.397443886029004	0.883055219296274	0.450078180100374	0.0613714073708537	86.8217614540174
256	0.370367162521551		0.985128071625146		0.834685504436493	0.370145922576069	0.818148642935481	0.452418916503977	0.0629183067092497	86.5130639521664
254	0.341760162818964		0.932309890073502		0.80953711271286	0.341538922873483	0.750740215134566	0.454936229588105	0.0643976888055617	86.2188669388783
252	0.312998345306938		0.876418004005331		0.784095585346222	0.312777105361456	0.68332193160013	0.457730230652817	0.0658282673311259	85.9353267603089
250	0.28440696328007		0.818364517298824		0.758817315101624	0.284185723334588	0.617240488187501	0.460413289104037	0.0674995906226426	85.6052518657248
248	0.257354296151839		0.761053415843258		0.735633492469788	0.257133056206357	0.556222236401366	0.462284747675589	0.0689740256715121	85.3151137841668
246	0.230523181146746		0.702441607910955		0.715051770210266	0.230301941201265	0.498749646319193	0.461758605546708	0.0708199260769614	84.9532648440105
244	0.204492667029567		0.642905894953048		0.697206974029541	0.204271427084086	0.444794160835787	0.459249345135852	0.0727450387612165	84.5775228659383
242	0.179971887708602		0.584547540388873		0.681808710098267	0.179750647763121	0.395181361593746	0.454856086932329	0.0749248470636687	84.1540754333353
240	0.156263740525503		0.525251649512526		0.667849898338318	0.156042500580022	0.347489976557854	0.449056119908087	0.0773699487144854	83.6816146308665
