Wavelength	I1	I1 dark	R1	R1dark	XCorrect	I1c	R1c	I1c/R1c	Abs	Percent T
nm	uA	uA	uA	uA		uA	uA	uA/uA	OD	T*100
	Abs Detector Raw	Dark Offset for Abs Detector	Ref Detector Raw	Dark Offset for Ref Detector	Linear interp	Dark subtracted Abs Detector	Corrected Ref Detector	Corrected Intensity 	-Log(T)	% Transmittance
800	0.143134370918542	2.22095682210389E-4	0.208854132771417	0.0049462745564228	1.35067892074585	0.142912275236331	0.275414045865426	0.518899734351826	7.38614313871932E-4	99.8300723100063
798	0.144284719958745		0.210727157361101		1.34199333190918	0.144062624276535	0.276156572558262	0.521670090782072	7.8907858539705E-4	99.8184729013059
796	0.155828674990743		0.227548575750917		1.33337259292603	0.155606579308532	0.296811807535003	0.524260071055905	8.48063948529673E-4	99.8049165949381
794	0.166155566276383		0.242115087762414		1.32502686977386	0.165933470594172	0.314255050170317	0.528021651535086	7.56478576383678E-4	99.8259659858089
792	0.161956995355049		0.235835750324126		1.31713449954987	0.161734899672839	0.304112494116625	0.531825896014698	7.06738364115441E-4	99.8373998153878
790	0.151898685535011		0.221493693496669		1.30966234207153	0.1516765898528	0.283603999858828	0.534818232212175	6.70597940221061E-4	99.845708270212
788	0.1489738253935		0.217642880905244		1.30193436145782	0.148751729711289	0.276917020370999	0.537170772356279	7.71479492857985E-4	99.8225179679817
786	0.152292036210929		0.222463580119991		1.29363858699799	0.152069940528719	0.281388779816863	0.540426454202228	6.30707407098167E-4	99.8548796541964
784	0.156497384323398		0.22853257606742		1.28498160839081	0.156275288641187	0.287304285329753	0.543936504329626	6.41080805519066E-4	99.8524945857154
782	0.161995957757237		0.236486366318841		1.27644824981689	0.161773862075027	0.295548944892582	0.54736741534917	6.63846638804958E-4	99.8472604283426
780	0.171268559496309		0.249821548608086		1.268270611763	0.171046463814098	0.310568113627135	0.5507534621518	5.46831845751293E-4	99.874166551122
778	0.184066945217874		0.268388638987997		1.26044166088104	0.183844849535664	0.332053731370562	0.553659941651125	8.07494918146091E-4	99.8142401714139
776	0.200139983407433		0.291341337336834		1.25292003154755	0.199917887725223	0.358830111093894	0.557137992449332	5.2510789419225E-4	99.879162506429
774	0.223696731055005		0.325262915265255		1.24577045440674	0.223474635372794	0.399041007049882	0.560029248685358	7.39584998550455E-4	99.8298491816512
772	0.277089242590926		0.402354128030944		1.23883104324341	0.276867146908716	0.492321185712965	0.562370978424918	6.34465533014186E-4	99.8540155732489
770	0.374566720610239		0.54273753964041		1.23221707344055	0.374344624928028	0.662675578783683	0.564898778396398	4.60344777475491E-4	99.894057856131
768	0.443837999019968		0.640440981937994		1.22665858268738	0.443615903337758	0.779535037062009	0.569077568353698	5.57835646935969E-4	99.8716360525884
766	0.417024419415196		0.599693620650618		1.22236526012421	0.416802323732985	0.726998494416612	0.573319376771822	5.02533716460041E-4	99.8843542568641
764	0.350877177553042		0.504765894894676		1.2186872959137	0.350655081870832	0.609123821554636	0.575671266600397	4.72542652876171E-4	99.891252206485
762	0.321308349851369		0.463731565224657		1.214359998703	0.321086254169159	0.557130504980834	0.576321438690931	4.6245094966388E-4	99.8935734070187
760	0.328492300017976		0.474132430356437		1.20898902416229	0.328270204335766	0.567240912651116	0.578713906233469	4.4868767240809E-4	99.8967391961085
758	0.347316792740609		0.500933199597491		1.2031888961792	0.347094697058398	0.596765960859478	0.581626164733832	4.9576840904406E-4	99.8859102370897
756	0.372325033302302		0.536390159294679		1.19780671596527	0.372102937620091	0.636567054298157	0.58454633350504	3.87115755309902E-4	99.9109030182085
754	0.397363126158797		0.571672623448131		1.1931779384613	0.397141030476587	0.67620537664231	0.587308300399187	4.48522904108331E-4	99.8967770962423
752	0.420422243803474		0.604104718350277		1.18890511989594	0.420200148121264	0.712342541455394	0.589884955154789	5.0958114494538E-4	99.8827334162563
750	0.450196541169853		0.646000719159431		1.1848680973053	0.449974445487643	0.759564960045871	0.592410747147247	4.14600235978886E-4	99.9045803212641
748	0.493555389263202		0.707320519024273		1.18107759952545	0.493333293580991	0.829558486624591	0.59469380584403	3.80653906343326E-4	99.912389599308
746	0.5493847567159		0.785887965914922		1.17750906944275	0.549162661033689	0.919565924280593	0.597197706584568	4.2626914365315E-4	99.9018960558376
744	0.601652002905976		0.858632000963607		1.174187541008	0.601429907223765	1.00238714388368	0.599997626559304	3.81982278654298E-4	99.9120839987204
742	0.653087745193125		0.929642702278983		1.17108881473541	0.652865649510914	1.08290164353168	0.602885454473698	3.60103643136402E-4	99.9171174385237
740	0.727666962119242		1.03359596693929		1.16803753376007	0.727444866437031	1.20150144979394	0.605446515742274	4.08710598356995E-4	99.9059351756064
738	0.83836958649379		1.18776627302492		1.16498303413391	0.83814749081158	1.37796523065009	0.608250101068342	4.15556720138783E-4	99.9043602930406
736	0.934530783619315		1.31995599814369		1.16204738616943	0.934308687937104	1.52810361208197	0.611417105849357	4.26638758689338E-4	99.9018110323598
734	0.982047088971441		1.38361660213736		1.15931880474091	0.981824993289231	1.59831843630288	0.614286221687038	4.57506756377354E-4	99.8947106444622
732	0.991689307560843		1.39642742728148		1.15665113925934	0.991467211878632	1.60945826055733	0.616025426801252	5.30639714932662E-4	99.8778903049
730	0.987669446737061		1.39210400444719		1.15388596057892	0.987447351054851	1.60062182962948	0.616914834457449	5.26872719433127E-4	99.878756632267
728	0.985934264554054		1.3923539666044		1.15089321136475	0.985712168871843	1.59675809417324	0.617320915715926	5.1319664676338E-4	99.8819018959029
726	0.993240111082478		1.40621326220331		1.1476241350174	0.993018015400267	1.6081278146267	0.617499434042675	4.69696949310488E-4	99.8919067435232
724	1.00865487298377		1.43178014564608		1.14410185813904	1.00843277730156	1.63244328316939	0.617744449500071	4.97398439062843E-4	99.8855353377222
722	1.01595002889945		1.44504137850324		1.14027833938599	1.01572793321724	1.64210925368637	0.618550763864847	5.15709432295358E-4	99.8813239906281
720	1.00122692287918		1.42591622843318		1.13600122928619	1.00100482719697	1.61422361438274	0.620115341070474	5.87032161243157E-4	99.8649221619907
718	0.949938075733043		1.35360520943501		1.13137769699097	0.949715980050833	1.52584263976923	0.622420658131871	6.18549987335017E-4	99.8576749802478
716	0.851298439896719		1.21281722080079		1.12621939182281	0.851076344214509	1.36032768247978	0.625640685825826	6.74187009169066E-4	99.8448831350437
714	0.724542644809949		1.03207361892291		1.12039887905121	0.724320549127738	1.15079232527106	0.629410305597172	6.82808056531948E-4	99.8429011643788
712	0.593987146064044		0.847311448640678		1.11375534534454	0.593765050381834	0.938188715368426	0.632884451342674	6.32454312136414E-4	99.8544779989859
710	0.488236590456329		0.699139276686358		1.10628998279572	0.488014494774119	0.767978764383232	0.635453110693818	5.10675680522648E-4	99.8824816859855
708	0.410147314340136		0.591253740008072		1.09837675094604	0.409925218657926	0.643986488958193	0.636543197235521	3.62191844218943E-4	99.9166370121313
706	0.352563549616616		0.51321505684822		1.09038031101227	0.352341453934406	0.554206272913156	0.635758689778702	4.1907923819436E-4	99.9035499822942
704	0.310146371746556		0.456681860968158		1.0826700925827	0.309924276064346	0.489080609163295	0.633687515427273	2.96746958860324E-4	99.9316948262258
702	0.285610571673698		0.42583886853769		1.07555782794952	0.285388475991488	0.452694324182532	0.630422032586419	3.93449687247325E-4	99.9094458865359
700	0.271511158583064		0.409290702405082		1.0694442987442	0.271289062900853	0.432423843091735	0.627368419283258	4.15977427544352E-4	99.904263514275
698	0.272896284309951		0.414305578788853		1.0649927854538	0.272674188627741	0.435964705665923	0.62545014558286	4.27324135237543E-4	99.9016533736577
696	0.289781724000781		0.441155345832445		1.06259047985077	0.28955962831857	0.463511606362447	0.624708474057383	5.90750285077071E-4	99.8640671924406
694	0.31692620570384		0.482127354640897		1.06203079223633	0.31670411002163	0.506781000522301	0.624932879676284	6.01127662073522E-4	99.8616809896783
692	0.343117609712954		0.520860803582805		1.06277585029602	0.342895514030744	0.548301502266085	0.625377666509366	5.4275643953308E-4	99.8751037716628
690	0.362163907244271		0.548752743473796		1.06392598152161	0.36194181156206	0.578569831200715	0.625580166893453	6.03992984221973E-4	99.8610221396254
688	0.37552530123385		0.568523174608176		1.06461536884308	0.37530320555164	0.599992629320037	0.625513026679954	6.23225604394486E-4	99.8565999176928
686	0.383043764033397		0.579706327029311		1.0645604133606	0.382821668351187	0.611866799043696	0.625661776304108	5.60935043891889E-4	99.8709233086943
684	0.382562045590498		0.578951912359474		1.06376242637634	0.382339949908288	0.610605630023074	0.626165123786755	4.82094219343215E-4	99.8890552929098
682	0.376626044942831		0.570319105692309		1.06245732307434	0.37640394926062	0.600684504707595	0.626625035789543	5.03082700582948E-4	99.8842279948639
680	0.375662425561915		0.56949737626444		1.06094348430634	0.375440329879705	0.598956812915084	0.62682370712583	6.54316573142962E-4	99.8494514794107
678	0.382105430907264		0.579584152652358		1.05921316146851	0.381883335225054	0.608664003557549	0.627412386789761	5.62388813155499E-4	99.8705889985852
676	0.390629746669101		0.592883884044527		1.05730748176575	0.390407650986891	0.621630833323241	0.62803778393644	5.94363127208237E-4	99.8632364390608
674	0.397726184629026		0.604087591580326		1.05524814128876	0.397504088946816	0.632242761158772	0.628720664540741	5.6810345917366E-4	99.8692748642072
672	0.404037426669238		0.613988496386955		1.05312037467957	0.403815330987027	0.641394772849845	0.629589370042408	5.76852483730999E-4	99.8672629806267
670	0.409779162791314		0.623136733655088		1.0509113073349	0.409557067109104	0.64966334355334	0.630414307922973	5.3359857407401E-4	99.8772098366594
668	0.41486011125734		0.631234713359058		1.0485315322876	0.414638015575129	0.656683176391735	0.631412575320467	5.73507192389163E-4	99.8680322429378
666	0.418122850196939		0.636594748738031		1.04595601558685	0.417900754514729	0.66067652130651	0.632534593008264	5.87438296934099E-4	99.8648287721553
664	0.421496731103868		0.642157433347151		1.04322910308838	0.421274635421658	0.664757225663158	0.633727049753233	5.4885013584896E-4	99.8737024085152
662	0.425835062080185		0.649314707183298		1.04042720794678	0.425612966397975	0.670418449247021	0.634846739191025	6.68105057378054E-4	99.8462813936981
660	0.431946871137795		0.658879043387757		1.03775990009308	0.431724775455585	0.678625204849996	0.636175568443577	5.27579401287311E-4	99.8785941101756
658	0.440983927376099		0.673006861019293		1.03528940677643	0.440761831693888	0.691636048249858	0.637274232320899	6.37000341614622E-4	99.8534327657546
656	0.452463350548003		0.690736858812217		1.03309750556946	0.452241254865792	0.708488541937683	0.638318375098818	5.75820550496156E-4	99.8675002769186
654	0.468955611834642		0.716314440497124		1.03115320205688	0.468733516152432	0.733529562151087	0.639011077860125	6.51858519882751E-4	99.8500166166034
652	0.486018890575054		0.742459904870191		1.02945709228516	0.485796794892844	0.759238637383481	0.639847303565867	5.769906776725E-4	99.8672312025381
650	0.49839741500069		0.761520680856039		1.02793705463409	0.498175319318479	0.777710866823166	0.640566231706973	5.90990763038691E-4	99.8640118956278
648	0.501665196970054		0.766727474048125		1.02666783332825	0.501443101287844	0.782096253552339	0.641152670160805	6.1506205393383E-4	99.8584769667641
646	0.502549592108122		0.768403687725509		1.02560043334961	0.502327496425911	0.783002253790186	0.641540294417231	5.75706392373378E-4	99.8675265279725
644	0.505845209160383		0.773845344503081		1.02465677261353	0.505623113478172	0.787857639477085	0.64176963977117	6.01864882280198E-4	99.8615114733946
642	0.513464690025933		0.785846857821825		1.02378344535828	0.513242594343723	0.799473089617741	0.641976072752022	5.92510147343765E-4	99.8636625208297
640	0.525428450048929		0.804587254170282		1.02288675308228	0.525206354366719	0.81794216526875	0.642106956540322	6.32373046030817E-4	99.8544966839696
638	0.538618938277472		0.824945073913155		1.02184903621674	0.538396842595262	0.837914982821557	0.642543520086356	6.07463197336435E-4	99.8602242072118
636	0.55402127891417		0.848788455775889		1.02063095569611	0.553799183231959	0.861251451874711	0.64301683559022	5.60026996661864E-4	99.8711321246334
634	0.569193461165557		0.87233246263982		1.01923584938049	0.568971365483346	0.884071098152089	0.64358100459638	6.06022554857666E-4	99.8605554642863
632	0.58245513469655		0.892811616610724		1.0177036523819	0.58223303901434	0.903583801431964	0.644359757325928	6.12855305622789E-4	99.8589843715192
630	0.595580636047912		0.913189129651858		1.01619136333466	0.595358540365701	0.92294854515839	0.645061464681685	6.09388203807408E-4	99.8597815786273
628	0.61008935974482		0.93560473136893		1.01451146602631	0.60986726406261	0.944163675390636	0.64593383537053	6.51983918039103E-4	99.8499877859212
626	0.625948649842583		0.960146001107293		1.01275491714478	0.625726554160372	0.967383219919739	0.646823865946617	6.46310636928861E-4	99.8512921560507
624	0.641007310060732		0.983496170996901		1.01092803478241	0.640785214378521	0.989243523745103	0.647752751468739	6.66155968735422E-4	99.8467294990687
622	0.654325655649604		1.00423197230565		1.0092089176178	0.654103559967393	1.00848803741644	0.648598233889899	6.96356905412301E-4	99.8397863762914
620	0.664536372466714		1.01995483448647		1.00772297382355	0.664314276784504	1.02284744446907	0.649475423120729	6.90353793671812E-4	99.841166438809
618	0.672336637022948		1.03211676436952		1.0068142414093	0.672114541340738	1.03416987749919	0.649907288893418	6.63146058405056E-4	99.8474214966798
616	0.680657380703079		1.04501447061681		1.00664889812469	0.680435285020869	1.04698350353873	0.649900674386032	6.40835622890834E-4	99.8525509578431
614	0.688295798336132		1.05690396886032		1.00700271129608	0.688073702653921	1.0593242503328	0.64954021626311	6.58578289464054E-4	99.8484716650983
612	0.6953209212939		1.06792835876988		1.00780045986176	0.69509882561169	1.07127383329513	0.648852612663597	6.82818195430988E-4	99.8428988334786
610	0.703376430294915		1.08044717921546		1.00835275650024	0.703154334612705	1.08448430183145	0.648376683208081	6.75628602989437E-4	99.8445517112435
608	0.71323484700357		1.0957976582801		1.0085117816925	0.713012751321359	1.1001364725609	0.648113001527535	6.7099523427323E-4	99.8456169310642
606	0.724764835360818		1.11365840131176		1.00798010826111	0.724542739678608	1.11755976955725	0.648325717706943	7.06854095700099E-4	99.8373732105392
604	0.738367484842598		1.13457598118423		1.00688087940216	0.738145389160388	1.13740255240821	0.64897461993339	6.96044939236336E-4	99.8398580940978
602	0.753299981120821		1.15750858943		1.00539457798004	0.753077885438611	1.15877990215802	0.649888632031103	6.93599069845742E-4	99.8404203760301
600	0.77108031704831		1.18469029677988		1.00393652915955	0.770858221366099	1.18438811896774	0.65084933648097	7.35760828738569E-4	99.8307282349027
598	0.78808516805458		1.21057035771163		1.00287997722626	0.78786307237237	1.20909625305812	0.651613194879778	7.80577346130744E-4	99.8204268497491
596	0.807483458077166		1.24019968651169		1.00218975543976	0.807261362394956	1.23795831483358	0.652090908653478	8.04934667666805E-4	99.8148285975168
594	0.828322033433353		1.27189932810866		1.00178515911102	0.828099937751142	1.26921476633902	0.652450601516202	8.07034001518268E-4	99.8143461042989
592	0.847755538604724		1.30137736204849		1.00154709815979	0.847533442922513	1.29843679364182	0.652733692600758	7.65254255650668E-4	99.8239488480243
590	0.865869053546994		1.32885899127217		1.00122630596161	0.865646957864783	1.32553623877291	0.653054162190346	7.59338943897532E-4	99.825308510244
588	0.882982021923438		1.35481993599266		1.00070452690125	0.882759926241228	1.350824683744	0.653497035451363	7.46154793719154E-4	99.8283390157905
586	0.898129056775023		1.37778236021731		0.999973237514496	0.897906961092813	1.37279934515504	0.654070068041446	7.76937924826855E-4	99.8212633561414
584	0.912801144729091		1.39980832204336		0.999053955078125	0.912579049046881	1.3935424453302	0.654862757933898	7.34941925552581E-4	99.8309164753291
582	0.926405265463306		1.42027178875847		0.998229086399078	0.926183169781096	1.41281909499921	0.655556803457283	7.44369563625161E-4	99.8287493754169
580	0.939338799041998		1.43981056919797		0.997582137584686	0.939116703359787	1.43139499019246	0.656084944962338	7.68837787788791E-4	99.8231251653207
578	0.95225659348501		1.45931206081927		0.997147619724274	0.952034497802799	1.45021738198042	0.656477097593949	8.25295675497514E-4	99.8101490932834
576	0.967445298258303		1.48221880022969		0.996688485145569	0.967223202576092	1.47238051576046	0.656911166796132	8.02374065968172E-4	99.8154171078106
574	0.983201957741241		1.50591844368968		0.996220171451569	0.98297986205903	1.49529875167796	0.657380246560073	8.52778252517305E-4	99.8038332098568
572	1.00175319912219		1.53371608151806		0.9957315325737	1.00153110343998	1.52224430283831	0.65793059732434	7.89558680879739E-4	99.8183625559678
570	1.02028282612335		1.5616329527444		0.995352268218994	1.02006073044114	1.54945161604069	0.658336613987143	8.59278344789968E-4	99.8023394555097
568	1.03736958234169		1.58723465918507		0.995181918144226	1.03714748665948	1.57466478967206	0.658646521762563	8.81722115047679E-4	99.7971819345334
566	1.05631153966346		1.61561664271424		0.995282471179962	1.05608944398125	1.60307198427645	0.658791030184414	9.08491576176214E-4	99.7910307293932
564	1.07749040371458		1.64735439893507		0.995623111724854	1.07726830803237	1.63521948751605	0.65879126090209	9.20060203719165E-4	99.7883725563356
562	1.09929575183302		1.67994827087515		0.996170461177826	1.09907365615081	1.6685875111466	0.658685054759613	9.45981923011038E-4	99.7824166690388
560	1.1265378455352		1.72065948287068		0.99668163061142	1.12631574985299	1.7100198381242	0.658656539966515	9.33921296812716E-4	99.7851877269017
558	1.15599614070557		1.76466317043899		0.997178435325623	1.15577404502336	1.75475174085224	0.658653881410047	9.47557745657874E-4	99.7820546126158
556	1.18338818527386		1.80534649547174		0.997675478458405	1.18316608959165	1.7962151518183	0.658699537410053	9.52215927607818E-4	99.7809843699754
554	1.21203650211495		1.84788658563379		0.99818366765976	1.21181440643274	1.83959291898922	0.658740525647695	9.67676547587544E-4	99.7774322907158
552	1.24167113517525		1.89166153907215		0.998678505420685	1.24144903949304	1.88422198052096	0.65886559669036	9.38113251006758E-4	99.7842245718655
550	1.27004378581871		1.9336181795295		0.999059557914734	1.2698216901365	1.92685810074497	0.659011522252497	9.65171963326567E-4	99.7780077106613
548	1.29787041687207		1.9744234332727		0.999196529388428	1.29764832118986	1.96789474169909	0.659409415398644	9.57229233319003E-4	99.7798325485444
546	1.32558089314074		2.01490378467345		0.99907249212265	1.32535879745853	2.00809325869326	0.660008588605587	9.7891390223517E-4	99.7748505865188
544	1.35488234199827		2.05765696077215		0.998806416988373	1.35466024631606	2.05026060561287	0.660725881679376	0.00101228073333586	99.7671851824219
542	1.38053702207154		2.09457869280235		0.998482644557953	1.38031492638933	2.08646170312423	0.661557757960509	0.00103017401833353	99.7630747781278
540	1.40195384205432		2.12557783574489		0.99831360578537	1.40173174637211	2.11705534039232	0.662113889810905	0.00115870715186547	99.7335534191967
538	1.42292055461702		2.15549634636753		0.998360693454742	1.42269845893481	2.14702466100248	0.66263722293275	0.00121185569854043	99.7213488683536
536	1.44423747835997		2.18480759625041		0.998661279678345	1.44401538267776	2.17694309704424	0.663322520757837	0.00109789778406327	99.7475189637589
534	1.46592421167175		2.21515975433225		0.999168038368225	1.46570211598954	2.20837466696262	0.663701743149161	0.00108968974169789	99.7494041813534
532	1.48605851456982		2.24282113849907		0.999805629253387	1.48583641888761	2.23743988653451	0.664078810711183	0.00108732296808442	99.7499477869273
530	1.50413202157768		2.2674097248266		1.0004802942276	1.50390992589547	2.26355009840549	0.664403198742922	0.00109920281734112	99.7472192278851
528	1.52399507325612		2.29446976133956		1.00102841854095	1.52377297757391	2.2918780751869	0.664857783697611	0.0011043995118518	99.7460256766268
526	1.54297807977206		2.32029520801371		1.0014044046402	1.54275598408985	2.31860062024312	0.665382373583635	0.00117551455314575	99.7296937583269
524	1.56267854356053		2.34668104531063		1.00163662433624	1.56245644787832	2.34556731086904	0.666131575349856	0.00118941039844911	99.7265028215689
522	1.58540254493458		2.37746776393761		1.00181710720062	1.58518044925236	2.37683261526317	0.666929778341521	0.00118298358113815	99.7279786145704
520	1.61199997891033		2.4137223170154		1.0020604133606	1.61177788322812	2.41373911679954	0.667751486484268	0.00120088611815895	99.723867701111
518	1.6396775032138		2.45172833981275		1.00242054462433	1.63945540753159	2.45270461043129	0.668427580132979	0.00126357803232239	99.7094732540345
516	1.67197395938358		2.49622427957636		1.00289297103882	1.67175186370136	2.49848520013811	0.669106170254263	0.00126506489540305	99.7091318863981
514	1.70655942311257		2.5437537544841		1.00349617004395	1.70633732743036	2.54768358258634	0.669760302689601	0.00130609198469206	99.6997129727141
512	1.74686913120345		2.59951568541363		1.00418245792389	1.74664703552124	2.60542108824873	0.670389536416654	0.00133719519645851	99.6925729551113
510	1.79225446549475		2.66243263340441		1.00497353076935	1.79203236981254	2.67070344902284	0.670996388785963	0.00136851170001321	99.685384491096
508	1.84816302850378		2.74037511112031		1.00580215454102	1.84794093282157	2.75130021740959	0.671660955474153	0.001364576141079	99.6862878400896
506	1.9138489230167		2.83256511075194		1.00663805007935	1.91362682733449	2.84638871163549	0.67229989337435	0.00142251200612561	99.6729903510571
504	1.99315084042443		2.94412478315773		1.00742840766907	1.99292874474222	2.96101192477536	0.673056642584585	0.00138394206538693	99.6818427592897
502	2.07908655663379		3.06425760982614		1.00814700126648	2.07886446095158	3.08423554859272	0.674029083770896	0.00140530871542446	99.6769386798096
500	2.1651208482822		3.18473768258692		1.00866842269897	2.16489875259999	3.20735518404987	0.67497942334731	0.00144842838322334	99.6670425763584
498	2.26886104806298		3.33019168591196		1.00904226303101	2.26863895238077	3.35531315500766	0.676133298912779	0.00149442648870026	99.6564869452044
496	2.42236372811368		3.54792102342086		1.00876116752625	2.42214163243147	3.5740153441805	0.677708795060267	0.00150448428293977	99.6541790346142
494	2.63805007246668		3.85472989426523		1.00816118717194	2.63782797678447	3.8812024244007	0.679641948124306	0.00148949716758152	99.6576180708208
492	2.83056850431461		4.12525992003971		1.00794267654419	2.8303464086324	4.15303996402997	0.681511960671315	0.00155731725554086	99.6420566004335
490	2.93039567432587		4.25856748542501		1.00791668891907	2.93017357864366	4.28729580677458	0.683454958720959	0.00157121586198086	99.638867834222
488	2.96722669224511		4.30057196523764		1.00887954235077	2.9670045965629	4.33376888092467	0.68462455615073	0.00163800876875363	99.6235449182207
486	3.04522756595687		4.40247089061172		1.00954282283783	3.04500547027466	4.43948941439131	0.685890918087065	0.00159319930515225	99.6338243670745
484	3.2374152897983		4.66811850917915		1.01009511947632	3.23719319411609	4.7102475154699	0.687266047799857	0.00164830241712241	99.6211836688142
482	3.44539993008052		4.95332676731686		1.01073944568634	3.44517783439831	5.00152335629778	0.688825701485575	0.00169680965481533	99.6100573967121
480	3.56227370646898		5.10416228673368		1.01162850856781	3.56205161078677	5.15851228926398	0.690519167357651	0.00172823448444187	99.6028500386478
478	3.55757234906589		5.08012530684926		1.0127238035202	3.55735025338368	5.13975461312958	0.69212453145066	0.00171002767282958	99.607025749865
476	3.60553920434298		5.13327173241815		1.01399922370911	3.60531710866077	5.20011803319944	0.693314475872108	0.00176677857011141	99.5940105746718
474	3.81334706239934		5.41455258578639		1.01552999019623	3.81312496671713	5.49361744420882	0.69410092811191	0.00179493710750986	99.5875533644734
472	4.22127913840604		5.97702116752325		1.01726651191711	4.22105704272383	6.07519179527614	0.694802268795197	0.00183220807866244	99.5790071689345
470	4.74283127987671		6.69950842049571		1.01911818981171	4.7426091841945	6.82255005575162	0.695137323352627	0.00187618016871352	99.5689253567311
468	5.21924979115663		7.35545716299186		1.02110064029694	5.21902769547442	7.50561137469102	0.695350110062055	0.00188026248903963	99.5679894241914
466	5.44917871846053		7.652529344422		1.02326714992523	5.44895662277832	7.82552053171781	0.696305964656667	0.00199644021736794	99.5413576426962
464	5.33290150212828		7.45194687452037		1.02553856372833	5.33267940644607	7.63718629937105	0.69825184268259	0.00204226100696938	99.5308559596371
462	5.11185807527715		7.11568119227027		1.027627825737	5.11163597959494	7.30718906288244	0.699535202333819	0.00201876593184461	99.536240665849
460	4.92956023909151		6.84899016306247		1.02919805049896	4.9293381434093	7.04387662757977	0.699804724589987	0.00210359952066821	99.5167994981467
458	4.77764521040166		6.63070947545812		1.03004312515259	4.77742311471945	6.8248218339778	0.700007008378556	0.00208921012239167	99.5200968243758
456	4.58578097532847		6.36555635151762		1.03006207942963	4.58555887964626	6.55182324231568	0.699890505291704	0.0021600630324976	99.5038619570026
454	4.38763437455772		6.10051066410013		1.02918720245361	4.38741227887551	6.27347686145035	0.699358964059556	0.00219638695697732	99.4955399087821
452	4.24507243665081		5.9203189704842		1.02735614776611	4.2448503409686	6.07719450548921	0.69848847805257	0.00219320491064603	99.4962689085525
450	4.10559350898548		5.74588255516559		1.02460694313049	4.10537141330327	5.8822031731819	0.697930909972721	0.00223834375167832	99.4859281995063
448	3.89533199371236		5.47142671153569		1.02102768421173	3.89510989803015	5.58142786135768	0.697869791527266	0.00231125273388712	99.4692279897255
446	3.56480622843152		5.02492400091749		1.01675081253052	3.56458413274931	5.10406643216271	0.698381218216023	0.00234230683141052	99.4621157264997
444	3.2727662857508		4.63040500591188		1.0121191740036	3.27254419006859	4.68151547056723	0.699035218540477	0.00241538678357455	99.4453803650447
442	3.09838380597884		4.39628770215986		1.00782012939453	3.09816171029663	4.42568228578287	0.700041600421526	0.0025165675196212	99.4222145520112
440	3.0398693701775		4.318382250811		1.0045450925827	3.03964727449529	4.33304094211622	0.701504397281498	0.00258788939454317	99.4058883106676
438	3.01330112077194		4.28052704588414		1.00285410881042	3.01307902508973	4.28778374407685	0.702712451217253	0.00266433219480141	99.3883928184166
436	2.9873727029068		4.23946097427089		1.00277864933014	2.98715060722459	4.24628093114829	0.703474559422708	0.00274964556808573	99.3688707507046
434	2.9587040506776		4.1912750638189		1.00421047210693	2.95848195499539	4.20395520986012	0.703737743936104	0.00286047250982566	99.3435161964455
432	2.94115710006412		4.1553960551732		1.00665414333344	2.94093500438191	4.17806746835523	0.703898399596612	0.00293085203831094	99.3274184019158
430	2.94296593794752		4.14452932181818		1.00962591171265	2.94274384226531	4.17943030820187	0.704101665839566	0.0030312123345768	99.3044676672464
428	2.95541975869854		4.14836309865833		1.01240730285645	2.95519766301633	4.19482545149903	0.704486443401424	0.00313208147746205	99.2814059112242
426	2.95397370157541		4.13515918269547		1.01423370838165	2.9537516058932	4.18900115422764	0.705120742903641	0.00321214267346539	99.263105297649
424	2.92739277150584		4.09280681225923		1.01462960243225	2.92717067582363	4.14766431216789	0.705739533268464	0.00328828944588256	99.2457025840437
422	2.89599608950239		4.05160360685747		1.01337480545044	2.89577399382018	4.10078058684516	0.706151897789775	0.00333374781465911	99.2353149051117
420	3.39039495715578		4.75823127493236		1.01114857196808	3.39017286147356	4.80627734028742	0.70536355300521	0.00341930997804071	99.2157660684742
418	3.26543316566291		4.60306352164613		1.0079870223999	3.2652110699807	4.63484251253959	0.704492344917148	0.00353749919480444	99.1887690912556
416	3.08217791248891		4.36966227013735		1.00422537326813	3.0819558168067	4.38315854987162	0.703135828134022	0.00357453182681305	99.1803115475073
414	2.90295703918161		4.1419754961448		1	2.9027349434994	4.13702922158837	0.701647193679942	0.00363149118027596	99.1673045298876
412	2.74811608032766		3.94805730356028		0.995681941509247	2.74789398464545	3.92608444494508	0.699906999754787	0.00373384374351882	99.1439359809674
410	2.62465978199285		3.79470808054022		0.991583049297333	2.62443768631063	3.75786356768798	0.698385569097527	0.00387224459985849	99.1123458502022
408	2.51939545135877		3.662451484389		0.988153755664825	2.51917335567656	3.61417750945973	0.697025353370965	0.00399609535523591	99.0840853281704
406	2.43504298587552		3.55543411176975		0.985654711723328	2.43482089019331	3.49955506566568	0.695751558271353	0.00413335112112281	99.0527754365168
404	2.36541674103654		3.46638381915683		0.98426741361618	2.36519464535433	3.40698017941778	0.694220253948915	0.00425360835148082	99.0253512718626
402	2.32810913376374		3.4199070468816		0.984128773212433	2.32788703808153	3.36076115543696	0.692666610453864	0.00439685930092429	98.9926933935909
400	2.32855099899635		3.42465828221418		0.985299050807953	2.32832890331414	3.36943899518175	0.691013817624721	0.00460424267760054	98.9454338978557
398	2.36350131623951		3.47546418533148		0.987817049026489	2.3632792205573	3.42823676121539	0.689357061709897	0.00470127419481926	98.9233296494053
396	2.41164405530495		3.54267585498479		0.991658091545105	2.41142195962274	3.50821816413026	0.687363740453288	0.00493257514872875	98.8706580879807
394	2.44409880615183		3.58269629671941		0.996615350246429	2.44387671046962	3.56564059143213	0.685396255680397	0.00504336083658212	98.8454400450107
392	2.45750396967249		3.5928424050773		1.0025714635849	2.45728187399028	3.59712227476692	0.68312436617115	0.00523942226313056	98.8008265282232
390	2.46028574700512		3.58517732942434		1.0093150138855	2.46006365132291	3.6135809568573	0.680782769417294	0.00537701618216245	98.7695292398164
388	2.4650625292126		3.5798110477075		1.01699423789978	2.46484043353039	3.63561687556555	0.677970346682077	0.00556441416265706	98.7269194017938
386	2.48242354720963		3.59106835235002		1.02549052238464	2.48220145152742	3.67753420289166	0.674963525716677	0.00569565571336218	98.6970891438577
384	2.50724796849716		3.61330180440962		1.03449034690857	2.50702587281495	3.73280896384728	0.671619120371763	0.00587473574102805	98.65640008461
382	2.53721538048679		3.64389872567407		1.04369103908539	2.53699328480458	3.7979420648893	0.667991570555598	0.00607824001736103	98.610181914736
380	2.56770217723997		3.67549175533299		1.0526317358017	2.56748008155776	3.86373266076891	0.664507694237522	0.00620450055218926	98.581517574866
378	2.58530683537275		3.69135489980086		1.06117713451386	2.58508473969054	3.91193254158405	0.660820377706147	0.00644425595158834	98.5271099568926
376	2.59590945495929		3.69769714586926		1.06922745704651	2.59568735927708	3.94839062364011	0.657403891027392	0.00661601524222928	98.4881511369445
374	2.59535500427791		3.69016108632906		1.07646524906158	2.5951329085957	3.96700568020027	0.654179277218651	0.00689165137630562	98.4256629372351
372	2.59061645693356		3.67726433589231		1.08239138126373	2.59039436125135	3.97488541884911	0.651690322686428	0.00712738954298456	98.3722512772933
370	2.59370786072981		3.67657745357084		1.08660447597504	2.59348576504759	3.98961087324657	0.650059829754056	0.00732310110249558	98.3279305452863
368	2.60286961606429		3.68534304679753		1.08728444576263	2.60264752038208	4.00163816469276	0.650395516352715	0.00756021815771472	98.2742598987179
366	2.61509501884747		3.69962166978735		1.08414971828461	2.61487292316526	4.00558128889268	0.652807354182575	0.00785693452547751	98.2071404122925
364	2.62867046557057		3.71682496805846		1.07767069339752	2.62844836988836	4.00018288543382	0.657082049788156	0.00805810157116266	98.1616609823422
362	2.65304952309034		3.74981619839538		1.06871128082275	2.65282742740813	4.00218473282054	0.662844822142568	0.00831680116800728	98.1032056686188
360	2.67751505277774		3.7834919721866		1.05907070636749	2.67729295709553	4.00174706103104	0.669031029763718	0.00861383868806793	98.0361305132089
358	2.71167419814906		3.83109228205499		1.04836678504944	2.71145210246685	4.01120438901102	0.675969569113722	0.00893096226898862	97.9645702655865
356	2.75124094359643		3.88653122470456		1.03684234619141	2.75101884791422	4.02459164665285	0.683552292864835	0.00922736706860467	97.8977325244035
354	2.78936693221361		3.94037903210659		1.02479386329651	2.7891448365314	4.03300733935346	0.691579410063393	0.00956900021642274	97.8207525931643
352	2.82495559418078		3.99113916129829		1.01273274421692	2.82473349849857	4.03694806116805	0.699720049824288	0.00984276523000233	97.7591090264943
350	2.85675952715917		4.03686266453356		1.00126516819	2.85653743147696	4.03701744233848	0.707586100946416	0.0101598167625547	97.6877671933971
348	2.88633628729489		4.08047264726945		0.990810453891754	2.88611419161268	4.03807413519561	0.7147254099318	0.0105276874282398	97.6050554627948
346	2.90365657042881		4.10721392645948		0.981342911720276	2.9034344747466	4.02573128217444	0.721219145351985	0.0108837939903085	97.5250554720474
344	2.92254308646663		4.13718328913269		0.972720801830292	2.92232099078442	4.01951290217144	0.727033613750986	0.0112649176332395	97.4395079887197
342	2.93842581589535		4.16347367721124		0.964752793312073	2.93820372021314	4.01195092777603	0.732362826242715	0.0116586747902231	97.3512035838314
340	2.94622373090325		4.17935675087824		0.957048177719116	2.94600163522104	3.99511193941538	0.737401524637164	0.0120270480690674	97.2686642498873
338	2.95351733927255		4.19573990022684		0.950148642063141	2.95329524359033	3.98187687259761	0.741684220301801	0.012469379840153	97.1696459129637
336	2.94807380902086		4.19549945589186		0.944044172763824	2.94785171333865	3.95606731149663	0.7451470061624	0.0128844021524323	97.0768326032279
334	2.93799782761581		4.19071067905553		0.938558220863342	2.9377757319336	3.92858359243979	0.747795143671395	0.0133328555680821	96.9766425943
332	2.91289353084112		4.16790303266229		0.933434963226318	2.91267143515891	3.8858493884153	0.749558499061317	0.0138402058804698	96.8634189537829
330	2.87408246654308		4.12866598936204		0.928119659423828	2.87386037086087	3.82730533726471	0.750883485276026	0.0142793523915452	96.7655228596134
328	2.82020267916071		4.07273527913631		0.923022568225861	2.8199805834785	3.75466105400824	0.751061292328389	0.01482165806085	96.6447666823395
326	2.74901301635924		3.99552054555812		0.918195605278015	2.74879092067703	3.66412775816928	0.75018970464349	0.0153668603468741	96.5235174141194
324	2.67337903472786		3.91512331199266		0.913534343242645	2.67315693904565	3.57208101185678	0.748347232375934	0.0159879598406049	96.3855744700152
322	2.59027698672008		3.8259296966264		0.908978700637817	2.59005489103787	3.47319254615181	0.745727412638717	0.0165238698888922	96.2667100976521
320	2.50942058323457		3.7392308175783		0.904343068599701	2.50919848755236	3.37707434266084	0.743009549969021	0.0171724277567918	96.123056564298
318	2.43185937260699		3.6549494995557		0.899914681911469	2.43163727692478	3.28469149120106	0.740293961682119	0.0178730438935282	95.9681131449785
316	2.36246801057957		3.58151937289599		0.895963847637177	2.36224591489736	3.20448019454393	0.737169765916922	0.0186028361139248	95.8069829141467
314	2.30431630182756		3.52262261287742		0.892610192298889	2.30409420614535	3.13991375279396	0.733808119441218	0.0193582589165157	95.6404786784873
312	2.25986878247392		3.48296750317259		0.88999992609024	2.25964668679171	3.09543863640868	0.729992402438106	0.0201188904316326	95.4731187486831
310	2.20937873140613		3.43488227387254		0.888025283813477	2.20915663572392	3.04586988925476	0.725295799245201	0.0209795856826362	95.2840951929646
308	2.15584828484269		3.38206330923985		0.887133359909058	2.15562618916048	2.99595318178482	0.719512642008736	0.0218942534269552	95.0836285058205
306	2.10122743056875		3.32819371228713		0.887335538864136	2.10100533488654	2.94883555593764	0.712486435758026	0.0228128056753536	94.882734904298
304	2.04191924232917		3.26760777014641		0.888603985309601	2.04169714664696	2.89921400769744	0.704224366061366	0.0239012776852668	94.6452281163325
302	1.97892484072542		3.20346749452379		0.891015827655792	1.97870274504321	2.84993303208384	0.694297979204235	0.0249216839610583	94.4231133514986
300	1.90951373748715		3.12927726288665		0.894482612609863	1.90929164180494	2.79465974509958	0.683192880690707	0.0261314620618942	94.1604527255899
298	1.83459303466152		3.04647622806126		0.900495111942291	1.83437093897931	2.73888285595717	0.66975151382962	0.0274719371277066	93.8702691006372
296	1.75144737581406		2.9500139237592		0.909423410892487	1.75122528013185	2.67831346684711	0.653853741098267	0.0288549693817957	93.5718100676768
294	1.66195056464824		2.84307145836621		0.92107892036438	1.66172846896603	2.61413728016248	0.635669932706344	0.030344273449138	93.2514785615699
292	1.57010998151912		2.73017489631732		0.934718489646912	1.56988788583691	2.54732158127488	0.616289634326896	0.0320390016576736	92.8882965038009
290	1.47304545553978		2.60666054866633		0.948803901672363	1.47282335985757	2.46851665431216	0.596643071977964	0.0338400089811471	92.5038888967182
288	1.37392784363115		2.47684678697801		0.962523102760315	1.37370574794894	2.37926135093084	0.577366478639055	0.03571484659205	92.1054128176063
286	1.26314581770662		2.32575185105832		0.97529125213623	1.26292372202441	2.26346137667128	0.557961242476208	0.0378270615805528	91.6585406744219
284	1.15501086452543		2.1731570250079		0.986907541751862	1.15478876884322	2.13982354172803	0.539665419285304	0.0397958475650729	91.2439656690499
282	1.05011420478833		2.02234611740738		0.996903836727142	1.04989210910612	2.01115364355086	0.522034759737423	0.0418345411506042	90.8166460332555
280	0.95262794297083		1.88119881328388		1.00535523891449	0.95240584728862	1.88630031933626	0.5049067942817	0.0439138205700787	90.3828807623446
278	0.860971952126132		1.74535500523294		1.00982344150543	0.860749856443922	1.75750553403786	0.489756555398352	0.0459200213517509	89.9663246138462
276	0.776495259043274		1.61718217981736		1.01022160053253	0.776273163361064	1.62871553664871	0.476616785370847	0.0478715772067689	89.5629568008392
274	0.695710481228867		1.49302673475682		1.00653350353241	0.695488385546657	1.49780283914362	0.464339075458227	0.0501713775746551	89.0899309692783
272	0.631440339884116		1.39360865532009		0.99854451417923	0.631218244201905	1.38664120235863	0.455213823971354	0.0521344791408545	88.6881347003149
270	0.579293623478714		1.31328005090474		0.988452672958374	0.579071527796504	1.29322601835321	0.447772871546375	0.0540731674418033	88.2931136716902
268	0.535489894405698		1.24667212300927		0.972882628440857	0.535267798723488	1.20805350724576	0.443082856440561	0.0561259314972257	87.8767665391217
266	0.500294888747991		1.1936269785679		0.953488886356354	0.50007279306578	1.13339384070119	0.441217143686259	0.0579411782261629	87.5102292928016
264	0.471028404795109		1.15056982023165		0.931065678596497	0.470806309112899	1.06665076397023	0.441387495341482	0.0598368082829187	87.1290927183177
262	0.444934830680624		1.11175496748147		0.906938552856445	0.444712734998414	1.00380747425038	0.443025925195979	0.06151583292496	86.792893492812
260	0.419371493380427		1.07286604551773		0.883175373077393	0.419149397698216	0.943160442135473	0.444409433403708	0.0632643912872381	86.4441500886959
258	0.394368360240588		1.03218178481603		0.859192788600922	0.394146264558378	0.882593342609846	0.446577427598626	0.0647625983832991	86.1464532252368
256	0.367103993894453		0.984382991977244		0.834685504436493	0.366881898212243	0.817521630544021	0.448773322325552	0.0664320299820947	85.8159411953663
254	0.338547634755629		0.931325452211224		0.80953711271286	0.338325539073418	0.749938324755982	0.451137817477863	0.0680389785844327	85.4989972802043
252	0.309891289044939		0.87531004380468		0.784095585346222	0.309669193362728	0.682448389112856	0.453762069488186	0.0696096736784508	85.1903350523463
250	0.281474445591592		0.817313050628221		0.758817315101624	0.281252349909382	0.616437975896564	0.456254093528746	0.0714406669988293	84.8319271307363
248	0.254786386921377		0.760840129711298		0.735633492469788	0.254564291239167	0.556060836604032	0.457799353023742	0.0732084159337952	84.487329703006
246	0.228107465519192		0.702219901979224		0.715051770210266	0.227885369836981	0.498586741609608	0.457062634881324	0.0752592050465944	84.0893111789484
244	0.201845301622665		0.641422952148915		0.697206974029541	0.201623205940455	0.443755978424637	0.454356032917529	0.0773972854915671	83.6763474360356
242	0.177647059837032		0.58336365031792		0.681808710098267	0.177424964154822	0.394370004866371	0.449894672428095	0.079688007565333	83.2361515834838
240	0.154505656426083		0.525273770789293		0.667849898338318	0.154283560743873	0.347500665461754	0.443980619544606	0.0823065553226865	82.7357950625628
