Wavelength	I1	I1 dark	R1	R1dark	XCorrect	I1c	R1c	I1c/R1c	Abs	Percent T
nm	uA	uA	uA	uA		uA	uA	uA/uA	OD	T*100
	Abs Detector Raw	Dark Offset for Abs Detector	Ref Detector Raw	Dark Offset for Ref Detector	Linear interp	Dark subtracted Abs Detector	Corrected Ref Detector	Corrected Intensity 	-Log(T)	% Transmittance
800	0.143109036293399	2.20095447614499E-4	0.208662626729702	0.00493974765901846	1.35067892074585	0.142888940845784	0.275164198434428	0.519286090482571	4.15372868335003E-4	99.9044025860042
798	0.144129993778333		0.210391693342666		1.34199333190918	0.143909898330719	0.275715141135222	0.52195137973993	5.54966412302489E-4	99.872295872401
796	0.155987486254146		0.227625315481445		1.33337259292603	0.155767390806532	0.296922832974594	0.524605633207939	5.61896252126546E-4	99.8707022682444
794	0.166396624930205		0.242311988930451		1.32502686977386	0.16617652948259	0.314524597823093	0.528341918669451	4.93140730637486E-4	99.8865145939361
792	0.162322761039623		0.236210194292357		1.31713449954987	0.162102665592008	0.304614283987076	0.532157138103497	4.36326879394248E-4	99.8995824753577
790	0.152210560762646		0.221780570402871		1.30966234207153	0.151990465315032	0.283988259771432	0.535199819307182	3.60843957066539E-4	99.9169471163715
788	0.149268939222887		0.217873139235623		1.30193436145782	0.149048843775272	0.277225299195336	0.537645172384685	3.88103475896603E-4	99.9106757900312
786	0.152398140183894		0.222456398799829		1.29363858699799	0.152178044736279	0.281387933230332	0.540812262236252	3.20777130251102E-4	99.9261656071833
784	0.15647393499793		0.22828958099698		1.28498160839081	0.156253839550315	0.287000428076432	0.544437653273126	2.411333524577E-4	99.9444924048895
782	0.16216510067038		0.236497878998849		1.27644824981689	0.161945005222765	0.295571971479597	0.547903796195858	2.38477546506002E-4	99.9451035892366
780	0.171280031893113		0.249633079523145		1.268270611763	0.171059936445499	0.310337361697643	0.551206388782025	1.89825105217875E-4	99.9563007051693
778	0.18421158465211		0.268292482829934		1.26044166088104	0.183991489204496	0.331940758916394	0.554290138412433	3.13445573523104E-4	99.9278525283074
776	0.200309898262712		0.291376360530053		1.25292003154755	0.200089802815097	0.358882170034749	0.557536204141106	2.14808887984388E-4	99.9505506558886
774	0.223334857582329		0.324346445237179		1.24577045440674	0.223114762134715	0.3979074267825	0.560720275916517	2.04033843221308E-4	99.9530305055355
772	0.276778862266849		0.401450432050668		1.23883104324341	0.276558766819234	0.491209744802066	0.56301563587806	1.36909934463458E-4	99.9684802910865
770	0.374271658355558		0.541935906648008		1.23221707344055	0.374051562907944	0.661695835478229	0.565292303279504	1.5790796851069E-4	99.9636469558852
768	0.443667909604144		0.639768467292244		1.22665858268738	0.443447814156529	0.778718097474535	0.569458724016659	2.67052105886693E-4	99.9385278820463
766	0.417145495464517		0.599592562911763		1.22236526012421	0.416925400016902	0.726882943200013	0.573579836914922	3.05277665538491E-4	99.9297319193978
764	0.35111980145344		0.50478045055868		1.2186872959137	0.350899706005825	0.60914951460439	0.576048568689603	1.87993900317539E-4	99.9567221723102
762	0.321735392391167		0.463953405738907		1.214359998703	0.321515296943552	0.557407825230554	0.57680441929671	9.86470807811937E-5	99.9772882497412
760	0.328957412015629		0.47419842522922		1.20898902416229	0.328737316568015	0.567328590675286	0.579447822604395	-1.01729190452379E-4	100.023426755382
758	0.347680833571673		0.500829972669192		1.2031888961792	0.347460738124059	0.596649612456046	0.582353077702964	-4.66713885903873E-5	100.010747061819
756	0.372687576330638		0.536278730462116		1.19780671596527	0.372467480883024	0.636441402055706	0.585234523838257	-1.23881320458405E-4	100.028528796866
754	0.398268884211819		0.572240935518614		1.1931779384613	0.398048788764204	0.676891261816961	0.588054258073494	-1.02737373576982E-4	100.023658952778
752	0.42109263045851		0.604248324306734		1.18890511989594	0.420872535010896	0.712521035174015	0.59068085605095	-7.59947144105582E-5	100.017499960719
750	0.450690772735261		0.645868997663375		1.1848680973053	0.450470677287647	0.759416620959974	0.593179902644493	-1.48899543817508E-4	100.034291265105
748	0.494767297827695		0.708093389809759		1.18107759952545	0.49454720238008	0.830479015768975	0.595496325602109	-2.05017149337085E-4	100.047218087418
746	0.550647242672769		0.786642697662395		1.17750906944275	0.550427147225155	0.920462313239128	0.597989878899212	-1.49433146972834E-4	100.03441417398
744	0.601351080360792		0.85720147820321		1.174187541008	0.601130984913177	1.0007151056829	0.600701419914069	-1.27143811313339E-4	100.029280230283
742	0.65216323988676		0.927166355548156		1.17108881473541	0.651943144439146	1.08000926515035	0.603645881082684	-1.87331991845338E-4	100.043144089573
740	0.72777620223111		1.03246153060349		1.16803753376007	0.727556106783495	1.20018400923521	0.606203799738269	-1.34159401866798E-4	100.030896115749
738	0.837897575692454		1.18562231795536		1.16498303413391	0.837677480244839	1.37547516309285	0.609009528286401	-1.26340973743158E-4	100.029095316144
736	0.935657502975164		1.32008858237167		1.16204738616943	0.93543740752755	1.52826526580161	0.612090995234973	-5.17666902352639E-5	100.011920431352
734	0.982483741496552		1.38262950253193		1.15931880474091	0.982263646048938	1.59718163992305	0.614998082557637	-4.54806835080391E-5	100.010472862752
732	0.992111678469799		1.39526717215916		1.15665113925934	0.991891583022185	1.60812379949159	0.61680051208481	-1.5447604270493E-5	100.003557005592
730	0.988913535477207		1.39212870049202		1.15388596057892	0.988693440029593	1.60065785734417	0.617679434423323	-1.10555649698644E-5	100.002545670311
728	0.987002265038067		1.39205726494543		1.15089321136475	0.986782169590453	1.59642413401005	0.618120303100005	-4.88205062516647E-5	100.011241968855
726	0.993539345700423		1.40509787646558		1.1476241350174	0.993319250252808	1.60685526145921	0.618175932878211	-5.83205855939104E-6	100.001342890127
724	1.00907763024527		1.43075310341385		1.14410185813904	1.00885753479765	1.63127570967856	0.618446979141525	3.77783559672715E-6	99.9991301249906
722	1.0174023354122		1.44545324007386		1.14027833938599	1.01718223996459	1.64258633299391	0.619256485660994	2.04932099766644E-5	99.9952813753506
720	1.00299936214211		1.42672821329322		1.13600122928619	1.0027792666945	1.61515344474538	0.620856965607118	6.79496957944512E-5	99.9843552282611
718	0.952029734965408		1.35483601143205		1.13137769699097	0.951809639517794	1.52724252608424	0.62322101648006	6.04580912759578E-5	99.9860799789526
716	0.8520675722789		1.21242550693517		1.12621939182281	0.851847476831285	1.3598938774467	0.626407318217133	1.42347562556378E-4	99.9672286334292
714	0.726548044887385		1.0337456468093		1.12039887905121	0.72632794943977	1.15267297616924	0.630124904856905	1.90012704727296E-4	99.9562575276718
712	0.594932987429894		0.847729790313811		1.11375534534454	0.59471289198228	0.938661915009931	0.633575180235141	1.58724603341497E-4	99.9634589873003
710	0.48866579577688		0.699039996596422		1.10628998279572	0.488445700329265	0.767876152455462	0.636099582943613	6.90748622712618E-5	99.9840961899733
708	0.410425278816564		0.591092043841726		1.09837675094604	0.41020518336895	0.643816054640726	0.63714655826323	-4.92684559029261E-5	100.011345124722
706	0.35264139721152		0.512762251369072		1.09038031101227	0.352421301763906	0.553719659534397	0.636461602357128	-6.08236324340813E-5	100.014006139703
704	0.310659892862668		0.457118685307233		1.0826700925827	0.310439797415054	0.489560612287541	0.63411922777954	9.75855559199705E-7	99.9997753012061
702	0.285835044939402		0.425797835212658		1.07555782794952	0.285614949491788	0.452657210524183	0.630974041396672	1.33400602984366E-5	99.9969283847768
700	0.271566883680497		0.409028428236209		1.0694442987442	0.271346788232883	0.432150335630343	0.627899057019338	4.87998199868643E-5	99.9887640574751
698	0.273025492988634		0.414139798149867		1.0649927854538	0.272805397541019	0.435795101580082	0.62599463957235	4.9407741655098E-5	99.9886240941639
696	0.290237498229917		0.441450968389858		1.06259047985077	0.290017402782302	0.463832667496627	0.625262994837273	2.05420961011014E-4	99.9527112603894
694	0.317331331739819		0.482227185573115		1.06203079223633	0.317111236292205	0.506893955812356	0.625596799204278	1.39984485072307E-4	99.9677725752927
692	0.343603556366286		0.521074154106855		1.06277585029602	0.343383460918671	0.548535182679632	0.626000795867313	1.10238744571136E-4	99.9746198123227
690	0.36249004493828		0.548779405155819		1.06392598152161	0.362269949490666	0.578605141392657	0.626109108914432	2.36942440493779E-4	99.9454568670399
688	0.375707409692595		0.568191285571417		1.06461536884308	0.375487314244981	0.599646243786039	0.626181383000473	1.59432705284587E-4	99.9632960005142
686	0.383317088922442		0.579623955203468		1.0645604133606	0.383096993474828	0.611786057535326	0.626194384059998	1.91389994417361E-4	99.9559405342252
684	0.382696015316525		0.578628262763599		1.06376242637634	0.382475919868911	0.61026828681189	0.626734058010794	8.76730007189718E-5	99.9798145830781
682	0.377244696673757		0.57069052170645		1.06245732307434	0.377024601226142	0.60108605292167	0.627238977503399	7.77869475834488E-5	99.9820904973494
680	0.376102791771093		0.569633679364481		1.06094348430634	0.375882696323479	0.599108347470237	0.627403537124229	2.52767351754378E-4	99.9418151003672
678	0.382584700314529		0.579854776735749		1.05921316146851	0.382364604866914	0.608957565524122	0.627900245459334	2.24824554869948E-4	99.9482456303383
676	0.390326655239648		0.591935835647436		1.05730748176575	0.390106559792034	0.620635355597379	0.628560001092018	2.33394733373064E-4	99.9462733145704
674	0.39764661248579		0.603422231170387		1.05524814128876	0.397426517038175	0.631547528319251	0.629289957156279	1.75037368745726E-4	99.9597042773089
672	0.4040957747525		0.613527690724734		1.05312037467957	0.403875679304886	0.640916362626832	0.630153484691167	1.87897079741719E-4	99.9567444564259
670	0.410582028388692		0.6237605050149		1.0509113073349	0.410361932941078	0.650325731118843	0.63100983600184	1.23530986686862E-4	99.9715599840927
668	0.415827103440976		0.63209691702993		1.0485315322876	0.415607007993361	0.657594067785634	0.632011492124414	1.61759008609668E-4	99.9627605474178
666	0.419274535983353		0.637707961319032		1.04595601558685	0.419054440535739	0.661847719549839	0.633158396044277	1.59349904861056E-4	99.9633150590203
664	0.422464679708399		0.642951391168686		1.04322910308838	0.422244584260784	0.665592314618533	0.634389212415686	9.53055750852009E-5	99.9780574880743
662	0.426982457705483		0.650317311854585		1.04042720794678	0.426762362257869	0.671468377187486	0.635565838625799	1.76452258485752E-4	99.9593786187166
660	0.432880051676058		0.659596241871219		1.03775990009308	0.432659956228444	0.679376258028939	0.636848802287722	6.82295608243757E-5	99.9842907970589
658	0.441200775824939		0.672624738218086		1.03528940677643	0.440980680377325	0.691247197789422	0.637949320861714	1.77179387509118E-4	99.9592112592232
656	0.452938936178427		0.690808087754804		1.03309750556946	0.452718840730812	0.70856887130202	0.638920024667363	1.6666732266885E-4	99.9616307935968
654	0.469365801652339		0.716216258124469		1.03115320205688	0.469145706204724	0.733435051314297	0.639655420563862	2.14161114470021E-4	99.9506997376072
652	0.486855305061458		0.74302054146463		1.02945709228516	0.486635209613844	0.759822507862645	0.640459060607104	1.6196075213458E-4	99.9627141115642
650	0.499129681843467		0.761958245856732		1.02793705463409	0.498909586395852	0.778167365340883	0.6411340395614	2.06195909485109E-4	99.9525329064494
648	0.5023301591256		0.767068401475962		1.02666783332825	0.502110063677986	0.782452973731615	0.641712768095648	2.35836843510778E-4	99.9457113016248
646	0.502950507939039		0.768255330487332		1.02560043334961	0.502730412491425	0.782856792531228	0.642174171940101	1.4681112014011E-4	99.9662012034086
644	0.50653687938467		0.774185772663342		1.02465677261353	0.506316783937055	0.788213149326714	0.642360235133793	2.02384533567024E-4	99.9534100954638
642	0.513879036948106		0.785754533298268		1.02378344535828	0.513658941500491	0.799385251428435	0.642567448652105	1.92630650849912E-4	99.9556549887978
640	0.525855531651226		0.8043817942712		1.02288675308228	0.525635436203612	0.817738679336584	0.642791455859774	1.69652721128054E-4	99.9609436463147
638	0.539311035747852		0.82527491094797		1.02184903621674	0.539090940300237	0.838258695981513	0.643108079742636	2.26045464538927E-4	99.9479646513872
636	0.554304306867141		0.848528028836012		1.02063095569611	0.554084211419526	0.86099231363171	0.643541414536409	2.05870075659712E-4	99.9526078968758
634	0.569267545027565		0.871620338008876		1.01923584938049	0.569047449579951	0.883351927646825	0.64419109957211	1.94519773640015E-4	99.9552201960407
632	0.582186895867055		0.891587547401747		1.0177036523819	0.581966800419441	0.902344704174548	0.644949538382691	2.15528338072305E-4	99.9503850784386
630	0.595938668883395		0.912716929336362		1.01619136333466	0.595718573435781	0.922475331852791	0.645782659834687	1.24107135451181E-4	99.9714273587545
628	0.610181326907539		0.934931543200233		1.01451146602631	0.609961231459924	0.943487339886954	0.646496466537652	2.7386275157867E-4	99.9369606492221
626	0.625761679933662		0.958876251966859		1.01275491714478	0.625541584486047	0.966103885381664	0.647488943944081	1.99989272343401E-4	99.9539613693058
624	0.641714463073043		0.983536454810217		1.01092803478241	0.641494367625428	0.989290846004898	0.648438596410759	2.06565334921716E-4	99.9524478835123
622	0.655378872503306		1.00467931727456		1.0092089176178	0.655158777055691	1.00894608895139	0.649349637438615	1.93516292850896E-4	99.95545115283
620	0.664862965177811		1.01935742756747		1.00772297382355	0.664642869730197	1.02225200109653	0.650175171109725	2.22694684279776E-4	99.9487357985531
618	0.673651791436638		1.03304737380183		1.0068142414093	0.673431695989024	1.0351133997021	0.650587361909174	2.08931218268075E-4	99.9519033792702
616	0.680953880030507		1.04447411051155		1.00664889812469	0.680733784582893	1.04644612092825	0.650519669353875	2.27390661871467E-4	99.9476550699101
614	0.687986837460901		1.05543538762839		1.00700271129608	0.687766742013287	1.05785195765387	0.650154057037085	2.48346920129187E-4	99.9428323553104
612	0.695084253204026		1.06650584290642		1.00780045986176	0.694864157756411	1.06984679896398	0.649498749194094	2.50556850527162E-4	99.9423237922258
610	0.704263514947132		1.08076952662628		1.00835275650024	0.704043419499518	1.08481592314669	0.648998050708293	2.59624668035089E-4	99.9402370761144
608	0.714211876418611		1.09613964833		1.0085117816925	0.713991780970997	1.10048795600838	0.648795633857496	2.13810397407331E-4	99.9507804534151
606	0.726026020353338		1.11435240460488		1.00798010826111	0.725805924905723	1.11826589005454	0.649045930275424	2.24672483506129E-4	99.9482806279478
604	0.739391203100226		1.1348862872743		1.00688087940216	0.739171107652612	1.13772156548526	0.649694204695275	2.1476485088095E-4	99.9505607907928
602	0.75353483158375		1.15663417750722		1.00539457798004	0.753314736136136	1.1579073352592	0.650582920754625	2.29881444536031E-4	99.9470818478612
600	0.769952938207599		1.18164316635993		1.00393652915955	0.769732842759985	1.18133554602076	0.651578499735125	2.49481893406013E-4	99.9425711677972
598	0.788683859153262		1.21007672215452		1.00287997722626	0.788463763705648	1.20860774153657	0.652373583759468	2.74080290501125E-4	99.9369105906231
596	0.807707016120707		1.23900848107212		1.00218975543976	0.807486920673092	1.23677104213512	0.652899278171222	2.66891593714443E-4	99.938564818627
594	0.828332676743857		1.27038995982856		1.00178515911102	0.828112581296242	1.26770924214534	0.653235421629356	2.84943576353678E-4	99.9344108359765
592	0.847986381194133		1.30031553679638		1.00154709815979	0.847766285746519	1.29737986263698	0.653444924005064	2.92296115245056E-4	99.9327189760678
590	0.867094961440045		1.32935530718816		1.00122630596161	0.86687486599243	1.32603969822544	0.653732212657373	3.08655330452991E-4	99.9289547328321
588	0.884580372136778		1.35578284126225		1.00070452690125	0.884360276689164	1.35179479890203	0.654211924330133	2.7132081199921E-4	99.9375455851808
586	0.899455402594918		1.37823638121159		0.999973237514496	0.899235307147304	1.37325988072132	0.654818013524846	2.8059505772249E-4	99.9354114676703
584	0.913530732433696		1.39945944020882		0.999053955078125	0.913310636986081	1.39320041427621	0.655548640114755	2.80313899533829E-4	99.9354761649427
582	0.926675257222481		1.41922956097943		0.998229086399078	0.926455161774867	1.41178522825436	0.656229533525018	2.98926622799243E-4	99.9311932841292
580	0.939366408905168		1.43834275304173		0.997582137584686	0.939146313457554	1.42993723413	0.65677450103532	3.12626841659191E-4	99.9280409124511
578	0.952760586402917		1.45843405423098		0.997147619724274	0.952540490955303	1.44934838808101	0.657219822914005	3.34221155335157E-4	99.9230723395046
576	0.968185643103977		1.48171540423561		0.996688485145569	0.967965547656363	1.47188529205317	0.657636537903114	3.23084193197723E-4	99.925634779942
574	0.984332287326568		1.50601199349399		0.996220171451569	0.984112191878953	1.49539845010691	0.658093628362794	3.81742199746981E-4	99.9121392303468
572	1.00336153621293		1.53458449215912		0.9957315325737	1.00314144076532	1.52311550573439	0.6586115347054	3.40310052535001E-4	99.9216714074743
570	1.02241625964754		1.56320741684943		0.995352268218994	1.02219616419992	1.55102525902101	0.659045465736079	3.91911378897504E-4	99.9097997749996
568	1.03979978649458		1.58919886327878		0.995181918144226	1.03957969104696	1.57662602551995	0.659369865916126	4.0502939880237E-4	99.906782009398
566	1.05970499851221		1.61892580651937		0.995282471179962	1.0594849030646	1.60637203311254	0.65955138736555	4.07530732829828E-4	99.9062065945028
564	1.08034152369831		1.64972217114241		0.995623111724854	1.08012142825069	1.63758339457888	0.659582548178228	3.9873349573124E-4	99.9082303537845
562	1.10387972642408		1.68500550840377		0.996170461177826	1.10365963097646	1.67363188369017	0.659439893402971	4.48574914927166E-4	99.8967651326713
560	1.13026461065703		1.72429422040498		0.99668163061142	1.13004451520941	1.71364901949549	0.659437552470404	4.19254760670298E-4	99.9035096057394
558	1.15795207575635		1.76566783596232		0.997178435325623	1.15773198030874	1.75576008012816	0.659390763813374	4.61953565133574E-4	99.8936878122175
556	1.18569938399509		1.80690914072917		0.997675478458405	1.18547928854747	1.79778067639866	0.659412632536603	4.82311596539299E-4	99.8890052955043
554	1.21407643130602		1.84879896966335		0.99818366765976	1.2138563358584	1.84051016086855	0.65952167049465	4.52988441840465E-4	99.8957499348285
552	1.24450830618442		1.89383559179784		0.998678505420685	1.2442882107368	1.8863996785199	0.659610062970902	4.47671687534027E-4	99.8969728939769
550	1.27213203104962		1.93464872517968		0.999059557914734	1.27191193560201	1.92789419798589	0.659741565139209	4.84333461152346E-4	99.8885402617926
548	1.30000259185134		1.97553267154952		0.999196529388428	1.29978249640373	1.96900961038878	0.660119935192742	4.89524811973939E-4	99.8873462485645
546	1.32793974933249		2.01631227465806		0.99907249212265	1.32771965388487	2.00950696313596	0.660719110827505	5.11632251141968E-4	99.8822616865471
544	1.35661487983314		2.0580919571083		0.998806416988373	1.35639478438553	2.0507016018518	0.661429621530842	5.49959376570336E-4	99.8734473193053
542	1.38232094784566		2.09504234514425		0.998482644557953	1.38210085239804	2.0869311689345	0.662264703777311	5.66331312380045E-4	99.8696823834913
540	1.40370028491843		2.12530535283582		0.99831360578537	1.40348018947082	2.11678983288733	0.663022926350912	5.62859824576272E-4	99.8704806846082
538	1.42315171184266		2.15280698358531		0.998360693454742	1.42293161639505	2.14434622310809	0.663573634267232	5.98562057137238E-4	99.8622709266661
536	1.44459246859293		2.18292134381654		0.998661279678345	1.44437237314531	2.17506588793455	0.664059135476071	6.15884583482194E-4	99.8582878405522
534	1.46732959618762		2.21480057220478		0.999168038368225	1.46710950074001	2.20802230512818	0.664445054441984	6.03574762391708E-4	99.8611183049724
532	1.48764081192677		2.24281448078425		0.999805629253387	1.48742071647916	2.23743975574253	0.664786934558395	6.24470630213562E-4	99.8563136514101
530	1.50584581795755		2.26763474435695		1.0004802942276	1.50562572250993	2.26378175604366	0.665093142698201	6.48447339256514E-4	99.8508008949999
528	1.52675199341112		2.29605969785665		1.00102841854095	1.5265318979635	2.29347618043396	0.665597450275092	6.21507434100727E-4	99.8569949744806
526	1.54557964592378		2.32136891162271		1.0014044046402	1.54535955047616	2.31968236783025	0.66619446347805	6.45787399798486E-4	99.8514124567619
524	1.56597903671141		2.34878911170845		1.00163662433624	1.56575894126379	2.34768536495912	0.666937301153664	6.64422801335018E-4	99.8471279647392
522	1.58738161597159		2.37773631862403		1.00181710720062	1.58716152052397	2.37710819669973	0.667685855750075	6.90916392403914E-4	99.8410371015054
520	1.61145631924453		2.41009692152207		1.0020604133606	1.61123622379692	2.41011279183841	0.668531460126346	6.93900246473786E-4	99.8403511382388
518	1.63885184403741		2.44748291502503		1.00242054462433	1.63863174858979	2.44845545209947	0.66925119964291	7.28780801538364E-4	99.8323327379006
516	1.67071656436907		2.49125266338529		1.00289297103882	1.67049646892145	2.49350574698491	0.66993888862754	7.24911240804945E-4	99.8332222472354
514	1.70851641163014		2.54344036093066		1.00349617004395	1.70829631618252	2.5473756430723	0.67061028899617	7.55282507957002E-4	99.8262409118222
512	1.7494527920818		2.60009871763786		1.00418245792389	1.74923269663418	2.60601311317658	0.671229430039961	7.93432440028757E-4	99.8174722140758
510	1.79325368057865		2.66037299474077		1.00497353076935	1.79303358513104	2.66864012604206	0.671890363797512	7.90282045007994E-4	99.8181962978971
508	1.85261258781217		2.74331789431168		1.00580215454102	1.85239249236455	2.75426663985128	0.672553799099341	7.8764880811276E-4	99.8188015226124
506	1.91674329312232		2.83333483731136		1.00663805007935	1.91652319767471	2.84717011790163	0.673132660962031	8.84890981484316E-4	99.7964537586073
504	1.99303746762215		2.940367615204		1.00742840766907	1.99281737217454	2.95723342242824	0.673878956277383	8.53662304651592E-4	99.8036300488551
502	2.0787885585881		3.06018547605335		1.00814700126648	2.07856846314049	3.08013681921297	0.674829913455468	8.89619596644739E-4	99.7953671768642
500	2.16676345569751		3.18299931345324		1.00866842269897	2.16654336024989	3.20560832947304	0.675860285341236	8.82034672641245E-4	99.7971101114799
498	2.27260761543083		3.33125736217723		1.00904226303101	2.27238751998321	3.35639505331336	0.677032197905298	9.17428434018162E-4	99.7889772631004
496	2.4263928369843		3.54932537155978		1.00876116752625	2.42617274153669	3.57543858012937	0.678566471542883	9.55209039952241E-4	99.7802966921914
494	2.64143447919144		3.85479489182356		1.00816118717194	2.64121438374383	3.88127453258091	0.680501820103798	9.40382119143489E-4	99.7837032742996
492	2.83317736905028		4.12405234924376		1.00794267654419	2.83295727360266	4.15182938062822	0.682339521662617	0.00103027274853187	99.7630520985234
490	2.93466048876196		4.25930399665254		1.00791668891907	2.93444039331434	4.2880447273012	0.684330640170634	0.0010151291861648	99.7665308310526
488	2.96880719760989		4.29781334464319		1.00887954235077	2.96858710216227	4.33099234989509	0.685428849172218	0.00112810154931985	99.7405820902499
486	3.04743342288165		4.40023707958549		1.00954282283783	3.04721332743404	4.43724087568463	0.68673606252306	0.001058397619726	99.7565916615235
484	3.23695069995641		4.66175001799366		1.01009511947632	3.23673060450879	4.70382132639222	0.68810662223672	0.00111745446156377	99.7430273429343
482	3.45124237634623		4.95575847873292		1.01073944568634	3.45102228089862	5.00398777993919	0.689654418168975	0.00117463001524111	99.7298968803739
480	3.56830500039019		5.10625612949875		1.01162850856781	3.56808490494258	5.16063708309307	0.691403957978774	0.00117211131108268	99.7304752686447
478	3.56008630901678		5.07792670090101		1.0127238035202	3.55986621356917	5.1375346424956	0.692913325415542	0.00121535685694553	99.720544946485
476	3.60186360621313		5.12194988676026		1.01399922370911	3.60164351076552	5.18864430876029	0.694139604960906	0.00125022230014976	99.71253963768
474	3.8133589032196		5.40749478308022		1.01552999019623	3.81313880777199	5.48645666215587	0.695009373549601	0.00122690029074658	99.7178944356931
472	4.220827246318		5.96899502986001		1.01726651191711	4.22060715087038	6.06703371380544	0.695662386260761	0.00129491385062151	99.7022791372573
470	4.74628364802697		6.69561347910502		1.01911818981171	4.74606355257936	6.81858730181199	0.696047926425776	0.00130764345311233	99.6993568072864
468	5.22612024767214		7.3553497460001		1.02110064029694	5.22590015222453	7.50550835575108	0.696275309349325	0.00130279530754404	99.7004697841095
466	5.45443765398639		7.64979725458917		1.02326714992523	5.45421755853878	7.82273155270093	0.697226732349727	0.00142252560845473	99.6729872292472
464	5.33900665835388		7.45071473585341		1.02553856372833	5.33878656290627	7.63592938723722	0.699166570585314	0.00147369638299727	99.6612439451218
462	5.11998213530328		7.11777328210566		1.027627825737	5.11976203985566	7.30934565983262	0.700440542576954	0.00145706430511631	99.6650607224015
460	4.93915132792038		6.8528499091408		1.02919805049896	4.93893123247276	7.04785578818908	0.700770756511435	0.00150449950068421	99.6541755427167
458	4.78764210001015		6.63598449496829		1.03004312515259	4.78742200456254	6.83026205454509	0.700913371453562	0.00152725307948725	99.6489545928024
456	4.59201597774496		6.36575510151682		1.03006207942963	4.59179588229734	6.55203469026266	0.700819836793823	0.00158377885678525	99.6359855860559
454	4.39220303909025		6.09886154789578		1.02918720245361	4.39198294364263	6.27178632955676	0.700276239154504	0.00162714210197207	99.6260376724583
452	4.2507850611397		5.91990264236086		1.02735614776611	4.25056496569209	6.07677349368038	0.699477275253474	0.00157884187825954	99.6371182357617
450	4.10944815008336		5.74383274072065		1.02460694313049	4.10922805463575	5.88010960657389	0.698835281920882	0.00167595356234098	99.6148410781519
448	3.89744746489532		5.46655011975831		1.02102768421173	3.8972273694477	5.57645539029131	0.698871791610283	0.00168814078988073	99.6120457129074
446	3.57055223915075		5.02636196233752		1.01675081253052	3.57033214370313	5.10553511683316	0.699306157337279	0.00176750588218245	99.5938437849278
444	3.27451002109539		4.62693953473432		1.0121191740036	3.27428992564778	4.67801460673947	0.699931530981243	0.00185888520770475	99.5728905808876
442	3.09845561750199		4.39079538772868		1.00782012939453	3.09823552205438	4.42015359868075	0.700933904871335	0.00196334878072502	99.5489425698908
440	3.04118878667613		4.31494521469192		1.0045450925827	3.04096869122852	4.32959484091252	0.702367958889103	0.00205359567956128	99.5282583329335
438	3.02336648694266		4.28916571284181		1.00285410881042	3.02314639149505	4.29645361225587	0.703637619377841	0.00209293038903718	99.5192443159364
436	3.00610118671868		4.26078001471304		1.00277864933014	3.00588109127107	4.26766575476126	0.704338451978703	0.00221664322462063	99.4908993679295
434	2.96931626010785		4.20087625030397		1.00421047210693	2.96909616466024	4.2136033762518	0.704645382950445	0.00230070626080715	99.471643544877
432	2.94549982709755		4.1560676103463		1.00665414333344	2.94527973164994	4.17875006248102	0.704823137926861	0.00236067716553455	99.4579086418333
430	2.94822104046558		4.14662029837233		1.00962591171265	2.94800094501797	4.18154800203646	0.705002296657185	0.00247605237761702	99.4314900395081
428	2.96064179236908		4.15008668996004		1.01240730285645	2.96042169692146	4.19657703579862	0.705437234123855	0.00254634306711849	99.4153983258894
426	2.95353898966308		4.12917376279751		1.01423370838165	2.95331889421547	4.18293715940767	0.706039508045987	0.00264662973813778	99.3924441122937
424	2.9289761259917		4.0893554377613		1.01462960243225	2.92875603054409	4.14416906781653	0.706717313559599	0.00268700431106266	99.3832044347862
422	2.8977569684016		4.04839589446794		1.01337480545044	2.89753687295399	4.09753658611987	0.707141183990693	0.00272574709096971	99.3743389989174
420	3.40067202010299		4.76607973437365		1.01114857196808	3.40045192465538	4.81421989850662	0.706334981854527	0.00282160976798508	99.3524063259065
418	3.27203028965999		4.60571206167461		1.0079870223999	3.27181019421237	4.63751878554448	0.705508774306396	0.00291135820038936	99.3318769343927
416	3.08846987291299		4.37263932823092		1.00422537326813	3.08824977746538	4.38615474162286	0.70409047545886	0.00298529024159899	99.3149686298333
414	2.91027196102738		4.14691151663288		1	2.91005186557976	4.14197176897387	0.702576460655284	0.00305668875863452	99.2986424757432
412	2.75048993041583		3.94628527475877		0.995681941509247	2.75026983496822	3.92432656658146	0.700825934923153	0.00316401559109671	99.2741059171661
410	2.63144113694622		3.79922826362763		0.991583049297333	2.6312210414986	3.762352176578	0.699355328264829	0.00326961342049437	99.249970552421
408	2.53010681362066		3.67284018307796		0.988153755664825	2.52988671817305	3.62444959066388	0.698005767465966	0.00338565950878025	99.2234539083464
406	2.44378968994213		3.56319169962938		0.985654711723328	2.44356959449452	3.50720780195831	0.696727919323773	0.00352432485722067	99.1917780315099
404	2.36795981719826		3.46559261066389		0.98426741361618	2.36773972175064	3.40620784289324	0.695124851729388	0.00368807300923851	99.1543854111887
402	2.33310300337269		3.42265799901905		0.984128773212433	2.33288290792508	3.36347486989669	0.693593083987197	0.00381635854096454	99.1251006859858
400	2.33439214155114		3.4282261630593		0.985299050807953	2.33417204610352	3.37296085573765	0.692024647168058	0.00396941178582207	99.0901733592258
398	2.36824126006823		3.4775823445027		0.987817049026489	2.36802116462061	3.43033556233781	0.690317644320131	0.00409652904348492	99.0611740779108
396	2.41629439952465		3.54412079882667		0.991658091545105	2.41607430407704	3.50965752683352	0.688407425968103	0.00427364733000217	99.0207822036616
394	2.44922502683447		3.5852190994437		0.996615350246429	2.44900493138686	3.56816136015895	0.68634926624444	0.00443991465923498	98.9828798804192
392	2.46208083732998		3.59391261015115		1.0025714635849	2.46186074188236	3.59820177551523	0.684191964618174	0.00456122922438484	98.9552341503045
390	2.46509150138045		3.58658172639138		1.0093150138855	2.46487140593283	3.61500502349714	0.681844531310866	0.00470020980297071	98.9235720962222
388	2.46930296864878		3.58039010043956		1.01699423789978	2.46908287320116	3.63621240667455	0.679026029576537	0.0048886904006524	98.880649311288
386	2.48534258772531		3.58978572296061		1.02549052238464	2.4851224922777	3.67622557188052	0.675998369438051	0.00503031199443209	98.8484100065813
384	2.50704922826358		3.60740964623003		1.03449034690857	2.50682913281596	3.72672033510041	0.672663604297106	0.00519985732717748	98.8098278547479
382	2.53765115196942		3.63895959971725		1.04369103908539	2.53743105652181	3.79279395545158	0.669013683929396	0.00541422125886126	98.7610682285315
380	2.56859136668954		3.67141667966568		1.0526317358017	2.56837127124193	3.85944997721505	0.66547598398859	0.005572127423171	98.7251659839667
378	2.58960909609775		3.69176469472109		1.06117713451386	2.58938900065013	3.91237433277753	0.661845922808679	0.00577078499666539	98.6800168563947
376	2.59810611022395		3.69477036853721		1.06922745704651	2.59788601477633	3.94526821169393	0.658481470810045	0.0059047267491742	98.6495874197907
374	2.59689015319756		3.68621728507529		1.07646524906158	2.59667005774994	3.96276734117962	0.6552668461674	0.00617023902752344	98.5892949850518
372	2.59758450866353		3.68098538568213		1.08239138126373	2.59736441321592	3.97892011572836	0.652781241560679	0.00640099554448267	98.5369248068596
370	2.60298299741149		3.68389707512362		1.08660447597504	2.60276290196388	3.9975714989442	0.651086016260446	0.00663806301718372	98.4831513279103
368	2.60571819027166		3.68383026604186		1.08728444576263	2.60549809482404	4.0000004383013	0.651374452331444	0.00690703582278969	98.4221763685874
366	2.6183421306509		3.69893296373542		1.08414971828461	2.61812203520329	4.00484170455448	0.653739205778308	0.00723744175422554	98.3473264563363
364	2.63335231857921		3.71822526102161		1.07767069339752	2.63313222313159	4.00169897396844	0.658003573047461	0.00744945294020351	98.2993275854649
362	2.65409729164084		3.74645715788146		1.06871128082275	2.65387719619323	3.99860186369946	0.663701285263218	0.00775601062049724	98.2299650169096
360	2.68005977933007		3.78198814895042		1.05907070636749	2.67983968388246	4.00016131833989	0.669932902854682	0.00802879146390616	98.1682860398119
358	2.71609628309233		3.83270873468525		1.04836678504944	2.71587618764471	4.01290586684064	0.676785421279499	0.00840711258575476	98.0828072550494
356	2.75565563840301		3.88807284335075		1.03684234619141	2.75543554295539	4.02619682951051	0.684376760410491	0.0087038578294579	98.0158120102046
354	2.78976897322763		3.93631913222046		1.02479386329651	2.78954887778002	4.02885346758897	0.69239273659893	0.00905855169636497	97.9357939212497
352	2.83049602384615		3.99420699087587		1.01273274421692	2.83027592839853	4.04006156263767	0.700552673398052	0.00932628888906037	97.8754363187393
350	2.86014777421594		4.03713947849729		1.00126516819	2.85992767876833	4.03730114167347	0.708376110280167	0.00967520392870866	97.7968341292412
348	2.88956881169604		4.08038539629324		0.990810453891754	2.88934871624843	4.03799415293445	0.715540589415839	0.0100326354726248	97.7163788292879
346	2.91185675838433		4.11432913150917		0.981342911720276	2.91163666293671	4.0327201433399	0.722003154060994	0.0104119461125161	97.6310710892554
344	2.92908810841313		4.14182677788367		0.972720801830292	2.92886801296551	4.02403606912146	0.727843379794793	0.0107814720054187	97.5480355772688
342	2.94013909225569		4.16123705368502		0.964752793312073	2.93991899680808	4.00979943582403	0.73318355290853	0.0111722526551804	97.4603007770086
340	2.94762555218671		4.17639806192522		0.957048177719116	2.9474054567391	3.99228657809972	0.738275020863364	0.0115129047272023	97.3838848024777
338	2.95213003214918		4.18883937535207		0.950148642063141	2.95190993670157	3.97532654978103	0.742557850213378	0.0119581253740832	97.2841020478567
336	2.95208166545016		4.19610797151443		0.944044172763824	2.95186157000254	3.95664793880361	0.746051105799196	0.0123577846248051	97.1946175884349
334	2.93865732712489		4.18686002233263		0.938558220863342	2.93843723167728	3.92497565279001	0.748651072418382	0.0128360449667266	97.0876423739658
332	2.91597502008662		4.16687418989296		0.933434963226318	2.91575492463901	3.88489512303699	0.7505363291145	0.0132740199987407	96.9897812887117
330	2.87841687082263		4.12957598203418		0.928119659423828	2.87819677537502	3.82815597709546	0.751849400232327	0.0137210474561488	96.8899992499151
328	2.82059916109272		4.06783978599181		0.923022568225861	2.82037906564511	3.75014842782688	0.75207131662238	0.0142380128909233	96.7747341872999
326	2.75271787474287		3.99532502065656		0.918195605278015	2.75249777929526	3.66395422103246	0.751236946000825	0.0147610216050721	96.6582612246061
324	2.67908101224414		3.91742953756938		0.913534343242645	2.67886091679652	3.57419379066932	0.749500747214624	0.0153190465261701	96.5341447934918
322	2.59412937195859		3.82604876889155		0.908978700637817	2.59390927651097	3.47330671311539	0.746812617128294	0.0158923311760783	96.4068002488577
320	2.51469058809632		3.74147715545995		0.904343068599701	2.51447049264871	3.37911170530827	0.744121743208048	0.0165228287889129	96.2669408705359
318	2.43663464114259		3.65660927493969		0.899914681911469	2.43641454569498	3.28619102108859	0.741409896764884	0.0172188719583221	96.1127775483486
316	2.36650857696968		3.58243720980638		0.895963847637177	2.36628848152207	3.20530839109778	0.738240503813624	0.0179724817626239	95.9461424023919
314	2.30762246392373		3.52261131160793		0.892610192298889	2.30740236847611	3.13990949114078	0.734862700656317	0.0187345672425431	95.7779269426115
312	2.26144036694029		3.48059786451019		0.88999992609024	2.26122027149268	3.09333546711248	0.730997428353106	0.0195213814432679	95.6045625256426
310	2.21164126069397		3.43367750092814		0.888025283813477	2.21142116524635	3.04480581646879	0.726293004724697	0.0203828865292494	95.4151008074105
308	2.16221826284458		3.38746663929638		0.887133359909058	2.16199816739696	3.000752446361	0.720485346939836	0.0213075297626308	95.2121715068944
306	2.10466083875816		3.32913184949041		0.887335538864136	2.10444074331054	2.94967378996647	0.713448636411577	0.0222266941392785	95.0108724027173
304	2.04737822912377		3.27226479161218		0.888603985309601	2.04715813367615	2.90335805535864	0.705100127040058	0.0233615322805299	94.7629272497313
302	1.98252585633603		3.20581762879175		0.891015827655792	1.98230576088842	2.8520328544826	0.695050114087145	0.0244514662196841	94.5254021661457
300	1.91261677458412		3.13077132538068		0.894482612609863	1.91239667913651	2.79600199621888	0.683975434110097	0.0256342904038437	94.2683074564197
298	1.83832790769347		3.04920379885114		0.900495111942291	1.83810781224585	2.74134489756014	0.670513153555326	0.0269783391485486	93.9770181329775
296	1.75500365265532		2.95287168253684		0.909423410892487	1.75478355720771	2.68091831529548	0.654545700701179	0.0283956077286776	93.6708351377627
294	1.66488559149198		2.84578816733973		0.92107892036438	1.66466549604436	2.61664559531836	0.636183019596823	0.0299938700208854	93.3267473586389
292	1.57232912701806		2.73138054816797		0.934718489646912	1.57210903157045	2.54845462716345	0.616887196975637	0.0316181079550604	92.9783622349184
290	1.47494875143061		2.60783289729446		0.948803901672363	1.474728655983	2.46963517601037	0.597144335450139	0.0334752941728238	92.5816050769872
288	1.37620259459862		2.47884678941142		0.962523102760315	1.37598249915101	2.38119268176812	0.577854328919444	0.0353480410498079	92.1832379999314
286	1.2639295310824		2.32526390184152		0.97529125213623	1.26370943563478	2.26299184969459	0.558424209881858	0.0374668558815687	91.7345941949019
284	1.15589132106488		2.17314103867984		0.986907541751862	1.15567122561727	2.13981420614457	0.540080172520916	0.0394622040627447	91.3140900991855
282	1.05147237403339		2.02364027267565		0.996903836727142	1.05125227858577	2.01245029859218	0.522374281402717	0.0415521759371489	90.8757114849759
280	0.954558699799053		1.88391946268707		1.00535523891449	0.954338604351438	1.88904210031751	0.505197107142839	0.043664180356014	90.434849389048
278	0.861671420812302		1.7459401614806		1.00982344150543	0.861451325364687	1.75810302954769	0.489989102394252	0.0457138578884153	90.0090425689007
276	0.777984281559297		1.6196932650124		1.01022160053253	0.777764186111682	1.63125888276627	0.476787709374958	0.0477158587199885	89.5950758106314
274	0.697802137409474		1.49689697155776		1.00653350353241	0.69758204196186	1.50170493169129	0.46452670377543	0.0499959250049942	89.1259300800811
272	0.632627124547342		1.39577118827043		0.99854451417923	0.632407029099728	1.38880710517052	0.455359874488891	0.0519951627197966	88.716589345781
270	0.580533532226201		1.31573589928359		0.988452672958374	0.580313436778586	1.29565995977686	0.447890229531001	0.0539593569580161	88.3162546490367
268	0.536461729423788		1.24869468861398		0.972882628440857	0.536241633976173	1.21002757609256	0.443164804316122	0.0560456164524876	87.8930192878445
266	0.50152842542519		1.19632256205323		0.953488886356354	0.501308329977576	1.13597027292083	0.44130409212963	0.0578556024286509	87.5274744935488
264	0.471272536874212		1.15110196927738		0.931065678596497	0.471052441426598	1.06715230665276	0.441410695071356	0.0598139819681903	87.1336723030058
262	0.445761453907302		1.11399666394469		0.906938552856445	0.445541358459687	1.00584647469155	0.442951652831824	0.0615886475848027	86.7783428468453
260	0.419486489412682		1.07355284177963		0.883175373077393	0.419266393965067	0.943772768075358	0.444245064222482	0.0634250490668498	86.4121778732031
258	0.393853461866181		1.03154448013108		0.859192788600922	0.393633366418566	0.882051382883575	0.446270335330933	0.0650613469227266	86.0872139801705
256	0.366753989623391		0.984529716219822		0.834685504436493	0.366533894175776	0.817649547049103	0.44827749920317	0.0669121215506238	85.7211282334614
254	0.338684821644729		0.932935746089067		0.80953711271286	0.338464726197115	0.75124720117815	0.450537087747301	0.0686176653022008	85.3851478363989
252	0.30974932188242		0.876260925758888		0.784095585346222	0.309529226434806	0.683199089166777	0.453058605233658	0.0702834798978232	85.0582650544988
250	0.280919572241759		0.817233870941038		0.758817315101624	0.280699476794144	0.616382845701689	0.455397937745325	0.0722563813919195	84.6727409534244
248	0.253764789940596		0.759299630755051		0.735633492469788	0.253544694492981	0.554932395381035	0.456892941560727	0.0740691417273838	84.320050558515
246	0.227208674018877		0.700733778938287		0.715051770210266	0.226988578571262	0.497528753767978	0.456232080763553	0.0760491037803272	83.9365077810544
244	0.201534713855352		0.641723150206797		0.697206974029541	0.201314618407737	0.443969829202572	0.453442115130491	0.0782717300732627	83.5080360310233
242	0.177342988793326		0.583755195726511		0.681808710098267	0.177122893345711	0.394641414031848	0.448819832506016	0.0807268185939471	83.0372927301452
240	0.154249851983746		0.525706078831999		0.667849898338318	0.154029756536131	0.347793741331894	0.442876734774658	0.0833877017088499	82.5300861192471
