Wavelength	I1	I1 dark	R1	R1dark	XCorrect	I1c	R1c	I1c/R1c	Abs	Percent T
nm	uA	uA	uA	uA		uA	uA	uA/uA	OD	T*100
	Abs Detector Raw	Dark Offset for Abs Detector	Ref Detector Raw	Dark Offset for Ref Detector	Linear interp	Dark subtracted Abs Detector	Corrected Ref Detector	Corrected Intensity 	-Log(T)	% Transmittance
800	0.143367253760629	2.2473062902298E-4	0.209098135150813	0.00494270354584747	1.35067892074585	0.143142523131606	0.275748438024598	0.519105472208828	5.66455606729188E-4	99.8696538009605
798	0.144228748889633		0.21058770156637		1.34199333190918	0.14400401826061	0.275974216084018	0.521802436126023	6.7891401199602E-4	99.8437963966761
796	0.155945849901773		0.227578271109075		1.33337259292603	0.15572111927275	0.296856163999338	0.524567579041741	5.93400515116597E-4	99.8634577857955
794	0.166656659032559		0.242752538397685		1.32502686977386	0.166431928403536	0.315104421075169	0.5281802389051	6.26061047618675E-4	99.8559479711285
792	0.162652188757423		0.236676201523161		1.31713449954987	0.1624274581284	0.305224184887288	0.532157889743829	4.357134646812E-4	99.8997235775811
790	0.15256488838269		0.222328459042039		1.30966234207153	0.152340157753667	0.284701937676132	0.535086480257696	4.52824063661028E-4	99.8957877448521
788	0.149360904096787		0.218053399092081		1.30193436145782	0.149136173467764	0.277456137325818	0.537512613363577	4.95194086128243E-4	99.8860423290401
786	0.152593874970099		0.222774728571506		1.29363858699799	0.152369144341076	0.281795913057103	0.540707431445963	4.04968725031676E-4	99.9067959670278
784	0.156736619704522		0.228732665864594		1.28498160839081	0.156511889075499	0.287565985722061	0.544264262278819	3.79468284362276E-4	99.9126623600543
782	0.162088509560456		0.236498142975898		1.27644824981689	0.161863778931433	0.295568535396071	0.547635352032756	4.51311238950941E-4	99.896135723207
780	0.171280554659225		0.249730813363697		1.268270611763	0.171055824030202	0.310457565790993	0.550979724376762	3.68450295032948E-4	99.9151971622629
778	0.184060356549077		0.268222951503918		1.26044166088104	0.183835625920054	0.331849393013442	0.553973066669455	5.61947033227611E-4	99.870690590583
776	0.200156467095722		0.291232250423207		1.25292003154755	0.199931736466699	0.358697908105315	0.557381941597492	3.34988781260354E-4	99.922895723231
774	0.222997841287289		0.324052986376047		1.24577045440674	0.222773110658266	0.39753816204724	0.560381698982132	4.66350924211121E-4	99.8926763644341
772	0.275949079784203		0.400434563524454		1.23883104324341	0.27572434915518	0.489947593491573	0.562762942032742	3.31874640008115E-4	99.9236122304403
770	0.373147856480166		0.540567221045566		1.23221707344055	0.372923125851143	0.660005675416511	0.565030180408376	3.59334588250163E-4	99.9172943733424
768	0.443871764583798		0.6402261665702		1.22665858268738	0.443647033954775	0.779275912358182	0.56930674606924	3.82972698951121E-4	99.9118561467739
766	0.41888835007181		0.60227647922184		1.22236526012421	0.418663619442787	0.730160056085159	0.573386089739697	4.52000995202128E-4	99.8959770660464
764	0.352598186152122		0.507047377429505		1.2186872959137	0.352373455523099	0.611908587280903	0.575859634670135	3.30458382461204E-4	99.9239380872186
762	0.322154671564296		0.464746400120504		1.214359998703	0.321929940935273	0.558367216376036	0.576555950087276	2.85767795371629E-4	99.9342211771915
760	0.328577818816462		0.474046512998382		1.20898902416229	0.328353088187439	0.567141356820833	0.578961636703863	2.62818706634468E-4	99.9395020637799
758	0.346972289568157		0.500281970962398		1.2031888961792	0.346747558939134	0.595986706397132	0.581804183243109	3.62864093812302E-4	99.9164823501003
756	0.372272507667746		0.53615862822871		1.19780671596527	0.372047777038723	0.636294002212834	0.584710488775402	2.65172094681204E-4	99.9389605054546
754	0.397744209531298		0.57200357315384		1.1931779384613	0.397519478902275	0.676604519380938	0.587521170071384	2.91141552457039E-4	99.9329846454622
752	0.420681862027534		0.604182487515005		1.18890511989594	0.420457131398511	0.712439247206266	0.59016559383453	3.03014006915268E-4	99.9302527811594
750	0.449937795138172		0.645400879684289		1.1848680973053	0.449713064509149	0.758858460564776	0.592617843615334	2.62804988288593E-4	99.9395052206348
748	0.493629546062222		0.707125308758939		1.18107759952545	0.493404815433199	0.829332145793607	0.594942349619221	1.99184654334101E-4	99.9541465543248
746	0.549407345521962		0.785670642307392		1.17750906944275	0.549182614892939	0.919314228659062	0.597382916278792	2.91601717610372E-4	99.9328787595835
744	0.600829671366293		0.857278361442649		1.174187541008	0.60060494073727	1.00080191025928	0.600123695389102	2.90739841208526E-4	99.9330770809507
742	0.650624259485195		0.925882505150454		1.17108881473541	0.650399528856172	1.0785023007038	0.603058081963976	2.35767528386026E-4	99.9457272533587
740	0.726069177396622		1.030920828095		1.16803753376007	0.725844446767599	1.19838095829017	0.605687566834523	2.35835997420686E-4	99.9457114963385
738	0.836622853712684		1.18480291457728		1.16498303413391	0.836398123083661	1.37451712850128	0.608503237784775	2.34853076779088E-4	99.9459376995672
736	0.933981351553639		1.31877038413475		1.16204738616943	0.933756620924616	1.52673002210538	0.611605593264585	2.92775266132318E-4	99.9326087217898
734	0.983415946082671		1.38491062434898		1.15931880474091	0.983191215453648	1.59982276052628	0.614562587627028	2.62162619917856E-4	99.9396530420493
732	0.992620215149896		1.396925870883		1.15665113925934	0.992395484520873	1.61003891633034	0.616379811975462	2.80871984275164E-4	99.9353477441801
730	0.989404412855617		1.39370098197987		1.15388596057892	0.989179682226594	1.60246868012277	0.617284877075294	2.66448947958939E-4	99.9386666790142
728	0.987798240681859		1.39421069877471		1.15089321136475	0.987573510052836	1.59889910447521	0.617658429658685	2.75815435322019E-4	99.9365113116232
726	0.994276508783415		1.40711240038332		1.1476241350174	0.994051778154392	1.6091637854807	0.617744313614068	2.97504459881773E-4	99.9315205244604
724	1.00945160882043		1.43211992103534		1.14410185813904	1.00922687819141	1.63283610642343	0.618082166496197	2.60037259728069E-4	99.9401421301878
722	1.01856889058332		1.44788077546455		1.14027833938599	1.0183441599543	1.64535102848428	0.618922128059451	2.55046873321971E-4	99.9412905279063
720	1.00511952875962		1.43067157997668		1.13600122928619	1.0048947981306	1.61962975625425	0.620447231381225	3.54656725781834E-4	99.9183706059403
718	0.953129730688552		1.35726299018211		1.13137769699097	0.952905000059529	1.5299850114887	0.622819826929112	3.40118930832641E-4	99.9217153804119
716	0.855289967895907		1.21769529695318		1.12621939182281	0.855065237266884	1.36582548817874	0.626042817817866	3.95132902216489E-4	99.9090586636813
714	0.728741147905965		1.0373696943412		1.12039887905121	0.728516417276942	1.15673004318933	0.629806774334555	4.09329887713667E-4	99.9057927131972
712	0.597187865655747		0.851334754899015		1.11375534534454	0.596963135026724	0.942673671451724	0.633265946748461	3.70745505870512E-4	99.9146691200083
710	0.490337935052425		0.701671371097627		1.10628998279572	0.490113204423402	0.770783945639139	0.635863275560309	2.30442771871106E-4	99.9469526659462
708	0.411797369875535		0.59331233130844		1.09837675094604	0.411572639246512	0.64625152009721	0.636861386700649	1.45154881223544E-4	99.9665824383433
706	0.353696856191678		0.514496377949057		1.09038031101227	0.353472125562655	0.555607293973215	0.636190578123862	1.24151229596714E-4	99.9714172086037
704	0.311236002479507		0.458068864746796		1.0826700925827	0.311011271850484	0.490586142899075	0.633958533791009	1.11045624121628E-4	99.9744340687669
702	0.286049590531807		0.426217750066938		1.07555782794952	0.285824859902784	0.453105674005558	0.630812802179294	1.24333930794304E-4	99.9713751521315
700	0.27188930982667		0.40949660084176		1.0694442987442	0.271664579197647	0.432647858997861	0.627911530238245	4.01726429306255E-5	99.9907503349321
698	0.273086396919055		0.41432169268039		1.0649927854538	0.272861666290032	0.435985669944656	0.62585007971631	1.49710194658289E-4	99.9655338946782
696	0.289669341493906		0.440737199471811		1.06259047985077	0.289444610864883	0.463071082542294	0.625054385334991	3.50340895726448E-4	99.9193635562715
694	0.31686386988866		0.481847589932542		1.06203079223633	0.316639139259637	0.506487674310637	0.625166524912187	4.38787231409098E-4	99.8990165288559
692	0.343293079988132		0.520912444207599		1.06277585029602	0.343068349359109	0.54836017985881	0.625625933391883	3.70381334392683E-4	99.914752902072
690	0.362134048235601		0.548468420049639		1.06392598152161	0.361909317606578	0.578271131413531	0.625847112101072	4.18712010498557E-4	99.9036344580761
688	0.375473734156419		0.568171246203821		1.06461536884308	0.375249003527396	0.599621762684768	0.625809513395983	4.1742327443579E-4	99.9039309150032
686	0.38342638182972		0.580020776796121		1.0645604133606	0.383201651200697	0.612205351373926	0.625936461255536	3.70308120646851E-4	99.9147697457904
684	0.382968296504402		0.579430376102679		1.06376242637634	0.382743565875379	0.611118400482353	0.62630018270319	3.88430399574474E-4	99.9106005803413
682	0.376867682209931		0.570424924173331		1.06245732307434	0.376642951580908	0.60080072637401	0.626901624859955	3.11429642446812E-4	99.9283163797705
680	0.376064370750739		0.569841607220096		1.06094348430634	0.375839640121716	0.599325811144986	0.627104044465715	4.60128412529128E-4	99.8941076232332
678	0.382422176816643		0.579866174745957		1.05921316146851	0.38219744618762	0.608966507532316	0.627616529743777	4.2110416534778E-4	99.903084176377
676	0.390949549219093		0.593140970835492		1.05730748176575	0.39072481859007	0.62190642876699	0.628269463888213	4.34183639368213E-4	99.900075480268
674	0.398005277340313		0.604202343166781		1.05524814128876	0.39778054671129	0.632367620859361	0.629033703798312	3.51922576146661E-4	99.9189996552326
672	0.404222541414592		0.613976095263958		1.05312037467957	0.403997810785569	0.641385473678543	0.62988300696696	3.74347211436704E-4	99.9138405077586
670	0.410421352730154		0.623859806772316		1.0509113073349	0.410196622101131	0.650426982083657	0.630657450259916	3.66129314890969E-4	99.9157311359094
668	0.41601735124295		0.632640212010669		1.0485315322876	0.415792620613927	0.658160630363726	0.631749456639701	3.41857257120743E-4	99.921315430138
666	0.419043916172263		0.637694718521234		1.04595601558685	0.41881918554324	0.661830776438208	0.632819144188504	3.92111083921904E-4	99.9097538327065
664	0.422198007346183		0.643006052118175		1.04322910308838	0.42197327671716	0.665646254844677	0.633930219911813	4.09639512243789E-4	99.9057214867037
662	0.42668018780923		0.650197685695395		1.04042720794678	0.426455457180207	0.671340839491602	0.635229427578332	4.0638932052027E-4	99.906469168237
660	0.432737348124382		0.65982686168231		1.03775990009308	0.432512617495359	0.679612518520235	0.636410610029812	3.67154485777219E-4	99.915495280788
658	0.440894486458487		0.672510578367468		1.03528940677643	0.440669755829464	0.691125949107076	0.637611359259195	4.07313264777498E-4	99.9062566214189
656	0.452229643883897		0.690114017323007		1.03309750556946	0.452004913254874	0.707848775150932	0.638561411875715	4.10496401023177E-4	99.9055243669823
654	0.468903797259654		0.715862854805569		1.03115320205688	0.468679066630631	0.733067590378227	0.639339499907253	4.28708644688949E-4	99.9013348926071
652	0.486599769784159		0.743040323263867		1.02945709228516	0.486375039155136	0.759839829417508	0.64010205878256	4.04110734822948E-4	99.9069933426357
650	0.498943854512666		0.762123049017695		1.02793705463409	0.498719123883643	0.778333734151157	0.640752291724246	4.64863125149335E-4	99.8930185757468
648	0.502858586247512		0.768294569378777		1.02666783332825	0.502633855618489	0.783708806161768	0.641352823480637	4.7950632575279E-4	99.8896505181013
646	0.503220413028293		0.769105317056201		1.02560043334961	0.50299568239927	0.783725507565789	0.641800831469105	3.99370103864097E-4	99.9080839039722
644	0.505931131401251		0.773709978903037		1.02465677261353	0.505706400772228	0.787722595258391	0.641985394117512	4.55885438426773E-4	99.8950835743442
642	0.514054098592914		0.786591404327639		1.02378344535828	0.513829367963891	0.800238999946203	0.642094884151402	5.12142103805542E-4	99.882144426924
640	0.525700506627432		0.804671828144553		1.02288675308228	0.525475775998409	0.818032327606101	0.642365537724123	4.5751467690708E-4	99.8947088226131
638	0.539248930950736		0.825653613949386		1.02184903621674	0.539024200321714	0.838642652808416	0.642734063807331	4.7869399102051E-4	99.8898373588552
636	0.554473880535897		0.849202037622381		1.02063095569611	0.554249149906874	0.861677210993891	0.643221316329791	4.21942369850504E-4	99.9028913598949
634	0.568840934311497		0.871439232968096		1.01923584938049	0.568616203682474	0.883164326150935	0.643839642120345	4.31526594630751E-4	99.9006866779526
632	0.582137082940008		0.892019858801387		1.0177036523819	0.581912352310985	0.902781660848106	0.644577063920767	4.66416699233029E-4	99.8926612354312
630	0.595138997560907		0.912171876848305		1.01619136333466	0.594914266931884	0.921918450475197	0.645300315472848	4.48609136447475E-4	99.8967572610101
628	0.609869266667087		0.935000325243415		1.01451146602631	0.609644536038064	0.943554121277339	0.646115068855569	5.30148432173001E-4	99.8780032888669
626	0.625351585635984		0.959042613965706		1.01275491714478	0.625126855006961	0.966269375725102	0.646948843367676	5.62405629339137E-4	99.8705851315268
624	0.641164409059127		0.983468852271424		1.01092803478241	0.640939678430104	0.989219516514347	0.64792461908611	5.50940314011061E-4	99.8732217362108
622	0.65545756543512		1.00565996576918		1.0092089176178	0.655232834806097	1.00993278504985	0.648788557521432	5.68936919190131E-4	99.8690832040064
620	0.665847662439502		1.02165366657197		1.00772297382355	0.665622931810479	1.02456299517969	0.649665208427464	5.6346574160692E-4	99.8703413478554
618	0.673985477653567		1.03437544050795		1.0068142414093	0.673760747024544	1.0364475401464	0.650067389739158	5.56173337555436E-4	99.872018322873
616	0.680666793544838		1.04487103281221		1.00664889812469	0.680442062915815	1.04684270678463	0.649994558404849	5.78102395853095E-4	99.8669755601593
614	0.688203086239334		1.0566235623673		1.00700271129608	0.687978355610311	1.05904547625139	0.649621164565555	6.04458144522169E-4	99.8609151814205
612	0.695105537078452		1.06751016602253		1.00780045986176	0.694880806449429	1.07085597731814	0.648902206429008	6.49625024658933E-4	99.8505301278682
610	0.703735022517603		1.08099857661316		1.00835275650024	0.70351029188858	1.0850439057557	0.648370345344326	6.79873840025057E-4	99.8435757335722
608	0.713295450641023		1.0958023418128		1.0085117816925	0.713070720012	1.10014479736504	0.648160789125101	6.3897439101387E-4	99.8529788913233
606	0.72491398483532		1.1138492240649		1.00798010826111	0.724689254206297	1.11775571460425	0.648343143978361	6.95180901808679E-4	99.8400567276599
604	0.738443975320808		1.13472643101273		1.00688087940216	0.738219244691785	1.13755763304611	0.648951071353642	7.11803958895201E-4	99.836235322439
602	0.753318496135396		1.15760837428068		1.00539457798004	0.753093765506373	1.15888381558052	0.649844061485252	7.23384797669352E-4	99.8335731381883
600	0.770683506136809		1.18398562789842		1.00393652915955	0.770458775507786	1.18368426120464	0.650898893192755	7.02694209573332E-4	99.8383295065781
598	0.788364536644773		1.21106003178194		1.00287997722626	0.78813980601575	1.2095909186736	0.651575498665282	8.05702269374938E-4	99.8146521781322
596	0.807678779121308		1.24033026756586		1.00218975543976	0.807454048492285	1.23809276065853	0.652175728790148	7.48447878378941E-4	99.8278119213004
594	0.827733754932285		1.2708428434327		1.00178515911102	0.827509024303262	1.26815997305522	0.652527316652052	7.55972662084986E-4	99.8260822742148
592	0.847913318145109		1.30158042296076		1.00154709815979	0.847688587516086	1.29864374524454	0.652749139723816	7.54976678436206E-4	99.8263112093356
590	0.866343398332696		1.32966900103456		1.00122630596161	0.866118667703673	1.32635081724482	0.653008733769869	7.89550830941716E-4	99.8183643601998
588	0.883167821483243		1.35524112007301		1.00070452690125	0.88294309085422	1.35124973808631	0.653427020903387	7.92686849993023E-4	99.8176435793122
586	0.898729232553875		1.37882860533032		0.999973237514496	0.898504501924852	1.37384913318294	0.65400521805709	8.19999651746879E-4	99.8113662400932
584	0.912873919997355		1.40025907643609		0.999053955078125	0.912649189368332	1.39399634092126	0.654699845743628	8.42996119273651E-4	99.8060812360938
582	0.926937210346435		1.42144413128308		0.998229086399078	0.926712479717412	1.41399292609313	0.655386927767683	8.56923708030592E-4	99.8028805604604
580	0.939876083585749		1.44097162510154		0.997582137584686	0.939651352956726	1.43255680119896	0.655926070205593	8.74017439038363E-4	99.7989524193219
578	0.953413748326577		1.46194485011539		0.997147619724274	0.953189017697554	1.45284622238497	0.6560839013869	0.00108549378936361	99.7503679185977
576	0.967946500343702		1.48470095354008		0.996688485145569	0.967721769714679	1.47485800856841	0.656145719854082	0.00130871834420686	99.699110048871
574	0.9858739834874		1.51036399909184		0.996220171451569	0.985649252858377	1.49973106115567	0.657217336086146	9.60417458867718E-4	99.7791000514556
572	1.00184605770336		1.53449749142704		0.9957315325737	1.00162132707434	1.52302593309238	0.657652181299781	9.73377664997577E-4	99.7761224902316
570	1.02071119678814		1.56286201646019		0.995352268218994	1.02048646615912	1.55067852181147	0.658090282289463	0.00102180996515045	99.7649961281173
568	1.03953328716703		1.59118531712827		0.995181918144226	1.03930855653801	1.57859996682706	0.65837360850006	0.0010617113542644	99.7558305060959
566	1.0594024911892		1.62100111412827		0.995282471179962	1.05917776056018	1.60843460845563	0.658514654554197	0.00109072477274944	99.7491664541614
564	1.08009207789852		1.65188347972752		0.995623111724854	1.0798673472695	1.63973230040855	0.658563197785665	0.00107043211512864	99.7538273998061
562	1.1040827501049		1.68804128842094		0.996170461177826	1.10385801947588	1.67665309350276	0.658369953661534	0.00115378899237901	99.7346828562945
560	1.12930318304856		1.7257583891003		0.99668163061142	1.12907845241954	1.71510538346012	0.658314330599144	0.00115962050789112	99.7333436717788
558	1.15672516841262		1.76666381862435		0.997178435325623	1.1565004377836	1.7567503050141	0.658318051508361	0.00116904929407438	99.7311784262964
556	1.18544561995802		1.80968324350128		0.997675478458405	1.18522088932899	1.80054538169332	0.658256604570752	0.00124434911121705	99.7138881110513
554	1.21254112918813		1.84989926018629		0.99818366765976	1.21231639855911	1.84160550238028	0.658293210458039	0.00126268269767039	99.7096788137233
552	1.24233644278977		1.89415608496062		0.998678505420685	1.24211171216075	1.88671679617207	0.658345605806264	0.00128100311241431	99.7054727180509
550	1.26945500774489		1.93428236043505		0.999059557914734	1.26923027711587	1.92752522467909	0.658476610767663	0.00131782655369808	99.6970191384496
548	1.29878124816726		1.97750306094594		0.999196529388428	1.29855651753824	1.97097546312337	0.658839514663686	0.00133273457862958	99.6935968980131
546	1.32560953083594		2.01676368456836		0.99907249212265	1.32538480020692	2.0099550012148	0.659410185504583	0.00137284975889897	99.6843887637123
544	1.35487657173462		2.05967584748283		0.998806416988373	1.35465184110559	2.05228064936295	0.660071438828842	0.00144265856277963	99.6683667119019
542	1.38118597592637		2.09766566422556		0.998482644557953	1.38096124529734	2.08954755610663	0.66089007702243	0.00146870953413551	99.6623883262619
540	1.40246236744291		2.12821144901562		0.99831360578537	1.40223763681389	2.11968807734131	0.661530180691819	0.00154174315306507	99.6456298980238
538	1.42259831218667		2.15682493767082		0.998360693454742	1.42237358155765	2.14835463949394	0.662075783676338	0.00157998069522477	99.6368569653644
536	1.44367173739543		2.18671129497327		0.998661279678345	1.44344700676641	2.17884781347693	0.662481793284594	0.00164869302207488	99.6210940694482
534	1.46385209253941		2.21500520355162		0.999168038368225	1.46362736191038	2.20822381280194	0.662807525860902	0.00167521703775591	99.6150100161531
532	1.48374039202048		2.24279675373354		0.999805629253387	1.48351566139146	2.23741907682515	0.663047739584192	0.00176214722037367	99.5950726585191
530	1.5041868421341		2.27104150703865		1.0004802942276	1.50396211150507	2.26718719766729	0.663360358179731	0.0017814025853104	99.5906569980929
528	1.52199610964106		2.2952512676841		1.00102841854095	1.52177137901204	2.29266395993012	0.663756837290024	0.00182414931976476	99.5808549719551
526	1.54118011347065		2.32143748339977		1.0014044046402	1.54095538284163	2.31974807587175	0.664277038903265	0.00189756541580999	99.5640225690225
524	1.56111254869374		2.34840073768657		1.00163662433624	1.56088781806472	2.34729339459036	0.664973463335256	0.00194511602596559	99.5531219680475
522	1.58241236794457		2.37744418971895		1.00181710720062	1.58218763731555	2.37681257570712	0.665676231052773	0.00200004252736348	99.5405319878573
520	1.6083953195009		2.41308185070936		1.0020604133606	1.60817058887188	2.41310090923651	0.666433211606016	0.00205911765445522	99.5269928573802
518	1.63795028642382		2.45397114009676		1.00242054462433	1.6377255557948	2.45495641916783	0.667109828511721	0.00212059999163881	99.5129039861878
516	1.66698033513595		2.49402244364766		1.00289297103882	1.66675560450693	2.49628057570324	0.667695619126219	0.00218157294254766	99.4989338121445
514	1.70279986502212		2.54373932333181		1.00349617004395	1.7025751343931	2.54767268447573	0.66828645012672	0.00226283926235129	99.480317053169
512	1.74386845738731		2.60097026792735		1.00418245792389	1.74364372675829	2.60688534043878	0.668860919853424	0.00232860053597904	99.4652547916077
510	1.78890832293		2.66378206210996		1.00497353076935	1.78868359230098	2.67206317792468	0.669401684465484	0.00240189368889807	99.448470081431
508	1.84107906735044		2.73697122197376		1.00580215454102	1.84085433672142	2.74788017010229	0.669917981413612	0.00249304413006782	99.4275998629475
506	1.90942333099337		2.83354654629489		1.00663805007935	1.90919860036434	2.84738025671184	0.670510584550125	0.00257991645222536	99.4077132583049
504	1.98431220032303		2.93945091843031		1.00742840766907	1.98408746969401	2.95630693821286	0.671137169164657	0.00262426511071067	99.397562602881
502	2.07030633083879		3.0604987963646		1.00814700126648	2.07008160020977	3.08044971217675	0.672006295712902	0.00271060331071008	99.3778042269001
500	2.15572442742131		3.18055037791615		1.00866842269897	2.15549969679228	3.20313518401785	0.67293435117794	0.0027662637767571	99.3650684895551
498	2.25880710279066		3.32609097547913		1.00904226303101	2.25858237216164	3.35117896817307	0.673966503613182	0.00288843906202335	99.3371191403137
496	2.41050879407902		3.54229612109959		1.00876116752625	2.41028406345	3.56834476344447	0.675462777067367	0.00294618485725856	99.3239116973585
494	2.62518580738137		3.84910567065489		1.00816118717194	2.62496107675235	3.87553590060304	0.677315639456183	0.00297856951115957	99.3165055462004
492	2.81677147067833		4.11990078187753		1.00794267654419	2.81654674004931	4.14764185934077	0.6790718281778	0.00311508565162005	99.2852912990704
490	2.92332347220569		4.26414446050038		1.00791668891907	2.92309874157667	4.29292053230789	0.680911449344999	0.00319047790156161	99.2680571592645
488	2.95716526650406		4.30267999257296		1.00887954235077	2.95694053587504	4.33589922929751	0.681967079837811	0.00332707040628637	99.2368406896758
486	3.03334994149261		4.40340479929939		1.00954282283783	3.03312521086359	4.44043584029223	0.683069257152914	0.00338351217335328	99.2239445122417
484	3.21920693537887		4.66154794279915		1.01009511947632	3.21898220474985	4.70361422549762	0.684363566063774	0.00348631126519985	99.2004606212384
482	3.4288848495801		4.95090898900621		1.01073944568634	3.42866011895108	4.99908322174953	0.685857779689283	0.00357208360580514	99.1808706520246
480	3.54901720993992		5.10820829990111		1.01162850856781	3.5487924793109	5.16260896406629	0.687402920502373	0.00369259971634282	99.1533519176943
478	3.54697336961606		5.08920250163721		1.0127238035202	3.54674863898703	5.14895092080794	0.688829373893217	0.00378261163771475	99.1328035127392
476	3.58644257355991		5.13162787256143		1.01399922370911	3.58621784293088	5.19845478158279	0.689862275158422	0.00393465022120829	99.0981049988474
474	3.78831103955016		5.40680364538767		1.01552999019623	3.78808630892113	5.48575178931001	0.690531845845252	0.00403385011889424	99.0754719706912
472	4.1877282767237		5.96127043516431		1.01726651191711	4.18750354609467	6.05917273537869	0.691101529693056	0.00415158175060645	99.0486175284091
470	4.70567218090409		6.68410885512756		1.01911818981171	4.70544745027507	6.80685971785157	0.691280215153345	0.00429266017175083	99.0164472988203
468	5.17951144414744		7.34223981441186		1.02110064029694	5.17928671351842	7.49211877795414	0.691297998205618	0.00441849092365496	98.987762823765
466	5.4207319216992		7.65875794302993		1.02326714992523	5.42050719107018	7.83189770616118	0.69210648484415	0.00462363716002056	98.9410153461353
464	5.31174659498625		7.46956739691089		1.02553856372833	5.31152186435722	7.65526048680464	0.693839468103363	0.00479535102948036	98.9019032067196
462	5.09099261881755		7.13371042559666		1.027627825737	5.09076788818853	7.32572007439518	0.694917064328155	0.00489536376613471	98.8791299237071
460	4.90642424797302		6.8633708221847		1.02919805049896	4.906199517344	7.05868084919037	0.695058980872713	0.00505881049014324	98.841923765837
458	4.74544159480768		6.63365421665729		1.03004312515259	4.74521686417866	6.82785872270025	0.694978771075399	0.0052200594888547	98.8052316054899
456	4.56453183478837		6.38310860242404		1.03006207942963	4.56430710415935	6.56990682874561	0.694729350527306	0.00537451786461559	98.7700974219325
454	4.35905231412506		6.10778262696169		1.02918720245361	4.35882758349603	6.28096474780258	0.693974215509009	0.00555319817617416	98.7294691327677
452	4.21464190210444		5.9251639948789		1.02735614776611	4.21441717147541	6.08217573978685	0.692912758818624	0.00567389328948525	98.7020349624092
450	4.07716318439205		5.75452193013107		1.02460694313049	4.07693845376303	5.89105879563806	0.692055298579218	0.00590997846141631	98.6483945054547
448	3.87032622721072		5.48401387457134		1.02102768421173	3.8701014965817	5.59428334938341	0.69179575914907	0.00610775692482381	98.6034800826245
446	3.54429196093536		5.04174008483467		1.01675081253052	3.54406723030634	5.12116782997699	0.692042781640738	0.00630191497611143	98.5594077272977
444	3.25023156660256		4.6424589462934		1.0121191740036	3.25000683597354	4.69371910903794	0.692416133235481	0.00654726520377245	98.5037433224958
442	3.07103846429124		4.40111117382028		1.00782012939453	3.07081373366221	4.43054707655214	0.693100350950774	0.00684429777735226	98.4363954325124
440	3.01097096941407		4.32250109356798		1.0045450925827	3.01074623878504	4.33718209263601	0.694171048039904	0.00715179059331333	98.3667243389549
438	2.9807503372106		4.28134190672073		1.00285410881042	2.98052560658158	4.28860451181755	0.6949872851107	0.00746512179002666	98.2957811217608
436	2.95647485146776		4.24402127698704		1.00277864933014	2.95625012083874	4.25085748627969	0.695447949120971	0.00773341099539811	98.2350767975955
434	2.92999261036264		4.20096576934658		1.00421047210693	2.92976787973362	4.21369030387934	0.69529739217814	0.00810071640683021	98.1520294120629
432	2.91092643368101		4.16501574995898		1.00665414333344	2.91070170305199	4.18775476874153	0.695050656924377	0.00842437167290542	98.0789094710512
430	2.90683790098251		4.14858834523947		1.00962591171265	2.90661317035348	4.18353200880905	0.694774932815901	0.0088224432572001	97.989052148544
428	2.91685463678232		4.15162939747341		1.01240730285645	2.9166299061533	4.19813589158991	0.694744043897235	0.00917988955225947	97.9084353895281
426	2.91267344050997		4.13680288874359		1.01423370838165	2.91244870988095	4.19067187814761	0.694983714918842	0.00950100522324195	97.836069025653
424	2.88468236152025		4.09421857006609		1.01462960243225	2.88445763089123	4.14910034668323	0.695200739889805	0.00982250969467344	97.7636686268285
422	2.85304159504512		4.05465363125934		1.01337480545044	2.8528168644161	4.10387502350218	0.69515198393677	0.0101521118763968	97.6895003026888
420	3.34104956428654		4.76615982226396		1.01114857196808	3.34082483365752	4.81429789042179	0.693938121341475	0.010511579344274	97.6086757242809
418	3.21055186949549		4.60337324332458		1.0079870223999	3.21032713886646	4.63515830750434	0.692603558689448	0.0109290588972832	97.5148913260497
416	3.03615467536812		4.38148952839087		1.00422537326813	3.0359299447391	4.39503936880543	0.690762855570112	0.0112847835256808	97.4350509242306
414	2.85744718584783		4.15320132373666		1	2.85722245521881	4.14825862019081	0.688776355772963	0.0116720534224326	97.3482046834505
412	2.69647661520197		3.94974965951055		0.995681941509247	2.69625188457295	3.92777304879411	0.68645816626313	0.0121601047925323	97.2388681831276
410	2.5728143085672		3.79562917916935		0.991583049297333	2.57258957793817	3.75878045442891	0.684421345999853	0.0126439554368433	97.1305939778452
408	2.46903695790765		3.66579653564517		0.988153755664825	2.46881222727863	3.61748646312891	0.682466196471473	0.0131635256076162	97.0144608337974
406	2.38151384790582		3.55486870405716		0.985654711723328	2.38128911727679	3.49900128867313	0.680562515076927	0.0137195140433354	96.890341351035
404	2.3136402055989		3.46980843095955		0.98426741361618	2.31341547496988	3.41035442804883	0.678350454117889	0.0142967683862198	96.7616424648344
402	2.27491524969895		3.42346288426974		0.984128773212433	2.27469051906993	3.36426407165774	0.676133166309109	0.0148888726845699	96.6298103813878
400	2.27258745918091		3.42751348239808		0.985299050807953	2.27236272855188	3.37225573972614	0.673840569617185	0.0155338195562508	96.486417258533
398	2.30764948540799		3.48401268627388		0.987817049026489	2.30742475477897	3.43668464369505	0.671410092576338	0.0161576377787168	96.3479241847784
396	2.35008322303141		3.5479756938308		0.991658091545105	2.34985849240238	3.51347733342732	0.668812765645522	0.0168146399198979	96.2022789177211
394	2.37952876002312		3.58941923614567		0.996615350246429	2.3793040293941	3.57234433498708	0.666034347834699	0.0174884617828718	96.0531337181851
392	2.38752859397553		3.59625029324728		1.0025714635849	2.38730386334651	3.60054250639052	0.663040044412567	0.0181994401185539	95.8960149181077
390	2.38444648461285		3.5847102957348		1.0093150138855	2.38422175398382	3.61311317701705	0.659880174567965	0.0189204908031486	95.7369327260621
388	2.38602308616905		3.57948447300177		1.01699423789978	2.38579835554002	3.63528838266876	0.656288608880197	0.0196802467853455	95.5695966797415
386	2.39779876483293		3.58879942901924		1.02549052238464	2.39757403420391	3.67521110555743	0.65236362356939	0.0204862240240576	95.3924001171361
384	2.41851068125408		3.61158054465087		1.03449034690857	2.41828595062505	3.73103203141831	0.648154700967757	0.0213191120926987	95.2096322987355
382	2.44357683593907		3.64200748544726		1.04369103908539	2.44335210531005	3.79597192144355	0.643669699321928	0.0221861568805105	95.0197411777904
380	2.46827907705131		3.67321849606473		1.0526317358017	2.46805434642228	3.8613435148785	0.639169847725901	0.0230882351625868	94.822579367144
378	2.48325402816334		3.69179324696707		1.06117713451386	2.48302929753432	3.91240149504858	0.634656054772693	0.0239892551201332	94.6260572509205
376	2.49178380596129		3.70235488510846		1.06922745704651	2.49155907533227	3.95337462454498	0.630236016557383	0.0249450669971243	94.4180296128839
374	2.48485572493429		3.69157129384296		1.07646524906158	2.48463099430527	3.96852756365174	0.626083844562987	0.0259559365921771	94.1985165250172
372	2.47658034654939		3.68046959710998		1.08239138126373	2.47635561592036	3.97835863119687	0.622456607230344	0.0270595802711459	93.9594400040492
370	2.47510395983654		3.68059414056651		1.08660447597504	2.47487922920751	3.99397930359073	0.619652492185553	0.0281282301496726	93.7285222452317
368	2.47740356920235		3.68778934073307		1.08728444576263	2.47717883857332	4.00430186474289	0.618629394647893	0.0293072048564345	93.4744234578083
366	2.48223477767914		3.70046113023322		1.08414971828461	2.48201004705011	4.00649526120869	0.619496563762648	0.0306030710664558	93.1959262293418
364	2.4885650340015		3.71657849100866		1.07767069339752	2.48834030337247	3.99992111271411	0.622097344735891	0.0318193571665042	92.9352866535732
362	2.50546973364098		3.74970974087627		1.06871128082275	2.50524500301196	4.00207477684823	0.625986555150007	0.0331636636827075	92.6480613775734
360	2.52508623991025		3.78744904492469		1.05907070636749	2.52486150928123	4.00594166280362	0.630279150773796	0.0345271583859934	92.3576431228262
358	2.55277997270975		3.83861866630226		1.04836678504944	2.55255524208073	4.01909854399625	0.635106408598452	0.0360116124762329	92.0424960443746
356	2.57767432563762		3.88538011631072		1.03684234619141	2.5774495950086	4.02340183130004	0.640614510575935	0.0374023398244656	91.7482227215873
354	2.60721142268757		3.94067330700775		1.02479386329651	2.60698669205854	4.03331257001603	0.64636366430886	0.038934120700207	91.4251916287854
352	2.63294498703786		3.99180654410812		1.01273274421692	2.63272025640884	4.03762755807184	0.652046336256456	0.0404886246005648	91.0985313232458
350	2.65221268471478		4.03362806005429		1.00126516819	2.65198795408576	4.03378232106903	0.657444488324033	0.0420800214508099	90.7653274026701
348	2.67252315094222		4.07916738360279		0.990810453891754	2.6722984203132	4.03678440450421	0.661986906541619	0.0438175102484265	90.4029265376254
346	2.68786954736527		4.11844266420758		0.981342911720276	2.68764481673625	4.03675402875702	0.665793555314495	0.0456114538975264	90.0302686547353
344	2.69351629538958		4.14501728324202		0.972720801830292	2.69329156476056	4.02713666479927	0.668785737594234	0.0475324053318756	89.6329302916867
342	2.70059015766601		4.17421041544958		0.964752793312073	2.70036542703698	4.02231267112496	0.67134647349077	0.0494382548146959	89.2404486876935
340	2.69299391502058		4.18246873572909		0.957048177719116	2.69276918439155	3.99809367647514	0.673513279650215	0.0513849161584319	88.8413366088062
338	2.68646253321074		4.19441757601337		0.950148642063141	2.68623780258172	3.98062386103267	0.674828342581668	0.053495104586526	88.4107134893747
336	2.67292329498359		4.1977110086174		0.944044172763824	2.67269856435457	3.95815848615166	0.67523788491681	0.0556695622040815	87.9691585409666
334	2.65180796791952		4.19166750278217		0.938558220863342	2.6515832372905	3.92948497881568	0.674791544333545	0.0579458641004911	87.5092850953922
332	2.61900337820685		4.17053124798382		0.933434963226318	2.61877864757783	3.88830598979343	0.673501173634989	0.060307381910075	87.0347363539583
330	2.57522134957321		4.13533255671821		0.928119659423828	2.57499661894418	3.83349602381397	0.671709740390522	0.0626702590697794	86.5624900711333
328	2.51612480439919		4.08016644854021		0.923022568225861	2.51590007377016	3.76152348719971	0.668851353004084	0.0651674283219891	86.0661887605088
326	2.44013223634346		4.00120153918777		0.918195605278015	2.43990750571444	3.66934730043985	0.6649431917829	0.0677534163624327	85.5552340350474
324	2.36305375032333		3.92244379780325		0.913534343242645	2.36282901969431	3.57877178929478	0.660234616457596	0.0703928257949508	85.0368519306387
322	2.27741141912257		3.83242745050669		0.908978700637817	2.27718668849355	3.47910211200353	0.654532869454116	0.0731725168468828	84.4943137736713
320	2.19643624854769		3.74785520963368		0.904343068599701	2.19621151791867	3.38487698125567	0.648830527691423	0.0760355481963709	83.9391277225526
318	2.11834359993395		3.66579551269595		0.899914681911469	2.11811886930493	3.29445519127102	0.642934490326987	0.0791105267169215	83.3469042112811
316	2.04303580238331		3.58584651399198		0.895963847637177	2.04281107175428	3.20836035602594	0.636714971221196	0.082225289341852	82.7512781850108
314	1.98135218202431		3.52640668024511		0.892610192298889	1.98112745139529	3.14329463741514	0.630270999038274	0.0854134475601958	82.1460248914807
312	1.9312273750957		3.48541096507689		0.88999992609024	1.93100264446667	3.09761649552206	0.623383381144228	0.0886820103729877	81.5301027451236
310	1.88004936260488		3.44251468595142		0.888025283813477	1.87982463197586	3.05265083530497	0.615800736276496	0.0920545439852176	80.8994289451698
308	1.82476192874377		3.39210952013721		0.887133359909058	1.82453719811474	3.00486867857516	0.607193655790608	0.095605457200734	80.2406693468275
306	1.76464633083945		3.33282964976861		0.887335538864136	1.76442160021042	2.9529523567055	0.597511028650298	0.0992434806315207	79.5713120818975
304	1.70470724660629		3.27353832188052		0.888603985309601	1.70448251597727	2.90448709281769	0.586844582712098	0.103089225333817	78.8698063804009
302	1.63903712479839		3.20613473572407		0.891015827655792	1.63881239416936	2.85231276803641	0.574555642191216	0.107135491360588	78.1383990077921
300	1.57055894880248		3.13186392303256		0.894482612609863	1.57033421817346	2.7969766618317	0.561439871702422	0.111371542510127	77.3799522680188
298	1.49940560436023		3.05118167237839		0.900495111942291	1.49918087373121	2.74312330124183	0.546523327278989	0.115776937346939	76.5989934208723
296	1.42113766766126		2.95537829141355		0.909423410892487	1.42091293703223	2.68319519593722	0.529560033196139	0.120420381608242	75.7843654185265
294	1.33828523391029		2.84967734701169		0.92107892036438	1.33806050328127	2.62022511412667	0.510666238586621	0.125438796646341	74.9136923889662
292	1.25447213121785		2.73608041631326		0.934718489646912	1.25424740058882	2.55284491789567	0.49131358971179	0.130465087974278	74.0516793655632
290	1.16885134298575		2.61618954521028		0.948803901672363	1.16862661235673	2.47756119160085	0.471684258018923	0.135903228734415	73.1302017024425
288	1.07877354305271		2.48082503647383		0.962523102760315	1.07854881242369	2.38309394515929	0.452583421906013	0.1414677703964	72.1991740970438
286	0.982366581157665		2.32804828903742		0.97529125213623	0.982141850528642	2.26570455531875	0.433481871333604	0.14746015473426	71.2098129951201
284	0.891969184057937		2.17992337019571		0.986907541751862	0.891744453428914	2.14650482308124	0.415440228151384	0.15341188967989	70.240583443697
282	0.803324474329136		2.02953904462474		0.996903836727142	0.803099743700113	2.01832786024528	0.397903511871712	0.159756190438314	69.2219468512376
280	0.721928947005451		1.88823686013076		1.00535523891449	0.721704216376428	1.89337964673969	0.381172480447421	0.16600349710114	68.2333199718145
278	0.645557704634834		1.75095958773007		1.00982344150543	0.645332974005811	1.76316877891351	0.366007487044704	0.172410309687234	67.2341146384026
276	0.576346333146253		1.62250865562615		1.01022160053253	0.57612160251723	1.63410006507749	0.352562009407856	0.178805397614555	66.251330182683
274	0.511251941316513		1.49937749156738		1.00653350353241	0.51102721068749	1.50419868298802	0.339733850632256	0.185867788343964	65.1826798571418
272	0.458775953061841		1.39905932180221		0.99854451417923	0.458551222432818	1.39208750128599	0.329398275617886	0.192628600087541	64.1758160663613
270	0.41599888871861		1.31748674034105		0.988452672958374	0.415774158089587	1.29738766154579	0.320470257589937	0.199343216177364	63.1912263556003
268	0.380003621833631		1.25029352710857		0.972882628440857	0.379778891204608	1.21158018255868	0.313457496806006	0.206432217227376	62.1681269459227
266	0.351139772461661		1.19772128000418		0.953488886356354	0.350915041832638	1.13730111653697	0.308550687878648	0.213267038063738	61.1973986756785
264	0.326594240028002		1.1536114431443		0.931065678596497	0.326369509398979	1.06948603951682	0.305164815004438	0.220122374833862	60.2389821676289
262	0.305057141420212		1.11457136883741		0.906938552856445	0.304832410791189	1.00636501590756	0.302904419343598	0.226639364447142	59.3417890724142
260	0.284414948204354		1.07559845700583		0.883175373077393	0.284190217575331	0.945576794499478	0.300546945767384	0.233135341430454	58.4607871386335
258	0.264595759135599		1.03405784773578		0.859192788600922	0.264371028506576	0.884208310527992	0.298991793402971	0.239000097956089	57.6766333301303
256	0.243919904115676		0.986053007839712		0.834685504436493	0.243695173486653	0.818918549247365	0.29758169931628	0.244852842582228	56.9045715039578
254	0.222960748315636		0.933196288690565		0.80953711271286	0.222736017686613	0.751455727183416	0.296406041805637	0.250461160903366	56.1744513103688
252	0.202297005722423		0.877128946385302		0.784095585346222	0.2020722750934	0.683877382610124	0.29548027209521	0.255909373279172	55.4741461963576
250	0.182296935001558		0.819362070395424		0.758817315101624	0.182072204372535	0.61799551731956	0.294617354446581	0.261389115593893	54.7785944243544
248	0.16372661250496		0.763003207095233		0.735633492469788	0.163501881875937	0.55765469572944	0.293195561927563	0.266726198368401	54.109534983872
246	0.14511968692013		0.703392426083426		0.715051770210266	0.144894956291107	0.499427710503364	0.29012198010613	0.272654291082257	53.3759611991287
244	0.127570086083883		0.644037266103312		0.697206974029541	0.12734535545486	0.445581186079423	0.285796078095993	0.278737319672102	52.6335520914221
242	0.11109800012065		0.585514723612547		0.681808710098267	0.110873269491627	0.395839060120821	0.280096838997609	0.285490650255983	51.8214248304659
240	0.0955361704251411		0.527093576385049		0.667849898338318	0.0953114397961181	0.348718407342925	0.273319210541101	0.293000410580462	50.9330389537826
