Wavelength	I1	I1 dark	R1	R1dark	XCorrect	I1c	R1c	I1c/R1c	Abs	Percent T
nm	uA	uA	uA	uA		uA	uA	uA/uA	OD	T*100
	Abs Detector Raw	Dark Offset for Abs Detector	Ref Detector Raw	Dark Offset for Ref Detector	Linear interp	Dark subtracted Abs Detector	Corrected Ref Detector	Corrected Intensity 	-Log(T)	% Transmittance
800	0.142923154565016	2.29875035321089E-4	0.208502250296017	0.0049420303471502	1.35067892074585	0.142693279529695	0.274944498187323	0.518989397752837	6.6357678013161E-4	99.8473224707096
798	0.144248983951197		0.210614248654887		1.34199333190918	0.144019108915876	0.276010745527952	0.521788050825331	6.90887016329615E-4	99.8410438548443
796	0.156089609285354		0.227838696446779		1.33337259292603	0.155859734250033	0.297204305631829	0.5244195030038	7.16011379840237E-4	99.8352681191924
794	0.166153703330834		0.24205560152608		1.32502686977386	0.165923828295512	0.314181853000119	0.528113978293487	6.80547037526544E-4	99.8434209667114
792	0.162162982216409		0.236025888415408		1.31713449954987	0.161933107181088	0.304368521750786	0.532029745551929	5.4030463611285E-4	99.8756676167551
790	0.152152225039002		0.221783621321438		1.30966234207153	0.151922350003681	0.283989265893903	0.534958071480204	5.57057525099114E-4	99.8718149919343
788	0.149143726134398		0.217837431380541		1.30193436145782	0.148913851099077	0.277175838001715	0.537254084528663	7.04128078596755E-4	99.8379998803506
786	0.152377727891495		0.222514120586097		1.29363858699799	0.152147852856174	0.28145965138691	0.540567190026904	5.17624795124348E-4	99.8808834864048
784	0.156692918837997		0.228742441484062		1.28498160839081	0.156463043802676	0.287579412261233	0.544069001923363	5.35303814907923E-4	99.8768176733478
782	0.162358245506034		0.236929508254326		1.27644824981689	0.162128370470713	0.29612001015405	0.547508999430226	5.51524947258755E-4	99.873087290186
780	0.171318492357437		0.249818870538028		1.268270611763	0.171088617322116	0.310570099915475	0.550885669189274	4.42593015655776E-4	99.8981411034168
778	0.18420951319521		0.26842165290388		1.26044166088104	0.183979638159888	0.332100693063715	0.553987516444571	5.50619089447737E-4	99.8732956071561
776	0.200381527443333		0.291656889703737		1.25292003154755	0.200151652408012	0.359230790630205	0.557167307559807	5.02257081728809E-4	99.8844178807218
774	0.223764186422777		0.325280544964892		1.24577045440674	0.223534311387456	0.399068256919323	0.560140546163877	6.53284008912131E-4	99.8496888784543
772	0.277880397220333		0.403455207128107		1.23883104324341	0.277650522185012	0.493690494537797	0.562397950248068	6.13636874497033E-4	99.8588046625728
770	0.375393537623537		0.543859636803895		1.23221707344055	0.375163662588216	0.664063475853717	0.564951508748327	4.19807546749212E-4	99.9033824449384
768	0.443896477718465		0.640386657292215		1.22665858268738	0.443666602683144	0.779473605464743	0.569187461349147	4.73978337036846E-4	99.890921988033
766	0.41609807084712		0.598436351063356		1.22236526012421	0.415868195811799	0.725466839724504	0.573242184259896	5.61011661585584E-4	99.8709056895915
764	0.350806401186137		0.504705291257223		1.2186872959137	0.350576526150816	0.609055137035508	0.575607206692648	5.20873035352722E-4	99.8801364451597
762	0.321856277095273		0.464429986242374		1.214359998703	0.321626402059952	0.557983793524969	0.57640814265972	3.97118965676385E-4	99.9086017725964
760	0.329009494840128		0.474866893549303		1.20898902416229	0.328779619804807	0.568134001792369	0.578700832492971	4.58498940861052E-4	99.8944824263457
758	0.347721431716042		0.501443664683342		1.2031888961792	0.347491556680721	0.597385253368131	0.581687537014886	4.49944753759822E-4	99.896450041741
756	0.372641419714612		0.536869772635048		1.19780671596527	0.372411544679291	0.637146622120687	0.584498970487752	4.22306003276201E-4	99.9028077115481
754	0.398304407588142		0.572952518157372		1.1931779384613	0.398074532552821	0.6777375828698	0.587357913467364	4.11837279718869E-4	99.9052159104211
752	0.420741072842727		0.604411818568776		1.18890511989594	0.420511197807406	0.712712700439623	0.59001501944335	4.13833701502195E-4	99.9047566540889
750	0.450377818024598		0.646172328045464		1.1848680973053	0.450147942989277	0.759773322768311	0.592476636780451	3.66299436202015E-4	99.9156919970473
748	0.4948250657718		0.708982418431694		1.18107759952545	0.494595190736479	0.831526331527861	0.594804003172938	3.00186180149364E-4	99.9309034603075
746	0.551174646235115		0.788290031335012		1.17750906944275	0.550944771199794	0.922399375693055	0.597295255957687	3.5533502201124E-4	99.9182145500752
744	0.601915265234026		0.858926499558622		1.174187541008	0.601685390198704	1.00273792396244	0.600042519406341	3.49488839464337E-4	99.9195595914653
742	0.652786987137686		0.929252170664333		1.17108881473541	0.652557112102365	1.08244926667197	0.602852375805726	3.83932841510943E-4	99.9116352608928
740	0.728018096456218		1.03411785750117		1.16803753376007	0.727788221420897	1.20211599495446	0.605422625167271	4.25847949609653E-4	99.9019929442525
738	0.838842622075396		1.1883067588626		1.16498303413391	0.838612747040075	1.37859983191298	0.608307594145282	3.74508233610737E-4	99.9138034629848
736	0.934713391650812		1.32023148764454		1.16204738616943	0.934483516615491	1.52842867590864	0.611401455197081	4.37755685007681E-4	99.899253811616
734	0.982096068463433		1.38362331234241		1.15931880474091	0.981866193428112	1.5983311359614	0.614307117803543	4.42733653185569E-4	99.898108753419
732	0.992219927065558		1.39690832693776		1.15665113925934	0.991990052030237	1.61001940276213	0.61613546416173	4.53070918623219E-4	99.8957309636474
730	0.988170791644726		1.39250903984596		1.15388596057892	0.987940916609405	1.60109409162316	0.617041135669828	4.37968542763034E-4	99.8992048486966
728	0.986322407252698		1.39259321342961		1.15089321136475	0.986092532217377	1.59703832635186	0.617450762418408	4.21857158520073E-4	99.9029109614774
726	0.993847789913058		1.40700485521773		1.1476241350174	0.993617914877737	1.60904113663214	0.617521760169203	4.53995010590901E-4	99.8955184056983
724	1.00888959588323		1.43201123939515		1.14410185813904	1.00865972084791	1.63271253376483	0.617781575132559	4.71298693675504E-4	99.8915383275972
722	1.01800559682336		1.44778639924423		1.14027833938599	1.01777572178804	1.64524418095838	0.618616819051852	4.69333494806369E-4	99.8919903415889
720	1.00314269008344		1.42847384561046		1.13600122928619	1.00291281504812	1.61713389206713	0.620179207156512	5.42306190607714E-4	99.8752073158783
718	0.950756148544716		1.3545449140211		1.13137769699097	0.950526273509395	1.5269106023834	0.622515995386822	5.52033440153009E-4	99.8729703540341
716	0.850854011797909		1.21196221683693		1.12621939182281	0.850624136762588	1.35936954034638	0.625749004605358	5.99002997802192E-4	99.8621695362142
714	0.723614712989926		1.0307082304396		1.12039887905121	0.723384837954605	1.1492673007522	0.629431323314558	6.68306027883017E-4	99.8462351896735
712	0.593560602486647		0.84665538449535		1.11375534534454	0.593330727451326	0.937462747430442	0.632911258690149	6.14059111406378E-4	99.8587075762539
710	0.487463488042426		0.698203992876619		1.10628998279572	0.487233613007105	0.766948764599649	0.635288347144602	6.23296387438137E-4	99.8565836426679
708	0.409454544872689		0.590453550802285		1.09837675094604	0.409224669837368	0.64311224147899	0.636319204399311	5.15042385850344E-4	99.8814774015878
706	0.352002946896688		0.51257528512226		1.09038031101227	0.351773071861367	0.553513306221855	0.635527760411911	5.76858550315409E-4	99.8672615855982
704	0.310110120220822		0.456755066839448		1.0826700925827	0.309880245185501	0.489164462049188	0.633488875883099	4.32904891127193E-4	99.9003696291443
702	0.285874674761022		0.426300919011918		1.07555782794952	0.2856447997257	0.453195851079503	0.630289970760546	4.84435927252014E-4	99.8885166944014
700	0.271324508193184		0.409126925245092		1.0694442987442	0.271094633157863	0.432253231487129	0.62716623823768	5.55959392448527E-4	99.8720675225193
698	0.272574974496782		0.414137207207494		1.0649927854538	0.272345099461461	0.435789911198756	0.624945856851763	7.77628878133747E-4	99.8211045427555
696	0.289823692994754		0.441616662358922		1.06259047985077	0.289593817959433	0.464006306768047	0.624116124577157	0.00100274429959984	99.7693759392381
694	0.316788633072554		0.482601373498866		1.06203079223633	0.316558758037233	0.507288930626501	0.624020629912589	0.00123555497406451	99.7159072628548
692	0.342583997654539		0.521187845817827		1.06277585029602	0.342354122619218	0.548653585498611	0.62398958407989	0.00150778379607393	99.6534219238581
690	0.361012395408052		0.54882357629822		1.06392598152161	0.360782520372731	0.578649707607481	0.6234903701316	0.00205721443474884	99.5274290179972
688	0.373813570588834		0.567930550098826		1.06461536884308	0.373583695553513	0.599366230609849	0.623297871108614	0.0021639406187739	99.5029735434879
686	0.382271511534042		0.580390289734098		1.0645604133606	0.382041636498721	0.612599436880604	0.623640201897837	0.00196645491181474	99.5482305853444
684	0.381706318665207		0.578727524542988		1.06376242637634	0.381476443629885	0.610371449525313	0.62499064123422	0.00129745463367653	99.7016958438219
682	0.37628019441931		0.570116790324465		1.06245732307434	0.376050319383989	0.600474062554681	0.62625572499186	7.59116077751588E-4	99.8253597374375
680	0.375980685143163		0.569965625774288		1.06094348430634	0.375750810107842	0.59945810204776	0.62681746868425	6.58638895679704E-4	99.8484577311483
678	0.382497272031187		0.580353509338737		1.05921316146851	0.382267396995866	0.609483411807947	0.627199017380839	7.10108110919491E-4	99.8366251671531
676	0.390372147488001		0.59254953895309		1.05730748176575	0.39014227245268	0.62128181519079	0.627963450584613	6.45768434257754E-4	99.8514168172504
674	0.397796120541833		0.604190234707357		1.05524814128876	0.397566245506512	0.632355553821734	0.628706813917837	5.77671007523364E-4	99.867074758908
672	0.403860132053247		0.613753448170121		1.05312037467957	0.403630257017926	0.641151708446924	0.629539392471788	6.11328676788596E-4	99.8593353957186
670	0.409941570627579		0.62341872736734		1.0509113073349	0.409711695592258	0.649964154221659	0.630360448235632	5.70704274214817E-4	99.868676789064
668	0.414938762380072		0.631438823465664		1.0485315322876	0.414708887344751	0.656901642461822	0.631310474107779	6.43739526205462E-4	99.8518832975426
666	0.418169277198707		0.636682400410044		1.04595601558685	0.417939402163386	0.660772640356349	0.632501070168394	6.1045548893963E-4	99.8595361720342
664	0.421435670618272		0.642130131101167		1.04322910308838	0.421205795582951	0.6647331708482	0.633646422436678	6.04107720903801E-4	99.8609957572482
662	0.426035140509562		0.649581320646589		1.04042720794678	0.425805265474241	0.670700256939037	0.634866709933204	6.54443418786234E-4	99.8494223160974
660	0.432383786724428		0.659567017017821		1.03775990009308	0.432153911689107	0.679343560765788	0.636134552010713	5.55580766960366E-4	99.872154592764
658	0.440933611824542		0.672915193234015		1.03528940677643	0.440703736789221	0.691545539547717	0.637273630710494	6.37410331834141E-4	99.8533385004272
656	0.452863417074724		0.691444607222475		1.03309750556946	0.452633542039403	0.709224099736903	0.638209477381429	6.49917919820223E-4	99.8504627870925
654	0.469136277422299		0.716641684758511		1.03115320205688	0.468906402386978	0.733871377549053	0.638949026671415	6.94032745475637E-4	99.8403206779281
652	0.486279310495889		0.743046836935716		1.02945709228516	0.486049435460568	0.759847227992363	0.639667314105741	6.99175182280106E-4	99.839138485841
650	0.498342446434015		0.761616067208197		1.02793705463409	0.498112571398694	0.777813280769035	0.640401216737008	7.02882897957348E-4	99.8382861297227
648	0.501927632576916		0.767287123704092		1.02666783332825	0.501697757541595	0.782675185245191	0.641003786755327	7.15922196840433E-4	99.8352886205112
646	0.50217260053248		0.768076820356209		1.02560043334961	0.501942725497159	0.782671371337454	0.641319899869881	7.24929413125592E-4	99.8332180698826
644	0.506043084220627		0.774290553851889		1.02465677261353	0.505813209185306	0.788318175109346	0.641635858662203	6.92405865139302E-4	99.840694683506
642	0.514252829671221		0.787309606229066		1.02378344535828	0.5140229546359	0.80097497237299	0.641746586804131	7.47784312153164E-4	99.8279644500977
640	0.52582738345798		0.805292744279768		1.02288675308228	0.525597508422658	0.818668143101616	0.642015342665434	6.94341287563547E-4	99.8402497469553
638	0.539545052470549		0.826692451225509		1.02184903621674	0.539315177435228	0.839704875585247	0.642267531267271	7.94043820086906E-4	99.8173316956683
636	0.554071181562896		0.849101914942117		1.02063095569611	0.553841306527575	0.861575709774476	0.642823724304562	6.9047422161477E-4	99.8411387532981
634	0.568902560898164		0.872093155389799		1.01923584938049	0.568672685862843	0.883831513474095	0.643417526070721	7.16353406514962E-4	99.835189494405
632	0.582513458060575		0.893146507661631		1.0177036523819	0.582283583025254	0.903928940624901	0.644169643050383	7.41010055332154E-4	99.8295216090568
630	0.594884082400792		0.912364190995486		1.01619136333466	0.594654207365471	0.922114562549311	0.644881050052467	7.30871258346189E-4	99.8318522006476
628	0.610285505068744		0.936364656597827		1.01451146602631	0.610055630033423	0.944938934047646	0.645603232179511	8.74322321329929E-4	99.7988823587434
626	0.625490844668631		0.959931320322019		1.01275491714478	0.62526096963331	0.967170099242646	0.646485008296811	8.73888153421142E-4	99.7989821285897
624	0.641183302491669		0.984104248692225		1.01092803478241	0.640953427456348	0.989862537124771	0.647517613221437	8.23836167701253E-4	99.8104845199158
622	0.654610811898464		1.00492327082583		1.0092089176178	0.654380936863143	1.00918998534159	0.648421948659792	8.14411665358599E-4	99.8126505026556
620	0.664877593168476		1.02095516620855		1.00772297382355	0.664647718133154	1.02385977871404	0.649158929719798	9.02039769795594E-4	99.7925132193118
618	0.672787414303862		1.03319508345701		1.0068142414093	0.67255753926854	1.0352598176436	0.649650964720508	8.34466081970054E-4	99.808041560234
616	0.679856841765848		1.04438509378827		1.00664889812469	0.679626966730527	1.04635421447636	0.649519022648216	8.95948345726373E-4	99.7939129211394
614	0.687751498716724		1.05667573064101		1.00700271129608	0.687521623681403	1.05909868775738	0.649157280269335	9.14691809791066E-4	99.7896060663769
612	0.695219738432976		1.06835627716416		1.00780045986176	0.694989863397655	1.07170936696573	0.648487252999702	9.27432107843717E-4	99.7866787193138
610	0.703482159969786		1.08121995997409		1.00835275650024	0.703252284934465	1.0852678170997	0.647998838493022	9.28789630278232E-4	99.7863668055111
608	0.712696369222518		1.09561378437947		1.0085117816925	0.712466494187197	1.09995531390082	0.64772312582458	9.3232591946799E-4	99.785554287673
606	0.723593534706319		1.11259496442636		1.00798010826111	0.723363659670998	1.1164921244089	0.647889621302943	9.99080646769329E-4	99.7702175845123
604	0.737278194380642		1.13357582707446		1.00688087940216	0.737048319345321	1.13639978977179	0.648581886391701	9.58942184005145E-4	99.7794389962368
602	0.753324340556759		1.15818477350933		1.00539457798004	0.753094465521438	1.15946400107008	0.649519489028031	9.40352604754068E-4	99.7837100555397
600	0.769597885718784		1.18312928360253		1.00393652915955	0.769368010683463	1.18282522173322	0.650449446416174	0.00100267885902925	99.7693909727365
598	0.787550111599199		1.21057071232588		1.00287997722626	0.787320236563878	1.20910086512616	0.651161751076681	0.00108156495881168	99.7512703110573
596	0.806883919200167		1.2400011479993		1.00218975543976	0.806654044164846	1.23776359507345	0.651702835158095	0.00106346970573486	99.7554266201073
594	0.826878353324375		1.27056283336302		1.00178515911102	0.826648478289054	1.26788013752348	0.651992608626024	0.00111199751634507	99.7442806299974
592	0.84690385220676		1.30111362608763		1.00154709815979	0.846673977171438	1.29817690043102	0.652202313020919	0.00111895011672215	99.7426838411799
590	0.865803951618543		1.32989616411959		1.00122630596161	0.865574076583222	1.32657893292554	0.652485920814637	0.00113739567713163	99.7384476127525
588	0.883277168406634		1.35636555122086		1.00070452690125	0.883047293371313	1.35237563509914	0.65296007296566	0.0011031506049996	99.7463125181117
586	0.897668573378425		1.37833746885767		0.999973237514496	0.897438698343104	1.373358683035	0.653462718391849	0.00118039797280865	99.7285723551555
584	0.911171963522222		1.39859871755601		0.999053955078125	0.910942088486901	1.39233822537709	0.654253450694562	0.00113921282097221	99.7380302951624
582	0.925253022120742		1.41990328412127		0.998229086399078	0.925023147085421	1.41245547964503	0.65490428577465	0.00117686596456466	99.7293834259537
580	0.938652287509096		1.44028258335624		0.997582137584686	0.938422412473775	1.4318700970328	0.655382366332273	0.00123415788948373	99.716228040084
578	0.950707714401843		1.45846666165272		0.997147619724274	0.950477839366522	1.44937862631696	0.655782983209708	0.00128473215369057	99.7046166071803
576	0.96707298563772		1.48316509539192		0.996688485145569	0.966843110602399	1.47332790740672	0.656230772350055	0.00125242683038548	99.7120334863017
574	0.983864070775704		1.50858058601303		0.996220171451569	0.983634195740383	1.49795505972665	0.656651339006045	0.00133459400866542	99.6931700612023
572	1.00157934841488		1.53536331539819		0.9957315325737	1.00134947337956	1.52388873164729	0.657101435678393	0.00133722651880981	99.692565765046
570	1.02064240894662		1.564124578711		0.995352268218994	1.0204125339113	1.55193588608143	0.657509464832204	0.00140527892464346	99.67694551723
568	1.03763274548761		1.58961025854081		0.995181918144226	1.03740287045229	1.57703316695598	0.657819310455409	0.00142750666114729	99.671844056642
566	1.05662550664219		1.61811258386637		0.995282471179962	1.05639563160687	1.60556037494136	0.657960702128971	0.00145621356749283	99.6652559560586
564	1.07738462673746		1.64944670971773		0.995623111724854	1.07715475170214	1.63730686612102	0.657882021990206	0.00151987112122192	99.6506483989787
562	1.10160702318609		1.68573817685787		0.996170461177826	1.10137714815077	1.6743594724155	0.657790137838127	0.0015364336729796	99.646848126078
560	1.12830291815998		1.72590016400208		0.99668163061142	1.12807304312466	1.71524735886518	0.657673680297051	0.00158246769297917	99.6362863941498
558	1.15507027645146		1.76603827541396		0.997178435325623	1.15484040141614	1.75612719811355	0.657606352578948	0.00163881328203171	99.6233603697316
556	1.18323463669048		1.80835708750072		0.997675478458405	1.18300476165516	1.79922298000478	0.657508699478715	0.00173807103630722	99.6005941096737
554	1.21271252200971		1.85261300895475		0.99818366765976	1.21248264697439	1.84431499405503	0.657416249872017	0.00184162388680046	99.5768482498113
552	1.24094347160393		1.89478592992881		0.998678505420685	1.24071359656861	1.88734648111261	0.657385174892318	0.00191503847341591	99.5600168701749
550	1.2679578614496		1.93501425862549		0.999059557914734	1.26772798641428	1.92825710712726	0.657447589187398	0.00199704270486378	99.5412195511841
548	1.29743439911258		1.97843195010239		0.999196529388428	1.29720452407726	1.97190427860248	0.657843556684512	0.00198974786674639	99.5428915576483
546	1.32445655964914		2.01807275682876		0.99907249212265	1.32422668461382	2.01126353187466	0.658405357441912	0.00203514482710913	99.532486846754
544	1.35186862496929		2.05798548005795		0.998806416988373	1.35163874993397	2.05059297192709	0.65914531476412	0.00205243043816904	99.528525374323
542	1.37868688536018		2.09637206803933		0.998482644557953	1.37845701032486	2.08825659494282	0.660099440683247	0.00198857594594033	99.5431601692655
540	1.39976222951425		2.12622039189467		0.99831360578537	1.39953235447893	2.11770104999098	0.660873428987952	0.00197311472878117	99.5467040453136
538	1.41980271649472		2.15467853142939		0.998360693454742	1.4195728414594	2.14621242396544	0.661431657746408	0.00200270647726483	99.5399214109604
536	1.44028718540701		2.18371910016101		0.998661279678345	1.44005731037168	2.17586029667414	0.661833534337131	0.00207387167906422	99.5236117442867
534	1.46162215602488		2.21379004974788		0.999168038368225	1.46139228098956	2.20701034259817	0.662159235406735	0.00210020730560818	99.5175768133521
532	1.48222243792499		2.24246515217236		0.999805629253387	1.48199256288967	2.23708821278546	0.662464964242244	0.00214403134834074	99.5075351418973
530	1.5026823475112		2.27079760323103		1.0004802942276	1.50245247247588	2.26694385023611	0.662765631499605	0.00217093802122747	99.5013703530926
528	1.52116280398033		2.29622677793411		1.00102841854095	1.52093292894501	2.29364114730398	0.663108494863183	0.00224856550420625	99.4835866809902
526	1.5391794286642		2.32067746631297		1.0014044046402	1.53894955362887	2.31898766555756	0.663629900445746	0.00232086116801883	99.4670273332755
524	1.56055792345182		2.34970105262278		1.00163662433624	1.5603280484165	2.34859651195411	0.664366161013436	0.00234192668402649	99.462202787886
522	1.58363946510764		2.38137613550402		1.00181710720062	1.58340959007231	2.38075234068116	0.665087906463755	0.00238404166293005	99.4525580752545
520	1.60705390104923		2.41336565686057		1.0020604133606	1.60682402601391	2.41338597473147	0.665796537660206	0.00247421723114476	99.431910196202
518	1.63335224322931		2.4495159594505		1.00242054462433	1.63312236819398	2.45049112938621	0.666446961839458	0.00255234667658446	99.4140240346516
516	1.66311629096194		2.49074827862168		1.00289297103882	1.66288641592662	2.4929976137589	0.667022867069392	0.00261937691954148	99.3986813760692
514	1.70089053519576		2.54330638632182		1.00349617004395	1.70066066016044	2.54723890939665	0.667648666125027	0.00267750924183596	99.385377293897
512	1.74072716955807		2.59879072447903		1.00418245792389	1.74049729452275	2.60469735715602	0.668214788847154	0.00274833915007071	99.3691696664946
510	1.78659416156229		2.66263912021999		1.00497353076935	1.78636428652697	2.67091522812493	0.668821034721142	0.00277877115794103	99.3622068854038
508	1.84195704586256		2.7406044885608		1.00580215454102	1.84172717082724	2.75153519456826	0.669345307471605	0.00286445601026429	99.3426049872501
506	1.90871560028331		2.83497426113294		1.00663805007935	1.90848572524798	2.84881812645991	0.669921925700315	0.00296136244771721	99.320440616385
504	1.98475659851462		2.94262904097621		1.00742840766907	1.9845267234793	2.95950934734814	0.670559370004196	0.00299832138233882	99.3119886980781
502	2.06989621243223		3.06250031246988		1.00814700126648	2.06966633739691	3.08246821331952	0.671431526350786	0.00308221586093722	99.2928060393706
500	2.15598881706869		3.18327822214353		1.00866842269897	2.15575894203337	3.20588735338632	0.672437520225493	0.00308702408917524	99.2917067395847
498	2.26286021068462		3.33431134409862		1.00904226303101	2.2626303356493	3.35947434681377	0.673507252048299	0.003184475147801	99.2694292370743
496	2.41859127207407		3.55693187787704		1.00876116752625	2.41836139703875	3.58310942563563	0.674933726482479	0.00328647566935135	99.2461170721608
494	2.62762880297708		3.85561408615623		1.00816118717194	2.62739892794175	3.88209811119428	0.67679869304835	0.00331016187065133	99.2407043867558
492	2.81730256930902		4.12379026428387		1.00794267654419	2.8170726942737	4.15156291319348	0.678557149000722	0.00344436904350529	99.2100414213677
490	2.91886316460633		4.26104075201669		1.00791668891907	2.91863328957101	4.28979293125784	0.68036693992948	0.0035379122676395	99.1886747493556
488	2.95387327188831		4.30105446523571		1.00887954235077	2.95364339685299	4.33425994719782	0.681464294443756	0.00364737539007458	99.16367757737
486	3.02824781260675		4.39902389599659		1.00954282283783	3.02801793757143	4.43601381042825	0.682598852702649	0.00368269769817871	99.1556126636296
484	3.22116675470698		4.6675993197281		1.01009511947632	3.22093687967166	4.70972737179438	0.683890303069602	0.00378674603054765	99.1318597936302
482	3.4318078476153		4.95860629854576		1.01073944568634	3.43157797257998	5.0068638765553	0.685374729009188	0.00387806563612026	99.1110174135842
480	3.54825250779454		5.11069568514507		1.01162850856781	3.54802263275922	5.16512595491787	0.686918898731025	0.00399850767787987	99.0835349594026
478	3.538486741232		5.08050257979697		1.0127238035202	3.53825686619668	5.14014098463591	0.688357941304075	0.00407994313037568	99.0649573435715
476	3.58733246613448		5.13623450584381		1.01399922370911	3.58710259109916	5.20312658677799	0.68941290035391	0.00421764089381094	99.0335527060711
474	3.7913702460809		5.41447235629452		1.01552999019623	3.79114037104558	5.49354027887553	0.690108778418128	0.00430001040940655	99.0147715044204
472	4.19740335725144		5.9789914507185		1.01726651191711	4.19717348221612	6.07720041588163	0.690642597740827	0.00444007455878125	98.9828434366804
470	4.71059481760317		6.69523464121591		1.01911818981171	4.71036494256785	6.81819889489921	0.69085179461276	0.00456189738115538	98.9550819089991
468	5.18713419802323		7.35654795400312		1.02110064029694	5.18690432298791	7.50672951585586	0.690967259714371	0.00462632064898381	98.9404039952812
466	5.42191552521009		7.66387289906417		1.02326714992523	5.42168565017477	7.83713236150645	0.691794574863174	0.00481940373586374	98.8964258344197
464	5.30040033526596		7.45662072704075		1.02553856372833	5.30017046023064	7.64198386797217	0.693559493424717	0.00497063076231972	98.8619947987365
462	5.08126257002831		7.12292178794446		1.027627825737	5.08103269499299	7.3146340619397	0.694639356113681	0.00506895462571651	98.839615069303
460	4.89751697994221		6.85396275093323		1.02919805049896	4.89728710490689	7.04899877345419	0.694749320052313	0.0052523393209862	98.7978879760039
458	4.74270719052173		6.63256446568508		1.03004312515259	4.74247731548641	6.82673692562689	0.694691675855214	0.00539950328713967	98.7644152368413
456	4.5545833485		6.3720155262965		1.03006207942963	4.55435347346468	6.55848096511884	0.69442200071738	0.00556669322192769	98.7264013111435
454	4.35717654264818		6.10719637208122		1.02918720245361	4.35694666761285	6.2803620746297	0.693741318707289	0.00569897127490464	98.6963356573695
452	4.21231126978953		5.9246967829667		1.02735614776611	4.21208139475421	6.08169643837137	0.692583300964981	0.00588043553050199	98.6551053018205
450	4.07042918539552		5.74721966941806		1.02460694313049	4.0701993103602	5.88357753837503	0.691789864893043	0.00607658147405602	98.6105585015362
448	3.85980234785824		5.47062948985919		1.02102768421173	3.85957247282292	5.58061820941068	0.691603031777817	0.0062287638751511	98.5760101404322
446	3.53211589164808		5.02610460638152		1.01675081253052	3.53188601661276	5.10527112903077	0.691811644738892	0.00644699018063575	98.5264896523546
444	3.24234292405596		4.63292104105807		1.0121191740036	3.24211304902063	4.68406629362674	0.692157806013961	0.00670932240411837	98.4669934590821
442	3.06918614740411		4.39951329540869		1.00782012939453	3.06895627236878	4.42893738098781	0.692932865915638	0.0069492560511225	98.4126086560014
440	3.0064882838851		4.31682473372738		1.0045450925827	3.00625840884978	4.33148060947285	0.694048682170056	0.00722835314465805	98.3493846215728
438	2.9790410671979		4.27894462645687		1.00285410881042	2.97881119216258	4.28620106457505	0.694977008144136	0.0074715438684802	98.2943275952322
436	2.95828432411678		4.24675685070658		1.00277864933014	2.95805444908146	4.25360133626859	0.695423528260494	0.00774866164237998	98.2316272438116
434	2.92662600148937		4.19556795930956		1.00421047210693	2.92639612645405	4.20827044254689	0.69539164994419	0.00804184540620375	98.1653353601792
432	2.90480780089296		4.15509742724471		1.00665414333344	2.90457792585764	4.17777112576454	0.695245823291982	0.00830244131018481	98.1064494845876
430	2.90583103331075		4.14524177787002		1.00962591171265	2.90560115827543	4.18015390735642	0.695094300992607	0.00862285636671288	98.0340949148323
428	2.91908584038669		4.15214372120182		1.01240730285645	2.91885596535137	4.19865727823987	0.695187954606048	0.0089024832071182	97.9709945483065
426	2.91414538142206		4.13616050105084		1.01423370838165	2.91391550638674	4.19002102967659	0.695441737821457	0.00921488153930938	97.9005470261494
424	2.88950174138381		4.09799868723849		1.01462960243225	2.88927186634849	4.15293644851434	0.695717813688695	0.00949961184078871	97.8363829216066
422	2.85554350421481		4.05511337735125		1.01337480545044	2.85531362917949	4.10434160081123	0.695681282624023	0.0098215596588497	97.7638824888344
420	3.33882226204935		4.75897265676533		1.01114857196808	3.33859238701403	4.80703127899526	0.694522709182755	0.0101458746976953	97.6909032936808
418	3.21238138608974		4.60172018424915		1.0079870223999	3.21215151105442	4.6334927239846	0.693246262031919	0.0105262410291804	97.6053805327678
416	3.02883689219424		4.36682031214089		1.00422537326813	3.02860701715892	4.38030884568446	0.691414035825977	0.0108755681574731	97.526902680415
414	2.85455344074221		4.14471648246197		1	2.85432356570688	4.13977445211482	0.689487700048186	0.0112237606303676	97.4487425249783
412	2.69739854390923		3.94658259653492		0.995681941509247	2.69716866887391	3.92462033167345	0.687243208497532	0.0116637239140655	97.3500717816873
410	2.5718230732196		3.78951483104925		0.991583049297333	2.57159319818427	3.75271823800794	0.6852614651798	0.0121111909649966	97.2498206434618
408	2.46827501455132		3.65930422365939		0.988153755664825	2.468045139516	3.61107172588104	0.683466108365333	0.0125276869296312	97.1566010801066
406	2.3833608645		3.55187413131522		0.985654711723328	2.38313098946468	3.4960503374819	0.681663808988852	0.0130173018416554	97.0471303905286
404	2.3156391850831		3.46642685382462		0.98426741361618	2.31540931004778	3.40702671447583	0.679598225693397	0.0134986521238215	96.9396277913483
402	2.27981180729657		3.4238402158112		0.984128773212433	2.27958193226125	3.36463607699895	0.677512182623478	0.0140040037143575	96.8268929852448
400	2.2770582623857		3.42654462253867		0.985299050807953	2.27682838735038	3.37130178632834	0.675355851138458	0.0145583075110289	96.7033885893164
398	2.3076462798416		3.47520680984423		0.987817049026489	2.30741640480628	3.42798671382336	0.673111245006177	0.0150586570682711	96.592041017619
396	2.35335325475662		3.54383649707		0.991658091545105	2.3531233797213	3.50937333304991	0.670525235249411	0.0157040666304434	96.4486011874708
394	2.38794107688404		3.5920242532251		0.996615350246429	2.38771120184872	3.57494120591625	0.66790222952401	0.0162721952009564	96.3225130531345
392	2.39294632588748		3.59357338163688		1.0025714635849	2.39271645085216	3.5978593861292	0.665038900652086	0.0168921490216674	96.1851111037445
390	2.39315178242963		3.5861906131117		1.0093150138855	2.3929219073943	3.61460796304042	0.662014229997298	0.0175182467222242	96.0465463937337
388	2.39576558124731		3.58168252963362		1.01699423789978	2.39553570621198	3.63752447823712	0.658562085435904	0.018178389105049	95.9006632784143
386	2.40660087173135		3.58870273468369		1.02549052238464	2.40637099669603	3.67511263679164	0.654774760535445	0.0188840299796492	95.7449705761459
384	2.42980202886521		3.61442135518639		1.03449034690857	2.42957215382989	3.73397151891226	0.650667028798775	0.0196389870231279	95.578676615853
382	2.45590078120233		3.64529620613724		1.04369103908539	2.45567090616701	3.79940503236919	0.646330382058722	0.0203946508396517	95.4125162070837
380	2.48136634994823		3.67626106685335		1.0526317358017	2.48113647491291	3.86454693007934	0.642025189447492	0.0211524468231913	95.2461770508883
378	2.50004245583064		3.69931321764015		1.06117713451386	2.49981258079531	3.92038223036213	0.637645115681591	0.021948645432344	95.0717207667175
376	2.50322469947026		3.70099276597328		1.06922745704651	2.50299482443494	3.95191892916841	0.633361885528771	0.022796360652462	94.8863278080881
374	2.4953132248925		3.68994731924007		1.07646524906158	2.49508334985718	3.96678013610138	0.628994616351335	0.0239415057313471	94.6364616769107
372	2.48684022687948		3.68292814446343		1.08239138126373	2.48661035184416	3.98102047032715	0.624616318950959	0.0255553349286628	94.2854471529525
370	2.48155294174436		3.68017479486506		1.08660447597504	2.48132306670904	3.99352437217527	0.621336652906782	0.0269494572977207	93.9832680868364
368	2.48167553695871		3.68360982414821		1.08728444576263	2.48144566192339	3.99975827332784	0.620398907221662	0.0280667326771343	93.7417954402351
366	2.49031937969761		3.70051317124864		1.08414971828461	2.49008950466229	4.00655241130907	0.621504288233858	0.0291978433128107	93.4979646144643
364	2.50268331763649		3.72374759010111		1.07767069339752	2.50245344260117	4.00764776619061	0.624419507051596	0.030201242746292	93.2821950953024
362	2.51387074190819		3.74579329557942		1.06871128082275	2.51364086687287	3.9978899470338	0.628741886388805	0.0312562755392911	93.0558594295084
360	2.53649059289203		3.78361500197126		1.05907070636749	2.53626071785671	4.0018818531897	0.633767015344338	0.0321304671550543	92.8687356298072
358	2.56823517528471		3.83356141046309		1.04836678504944	2.56800530024939	4.01379739071013	0.639794451556773	0.0328176380612845	92.72190845402
356	2.60268061948301		3.88873978426605		1.03684234619141	2.60245074444769	4.02688597530619	0.646268794400074	0.0335859253029229	92.5580240655527
354	2.63043870286819		3.93757351942248		1.02479386329651	2.63020882783287	4.03013661661101	0.652635153109188	0.034740592415018	92.3122651092862
352	2.66321780918253		3.99615786733292		1.01273274421692	2.6629879341472	4.04203496735263	0.658823576652865	0.0359979511899624	92.045391403899
350	2.68563516016717		4.04051647555411		1.00126516819	2.68540528513185	4.04068012562342	0.664592395746131	0.0373837424927518	91.7521516424847
348	2.70395757708614		4.08038800859792		0.990810453891754	2.70372770205082	4.03799447952197	0.669571916396206	0.0388696799332148	91.43875833716
346	2.71732855115381		4.11405620426417		0.981342911720276	2.71709867611849	4.03245006802278	0.673808387031251	0.0404146284645847	91.1140542319946
344	2.72634702035606		4.14281405815316		0.972720801830292	2.72611714532073	4.0249941967586	0.677297161699295	0.0420401525312687	90.773660185593
342	2.73008304329035		4.16376463179992		0.964752793312073	2.72985316825502	4.01223572164094	0.680382050718236	0.0436321188819491	90.4415259224315
340	2.73242272101537		4.18385173377043		0.957048177719116	2.73219284598005	3.99941791651399	0.683147623732584	0.0452165172594587	90.1121771868439
338	2.72980917122113		4.19911512970554		0.950148642063141	2.72957929618581	3.98508787493313	0.684948332847393	0.0470306061764098	89.7365551937635
336	2.71789856091716		4.20152544219591		0.944044172763824	2.71766868588184	3.96176011547315	0.685975073368941	0.0488180282341075	89.367986205007
334	2.69499236471962		4.18965408238006		0.938558220863342	2.6947624896843	3.9275958983814	0.686109915430669	0.0507218003515988	88.9770903331296
332	2.66558652011056		4.17062299603033		0.933434963226318	2.66535664507524	3.88839225901505	0.685464960201929	0.0526604794652987	88.5807841567094
330	2.62081872243788		4.13139134823787		0.928119659423828	2.62058884740256	3.82983873555042	0.684255664103291	0.0546335039896145	88.1792693606347
328	2.55974967727175		4.07150766927793		0.923022568225861	2.55951980223642	3.75353185990493	0.681896383930321	0.0567786508483279	87.7447920690639
326	2.49150482891163		4.00315579210965		0.918195605278015	2.4912749538763	3.67114230501241	0.67861029262604	0.0589175176925499	87.3137181065668
324	2.40967649427766		3.91578282370877		0.913534343242645	2.40944661924234	3.57268737569016	0.674407348271521	0.0611688230110296	86.8622704510728
322	2.32492439012412		3.8266455804126		0.908978700637817	2.3246945150888	3.47384712716143	0.669198853603086	0.063548789456774	86.387560582676
320	2.24378589679599		3.74174016082999		0.904343068599701	2.24355602176067	3.37934748805848	0.663902137820591	0.0660627564656943	85.8889401213588
318	2.1644252721131		3.65632810794863		0.899914681911469	2.16419539707778	3.2859359405607	0.658623733458569	0.0686398744745073	85.3807814788864
316	2.09255613421668		3.58229000765853		0.895963847637177	2.09232625918136	3.20517445808898	0.652796372409904	0.0713926186111741	84.8413130727081
314	2.03299370525546		3.52606478815663		0.892610192298889	2.03276383022014	3.14299006195632	0.646761138326627	0.0741968550028015	84.2952581490984
312	1.98081664735848		3.48069202710747		0.88999992609024	1.98058677232316	3.09341724022483	0.640258529166021	0.0770818579498673	83.7371435384322
310	1.92959434043425		3.43786851653639		0.888025283813477	1.92936446539893	3.048525517209	0.632884473004284	0.0801703068567747	83.1437662187568
308	1.87353000716218		3.38634330189853		0.887133359909058	1.87330013212686	2.99975387123213	0.624484611918314	0.0834109411413187	82.5256699888833
306	1.81553542731579		3.3310130994829		0.887335538864136	1.81530555228047	2.95134106443198	0.615078200943152	0.0866590709657414	81.9107550074427
304	1.75284795442175		3.26767590247036		0.888603985309601	1.75261807938643	2.89927832177331	0.60450149481146	0.0902149460841204	81.2428320154278
302	1.68733476376556		3.20179230654221		0.891015827655792	1.68710488873023	2.84844419473559	0.59228995668874	0.0939332166979081	80.5502297176123
300	1.6195999959698		3.13090949920825		0.894482612609863	1.61937012093448	2.79612354848032	0.579148271833197	0.0978850293828949	79.8205968070454
298	1.54498929070153		3.04614880618756		0.900495111942291	1.54475941566621	2.73859183605007	0.564070700617529	0.102052099176322	79.058378167731
296	1.46602538964986		2.95238729289034		0.909423410892487	1.46579551461454	2.68047572408093	0.546841555566458	0.10647407228479	78.2574923997986
294	1.3790899456613		2.84259024987204		0.92107892036438	1.37886007062598	2.61369795841389	0.527551420464336	0.111311146425554	77.3907140237229
292	1.29360695039741		2.73059611701876		0.934718489646912	1.29337707536209	2.54771927119362	0.507660749748198	0.116250278010669	76.5155531091406
290	1.2049342822947		2.60962420588105		0.948803901672363	1.20470440725937	2.47133261076302	0.487471577889883	0.121605311924662	75.5778769573966
288	1.11160369184731		2.4732035570121		0.962523102760315	1.11137381681199	2.37575874306946	0.467797422635645	0.127108587432569	74.626214581128
286	1.01306831718001		2.32250114794631		0.97529125213623	1.01283844214469	2.26029513370302	0.448100085268671	0.133056067720984	73.6112058779097
284	0.919856242967502		2.1749551841804		0.986907541751862	0.919626367932181	2.14160234721878	0.429410422119899	0.139047856884797	72.6025948924596
282	0.827816669971016		2.02305321701393		0.996903836727142	0.827586794935695	2.01186278493008	0.41135349842681	0.14531876746749	71.5617961531133
280	0.743460770649883		1.8812615745141		1.00535523891449	0.743230895614562	1.88636768360589	0.394001075227199	0.151627628376606	70.5297544136973
278	0.664889484037569		1.7444577689084		1.00982344150543	0.664659609002248	1.75660376966678	0.378377651511206	0.157974801767057	69.5064644817135
276	0.594053400336241		1.61754212976709		1.01022160053253	0.593823525300919	1.62908345345493	0.364513876831509	0.164326844053767	68.4972531518479
274	0.526562762788537		1.49345343153245		1.00653350353241	0.526332887753216	1.49823659568298	0.351301582987488	0.171326503143379	67.4021107245132
272	0.47328123956394		1.39509315848798		0.99854451417923	0.473051364528619	1.3881277828851	0.340783730691871	0.177871068421337	66.3940148996408
270	0.429054222223572		1.31258866663015		0.988452672958374	0.428824347188251	1.29254681291896	0.331766975789322	0.18429779161828	65.4187450095348
268	0.392199288899158		1.24541019094644		0.972882628440857	0.391969413863836	1.20682992458103	0.324792587489007	0.191004769243109	64.4162191552487
266	0.363170098951676		1.19417882701541		0.953488886356354	0.362940223916355	1.13392406886921	0.320074539275184	0.197342427998591	63.483019015862
264	0.338491962148429		1.15115985593486		0.931065678596497	0.338262087113108	1.06720407760022	0.316961014498506	0.203650985326867	62.5675305979537
262	0.316953411209103		1.11341242871753		0.906938552856445	0.316723536173782	1.00531453898224	0.315049194945919	0.20956659994936	61.7210634114499
260	0.295649056435832		1.07321762937863		0.883175373077393	0.295419181400511	0.943474700724099	0.313118286238924	0.21533922901226	60.9060971632537
258	0.275368888365012		1.03114961959799		0.859192788600922	0.275139013329691	0.881710160291859	0.31205153997388	0.220433035952781	60.1959072064521
256	0.254409511617707		0.983712745397891		0.834685504436493	0.254179636582386	0.816965728019795	0.311126437578331	0.225522145723914	59.4946418231547
254	0.233060002425672		0.931348808534373		0.80953711271286	0.232830127390351	0.749960668411307	0.31045645084771	0.230347524458321	58.8372648408104
252	0.211737149727671		0.87486824296416		0.784095585346222	0.211507274692349	0.682105302889956	0.310080091440767	0.234963980110076	58.2151498751238
250	0.191087545012819		0.817142081085447		0.758817315101624	0.190857669977498	0.616311461826637	0.309677300843684	0.23973806798301	57.5787101788695
248	0.171813116378898		0.760610712292781		0.735633492469788	0.171583241343577	0.555895191649705	0.308661135985683	0.244401640298531	56.9637221858948
246	0.152562171326427		0.701215068914391		0.715051770210266	0.152332296291106	0.497871268777187	0.305967236601635	0.24955999986471	56.2911343121238
244	0.134026238401836		0.640814534182596		0.697206974029541	0.133796363366514	0.443334744267699	0.301795347864106	0.255081043561191	55.5800529824589
242	0.117021962957086		0.583205152698924		0.681808710098267	0.116792087921765	0.394264833548059	0.296227504925388	0.261173477328571	54.805800144494
240	0.100777195413354		0.525130090675121		0.667849898338318	0.100547320378033	0.347407543206842	0.289421811195874	0.26813931120991	53.9337588255512
