Wavelength	I1	I1 dark	R1	R1dark	XCorrect	I1c	R1c	I1c/R1c	Abs	Percent T
nm	uA	uA	uA	uA		uA	uA	uA/uA	OD	T*100
	Abs Detector Raw	Dark Offset for Abs Detector	Ref Detector Raw	Dark Offset for Ref Detector	Linear interp	Dark subtracted Abs Detector	Corrected Ref Detector	Corrected Intensity 	-Log(T)	% Transmittance
800	0.142957851449032	2.25381997161552E-4	0.208584990850495	0.0049460817826046	1.35067892074585	0.142732469451871	0.275050781921681	0.518931334987126	7.12166885297423E-4	99.8361518924345
798	0.144207973895819		0.210629072644696		1.34199333190918	0.143982591898658	0.276025202224063	0.521628426457161	8.2376585104925E-4	99.8105006802401
796	0.155871451327242		0.227606977926587		1.33337259292603	0.15564606933008	0.296889936434734	0.5242551202617	8.52165181629663E-4	99.8039740978265
794	0.166027783455238		0.241934821039502		1.32502686977386	0.165802401458077	0.314016447349221	0.528005468687078	7.69789070892006E-4	99.8229065119594
792	0.161812841455479		0.235624411137349		1.31713449954987	0.161587459458317	0.30383438589166	0.531827426260881	7.05488751183273E-4	99.837687081956
790	0.15184432411555		0.221432051956388		1.30966234207153	0.151618942118389	0.283523522723425	0.53476671234186	7.1243621686711E-4	99.8360899781798
788	0.148961187148921		0.217629731643822		1.30193436145782	0.14873580515176	0.276900151874584	0.537145986178896	7.91519206436322E-4	99.8179119492546
786	0.152141855700055		0.222286038998263		1.29363858699799	0.151916473702893	0.281159355150668	0.540321603816042	7.14974862312781E-4	99.8355063932969
784	0.156192593522614		0.228089727176977		1.28498160839081	0.155967211525452	0.286735480361049	0.543941096264273	6.37414488872006E-4	99.8533375446377
782	0.161828978692963		0.23621642491367		1.27644824981689	0.161603596695801	0.295204624724201	0.547429081935223	6.14921641080325E-4	99.8585092522674
780	0.170793305668252		0.249138823772557		1.268270611763	0.17056792367109	0.309702478271681	0.55074768733837	5.51385576100528E-4	99.8731193408582
778	0.183911878995349		0.268157968365139		1.26044166088104	0.183686496998187	0.331763227487722	0.553667440448882	8.01612851939484E-4	99.8155920604419
776	0.199960049020945		0.291110331173206		1.25292003154755	0.199734667023784	0.358540920374253	0.557076349375398	5.7316192810577E-4	99.8681116380942
774	0.223310625023222		0.324601338729812		1.24577045440674	0.223085243026061	0.398217074700626	0.560210139642488	5.9932936032019E-4	99.862094492072
772	0.27737652004034		0.402807670204425		1.23883104324341	0.277151138043178	0.492883286651083	0.56230581468139	6.84791554569213E-4	99.8424451656164
770	0.375211088893797		0.543800153771906		1.23221707344055	0.374985706896635	0.663985187598181	0.564750108738212	5.74657132906726E-4	99.8677678091275
768	0.443361436216696		0.639874176520337		1.22665858268738	0.443136054219535	0.778839996799384	0.568969308254053	6.40462760096422E-4	99.852636686119
766	0.416228778549234		0.598762536059611		1.22236526012421	0.416003396552073	0.725860604598347	0.573117474507749	6.55503398094996E-4	99.8491786146531
764	0.350488750430571		0.504371866270762		1.2186872959137	0.350263368433409	0.608643858807449	0.575481643928356	6.1562022337595E-4	99.8583486254729
762	0.321659813778187		0.464492538122007		1.214359998703	0.321434431781026	0.558054834124286	0.575990766723541	7.1170460509653E-4	99.8362581620346
760	0.328578611663139		0.474467596981074		1.20898902416229	0.328353229665977	0.567646358482999	0.578446817739626	6.49169867686455E-4	99.8506347750389
758	0.346919111772959		0.500484212172527		1.2031888961792	0.346693729775798	0.596225976118555	0.581480417932781	6.04609735756584E-4	99.8608803248027
756	0.372817857702188		0.537124302052976		1.19780671596527	0.372592475705026	0.637446646330296	0.584507704056483	4.15816834668701E-4	99.9043004567566
754	0.398231049128962		0.57292402175856		1.1931779384613	0.398005667131801	0.677698747512009	0.587289955297944	4.62088693435308E-4	99.8936567308594
752	0.420306028593978		0.604004217862397		1.18890511989594	0.420080646596816	0.712223285100581	0.589815940288293	5.60395340032925E-4	99.871047419772
750	0.450156085847749		0.646021320355638		1.1848680973053	0.449930703850588	0.75958959815757	0.592333945780619	4.70906729647926E-4	99.8916284828007
748	0.494044506998064		0.708154148781684		1.18107759952545	0.493819125000902	0.830543295738206	0.594573609268599	4.68440234241769E-4	99.892195800491
746	0.549812201172199		0.786613840240635		1.17750906944275	0.549586819175038	0.920420874875315	0.597103818673699	4.94551735326302E-4	99.8861900673364
744	0.601547500342917		0.858629565966058		1.174187541008	0.601322118345755	1.00238451109251	0.599891670004327	4.58683266652867E-4	99.894440028557
742	0.652457427812831		0.928851449840739		1.17108881473541	0.652232045815669	1.08197524240689	0.602816053687846	4.10100061262828E-4	99.9056155414072
740	0.727450205223135		1.0334193363858		1.16803753376007	0.727224823225974	1.20129536384491	0.605367210357321	4.65601085104895E-4	99.8928488361162
738	0.838359579169612		1.18789778791697		1.16498303413391	0.83813419717245	1.3781186678463	0.608172733399129	4.70801246811357E-4	99.8916527448027
736	0.934571311573254		1.32014151572107		1.16204738616943	0.934345929576093	1.52831941631017	0.61135513924955	4.70656362931094E-4	99.8916860694091
734	0.98135576329061		1.38274322933811		1.15931880474091	0.981130381293448	1.59730614227948	0.614240661400888	4.89718637371225E-4	99.8873016689047
732	0.990444279489646		1.39454158134175		1.15665113925934	0.990218897492484	1.60727721767473	0.616084696904399	4.88856633593991E-4	99.8874999291184
730	0.986790314050145		1.39083324883704		1.15388596057892	0.986564932052983	1.5991557450106	0.616928610694166	5.17174659907657E-4	99.8809870104612
728	0.984839043000812		1.39087907159076		1.15089321136475	0.984613661003651	1.59506086937665	0.617289082759856	5.35592184113599E-4	99.8767513556988
726	0.992704893189109		1.4055971794421		1.1476241350174	0.992479511191947	1.60742100441265	0.61743594768727	5.14349931580819E-4	99.881636656226
724	1.00826510980174		1.43141895668268		1.14410185813904	1.00803972780458	1.63203026675811	0.617659946838464	5.56810627992042E-4	99.8718717692369
722	1.01550935568344		1.44459041414958		1.14027833938599	1.01528397368627	1.64159524861786	0.61847399627959	5.69612538818347E-4	99.8689278406224
720	1.00026742215059		1.42466977336003		1.13600122928619	1.00004204015343	1.61280785887869	0.620062727651084	6.23881253006819E-4	99.8564491656236
718	0.947644677609883		1.3503000446533		1.13137769699097	0.947419295612722	1.52210346815031	0.622440796855974	6.04498404781551E-4	99.8609059240472
716	0.848330639615609		1.20859436925517		1.12621939182281	0.848105257618447	1.35557204228592	0.625643810260555	6.72018158254286E-4	99.8453817580193
714	0.721732630477915		1.02809841843831		1.12039887905121	0.721507248480754	1.14633873108767	0.629401440354519	6.88925136353872E-4	99.8414948773539
712	0.592355849683844		0.844931067790814		1.11375534534454	0.592130467686682	0.935537768175805	0.632930585839705	6.00797305533757E-4	99.8617569518959
710	0.486436357309226		0.696717044640372		1.10628998279572	0.486210975312064	0.765299286598495	0.635321349211121	6.0073617020544E-4	99.8617710093661
708	0.408818990370834		0.589585487756437		1.09837675094604	0.408593608373673	0.642154331208564	0.636285684789638	5.37920471018401E-4	99.8762159100078
706	0.351409393127087		0.51170077737429		1.09038031101227	0.351184011129926	0.552555342586189	0.635563506609561	5.52431702620643E-4	99.8728787672444
704	0.309471272872301		0.455928110360818		1.0826700925827	0.309245890875139	0.48826475463391	0.633356980900669	5.23336198078262E-4	99.879569962412
702	0.28503923348018		0.425211211069495		1.07555782794952	0.284813851483019	0.452019449618733	0.630092027507338	6.20848004579779E-4	99.8571465967164
700	0.271116484512375		0.408903538099989		1.0694442987442	0.270891102515214	0.432009998593836	0.627048224339589	6.37688293540201E-4	99.8532745912674
698	0.272298398570152		0.413706653009996		1.0649927854538	0.272073016572991	0.435327059335144	0.624985308720565	7.50213402147338E-4	99.8274060952451
696	0.28972063208208		0.4412887103949		1.06259047985077	0.289495250084918	0.463653523116485	0.624378411144278	8.20269155024027E-4	99.8113043017471
694	0.316631020158145		0.481804122525489		1.06203079223633	0.316405638160983	0.506437922794429	0.624766874516656	7.16507576290189E-4	99.8351540540146
692	0.342855400851697		0.52063853673799		1.06277585029602	0.342630018854536	0.548065487306452	0.625162552268052	6.92168553593727E-4	99.8407492394745
690	0.361984031451532		0.548755212651032		1.06392598152161	0.361758649454371	0.578572663319604	0.62526052886556	8.25950960505545E-4	99.8099984949043
688	0.374421711150369		0.567064867118886		1.06461536884308	0.374196329153208	0.598440297984409	0.625285981598379	7.80891906496719E-4	99.8203545496395
686	0.382132001036552		0.578689979071946		1.0645604133606	0.381906619039391	0.610785040461461	0.625271730216006	8.31764577767438E-4	99.808662412429
684	0.381825504455746		0.578149936959846		1.06376242637634	0.381600122458584	0.609752723791616	0.625827663525119	7.16212394024343E-4	99.8352219102233
682	0.375770002160607		0.569317047590844		1.06245732307434	0.375544620163445	0.599620065553502	0.626304291229454	7.2543777294976E-4	99.8331012110009
680	0.375416366602938		0.569365075849929		1.06094348430634	0.375190984605776	0.598816654174465	0.626554024491885	8.41206253149522E-4	99.8064925696459
678	0.381373214113315		0.578878292669827		1.05921316146851	0.381147832116153	0.607916551562464	0.626973934393675	8.65991396724151E-4	99.8007967854142
676	0.390166560940971		0.592562992322176		1.05730748176575	0.38994117894381	0.621291755925563	0.627629733091982	8.76626121064542E-4	99.7983529575227
674	0.397408565611741		0.603959892301051		1.05524814128876	0.397183183614579	0.632108210155886	0.628346819789967	8.2641690560344E-4	99.8098914109866
672	0.40392218710671		0.614178822619105		1.05312037467957	0.403696805109548	0.641595412296794	0.629207748952549	8.40176789260533E-4	99.8067291540513
670	0.409767804148782		0.62349247126353		1.0509113073349	0.40954242215162	0.650037394816681	0.630029018972233	7.99106537638847E-4	99.8161680980802
668	0.415103062306174		0.631943214027614		1.0485315322876	0.414877680309012	0.657426263812789	0.631063441096649	8.13713055694425E-4	99.8128110622327
666	0.417767733010858		0.636546410420353		1.04595601558685	0.417542351013697	0.660626163185286	0.632040288868469	9.26957251967611E-4	99.7867878257349
664	0.420826038052349		0.641541214172368		1.04322910308838	0.420600656055187	0.6641145689934	0.633325446681124	8.24156809351523E-4	99.8104108293947
662	0.425659210945634		0.64937355728072		1.04042720794678	0.425433828948473	0.670479879056694	0.634521396148413	8.90727143583264E-4	99.7951126769406
660	0.431483281051757		0.658679407158086		1.03775990009308	0.431257899054595	0.678418230429176	0.63568147156331	8.65012859090358E-4	99.8010216534464
658	0.43975470069644		0.671677609620796		1.03528940677643	0.439529318699279	0.690260087934743	0.636758993286646	9.88271371504028E-4	99.7727008239064
656	0.451546807888091		0.689959127797259		1.03309750556946	0.451321425890929	0.707685269120275	0.637743140325596	9.67371117160116E-4	99.7775024621681
654	0.468403125874936		0.715896101875748		1.03115320205688	0.468177743877774	0.733098389721452	0.638628798592318	9.11746747494663E-4	99.7902827675902
652	0.485514522596113		0.742266637353873		1.02945709228516	0.485289140598951	0.759039875220474	0.639346042864997	9.17353247776389E-4	99.788994538841
650	0.498006017602351		0.761469021920699		1.02793705463409	0.49778063560519	0.777657962848678	0.64010228067587	9.0565670437766E-4	99.7916821208196
648	0.501309838084755		0.766756726062168		1.02666783332825	0.501084456087594	0.782126483568895	0.640669337523404	9.42578208340189E-4	99.7831987010944
646	0.50174147443557		0.767751381819912		1.02560043334961	0.501516092438408	0.782333446279642	0.64105158078483	9.06670042086207E-4	99.7914492775284
644	0.505480568048559		0.773867611959047		1.02465677261353	0.505255186051397	0.787880653503647	0.641283909948245	9.30689492781908E-4	99.7859302815167
642	0.513037243738579		0.785831864535752		1.02378344535828	0.512811861741417	0.799457937098312	0.641449459620982	9.4890821481963E-4	99.7817443337986
640	0.525411616552902		0.805093703448043		1.02288675308228	0.525186234555741	0.818460402711866	0.641675801071869	9.24086650566361E-4	99.7874473990235
638	0.538074344773789		0.824887420715143		1.02184903621674	0.537848962776628	0.837856266942474	0.641934642011283	0.00101919835292732	99.7655960626723
636	0.553053458178291		0.847965153777226		1.02063095569611	0.552828076181129	0.860411361119915	0.642516011715101	8.98415948495456E-4	99.7933459071741
634	0.568239897631769		0.871587891109592		1.01923584938049	0.568014515634608	0.883312400638039	0.643050539338422	9.64133077659248E-4	99.7782463921791
632	0.581453470577017		0.89202453897715		1.0177036523819	0.581228088579856	0.902782985836187	0.643818168595084	9.78036242808615E-4	99.7750522202726
630	0.59451009711176		0.912256261308417		1.01619136333466	0.594284715114598	0.922000768299747	0.644559891431016	9.47209076557176E-4	99.7821347217
628	0.608799398507299		0.934552944263758		1.01451146602631	0.608574016510137	0.943096820883869	0.645293254132468	0.00108289327857863	99.7509652153515
626	0.624765304510397		0.95928812360828		1.01275491714478	0.624539922513235	0.966514595496938	0.646177435315527	0.00108055811855417	99.7515015682233
624	0.640037577703767		0.982913498574913		1.01092803478241	0.639812195706605	0.988654678739078	0.647154369938972	0.00106753427711275	99.7544930112972
622	0.653512876417012		1.00376150599893		1.0092089176178	0.65328749441985	1.00801343317332	0.648094036170966	0.00103409362708853	99.7621743972272
620	0.663708302401663		1.01964460804728		1.00772297382355	0.663482920404502	1.02253501642181	0.648860830924155	0.00110151695529192	99.7466877262885
618	0.671944357666605		1.03254108413101		1.0068142414093	0.671718975669444	1.03459728276539	0.649256466123701	0.00109827020674667	99.747433426815
616	0.678781824985476		1.04336670420494		1.00664889812469	0.678556442988314	1.0453249753514	0.649134440474082	0.0011531715783905	99.7348246440323
614	0.686258711552279		1.05495398595795		1.00700271129608	0.686033329555117	1.05736080638689	0.648816681506631	0.00114261651542765	99.7372486217482
612	0.694604528779673		1.06797736572769		1.00780045986176	0.694379146782511	1.07132341680729	0.648150815980359	0.00115280377906476	99.7349091084184
610	0.702289211366154		1.08008616755919		1.00835275650024	0.702063829368992	1.08412046911673	0.647588390191534	0.00120396282504215	99.723161221899
608	0.711652005823371		1.09475652150448		1.0085117816925	0.711426623826209	1.099086668271	0.647288921214352	0.00122355513812485	99.7186625155895
606	0.723706433265438		1.11338280957702		1.00798010826111	0.723481051268277	1.1172821728828	0.647536556858825	0.00123581191902286	99.7158482671891
604	0.737152912398721		1.13415257115174		1.00688087940216	0.736927530401559	1.13697642304263	0.648146712162677	0.00125043536713868	99.7124907182342
602	0.752267176254343		1.15744769587556		1.00539457798004	0.752041794257181	1.1587188739223	0.649028691240263	0.00126864351355005	99.7083102792777
600	0.768993482950203		1.18294612747533		1.00393652915955	0.768768100953041	1.18263727722254	0.650045551378624	0.00127243674662308	99.7074394065767
598	0.786359042878372		1.20947862187615		1.00287997722626	0.786133660881211	1.2080015663773	0.650772054243907	0.00134155235364224	99.6915727719417
596	0.805552043900313		1.23887622185634		1.00218975543976	0.805326661903152	1.23663214531024	0.651225722182012	0.00138153402453653	99.6823954686261
594	0.825824520625949		1.2697031730271		1.00178515911102	0.825599138628788	1.26701488388916	0.65160966072835	0.00136715534708867	99.6856958208033
592	0.845096661967399		1.29918628997472		1.00154709815979	0.844871279970237	1.29624252483654	0.651784881133088	0.00139700249708444	99.6788450966953
590	0.863460816251929		1.3271203523631		1.00122630596161	0.863235434254768	1.3237956607708	0.652091149590366	0.00140023483541158	99.6781032163219
588	0.880673982992231		1.35348198311714		1.00070452690125	0.880448600995069	1.34948598115432	0.652432565651368	0.00145414619276886	99.6657303943258
586	0.896712849200115		1.3778818878048		0.999973237514496	0.896487467202954	1.37289906284759	0.652988622006566	0.00149559907780233	99.6562178744295
584	0.910116511866284		1.39807495413037		0.999053955078125	0.909891129869122	1.39181090985256	0.653746226177744	0.00147603984574499	99.660706172269
582	0.922795604222847		1.41732703046945		0.998229086399078	0.922570222225685	1.40987974405514	0.654360931218263	0.00153733670195352	99.6466409304971
580	0.936594857097395		1.43819697545442		0.997582137584686	0.936369475100234	1.42978549020429	0.654902068537877	0.00155254782920589	99.6431508765023
578	0.950201454638241		1.45883240505947		0.997147619724274	0.949976072641079	1.4497392866052	0.655273731917415	0.00162211654708241	99.6271905285007
576	0.964843151967431		1.48088597430728		0.996688485145569	0.964617769970269	1.47105229564633	0.655733159742256	0.00158187250304384	99.6364229433301
574	0.982094015240785		1.50709170052093		0.996220171451569	0.981868633243624	1.49646776584471	0.656124144905578	0.00168340841575807	99.613131160813
572	1.0011329064611		1.53581122677336		0.9957315325737	1.00090752446393	1.5243306969853	0.656620985487892	0.0016548839972914	99.6196739562435
570	1.01922981007531		1.56319713242565		0.995352268218994	1.01900442807815	1.55100871771218	0.656994648992837	0.0017454554023177	99.5989006021122
568	1.03704232770433		1.5898617807566		0.995181918144226	1.03681694570717	1.57727944540184	0.657345119617038	0.00174068190933527	99.5999953368734
566	1.05625229741517		1.6187863399672		0.995282471179962	1.056026915418	1.60622692025567	0.657458110121771	0.00178808193361903	99.589125328687
564	1.07696566128504		1.65002266064316		0.995623111724854	1.07674027928787	1.63787626247083	0.657400259079128	0.00183801877094658	99.5776748492254
562	1.09973064624046		1.68424259092635		0.996170461177826	1.0995052642433	1.67286557796804	0.657258585940194	0.0018875234303639	99.5663247673385
560	1.12620264015324		1.72416249188988		0.99668163061142	1.12597725815608	1.71351141499963	0.657116870246421	0.00195031266541787	99.5519307519313
558	1.15354317379643		1.76508400295684		0.997178435325623	1.15331779179927	1.75517157819382	0.65709689361886	0.00197539908850431	99.5461804377323
556	1.18242616379332		1.80827220346786		0.997675478458405	1.18220078179616	1.79913425126888	0.657094255730161	0.0020119037373617	99.5378134291842
554	1.20939163457181		1.84849682855127		0.99818366765976	1.20916625257464	1.84020224592644	0.657083347904458	0.00206159731374015	99.5264245970461
552	1.23869311364174		1.89219209204855		0.998678505420685	1.23846773164457	1.88475202489354	0.657098501705829	0.0021044673528949	99.5166006381496
550	1.26629275281368		1.9331613338282		0.999059557914734	1.26606737081652	1.92640187727312	0.65721871731597	0.00214825642554191	99.5065670776218
548	1.29404971101576		1.97418767887911		0.999196529388428	1.29382432901859	1.96765936934616	0.657544872438224	0.00218697770297063	99.4976955635004
546	1.32220953207023		2.01583105761896		0.99907249212265	1.32198415007307	2.00901986418083	0.65802442954545	0.00228648354595191	99.4749011961884
544	1.3500823627694		2.05646566316949		0.998806416988373	1.34985698077224	2.04907092246652	0.658765377992569	0.00230283351758046	99.4711563150869
542	1.37707522154826		2.09555614763243		0.998482644557953	1.3768498395511	2.08743786728921	0.659588417517358	0.00232491995453898	99.466097748489
540	1.39794107961918		2.12536390019887		0.99831360578537	1.39771569762202	2.11684195807469	0.660283443594093	0.00236099814112414	99.4578351351451
538	1.41914089154619		2.15552480584007		0.998360693454742	1.41891550954903	2.14705326627903	0.66086646839838	0.00237396712593984	99.4548651506104
536	1.43825061803233		2.18259751813424		0.998661279678345	1.43802523603517	2.17473617012031	0.661241237347708	0.00246271037033482	99.4345447318821
534	1.46075801296193		2.21449850921771		0.999168038368225	1.46053263096477	2.20771416459208	0.661558753569273	0.00249422773677756	99.4273288877938
532	1.48022981342123		2.24162894367961		0.999805629253387	1.48000443142407	2.2362481161792	0.661824786219504	0.00256391801479273	99.4113752835903
530	1.50030007701291		2.26952441964237		1.0004802942276	1.50007469501575	2.26566600176338	0.662089952291392	0.00261392030653557	99.3999302603344
528	1.52016944338859		2.2968606158222		1.00102841854095	1.51994406139143	2.29427158144068	0.66249526589916	0.00265037784375916	99.3915863261913
526	1.53706331050859		2.31971008350433		1.0014044046402	1.53683792851143	2.31801486702671	0.662997442498163	0.00273495336797442	99.3722324605353
524	1.555236838268		2.34425328164845		1.00163662433624	1.55501145627084	2.3431357669591	0.663645478080395	0.00281329100423756	99.354309405835
522	1.5772545225062		2.37422196805214		1.00181710720062	1.57702914050903	2.37358111454274	0.664409204659873	0.00282745213960214	99.3510697909084
520	1.60183378144118		2.40810278334645		1.0020604133606	1.60160839944402	2.40810819773935	0.66508988298265	0.00293540798514777	99.3263764175413
518	1.63050658284029		2.44776401365672		1.00242054462433	1.63028120084312	2.44873088168732	0.665765769948456	0.00299647680400745	99.3124105066413
516	1.66121387519805		2.49029230450241		1.00289297103882	1.66098849320089	2.49253625736357	0.666384887398898	0.00303496033080644	99.3036106654196
514	1.69931309745793		2.5435500386646		1.00349617004395	1.69908771546077	2.54747934798949	0.666968200076563	0.00312036693839603	99.2840839364867
512	1.73761287635762		2.59682171813924		1.00418245792389	1.73738749436046	2.60271604714965	0.66752863658068	0.00319452089966878	99.2671330427587
510	1.78215116475388		2.65904909582028		1.00497353076935	1.78192578275671	2.66730327704301	0.66806268267033	0.00327148139451396	99.2495436624294
508	1.83682945433031		2.73590079473194		1.00580215454102	1.83660407233315	2.74680013423838	0.668634040547837	0.0033261960658312	99.2370404777813
506	1.90383914156256		2.83087393644229		1.00663805007935	1.90361375956539	2.84468650527954	0.66918226526277	0.00344113165663191	99.210780971365
504	1.98200163514672		2.94196760787338		1.00742840766907	1.98177625314956	2.95883891931941	0.66978173100596	0.00350225931796709	99.1968178737505
502	2.06621812040591		3.06075890866825		1.00814700126648	2.06599273840875	3.08070853785641	0.670622589907934	0.00360576654586347	99.1731786966469
500	2.15225832391953		3.18189938669982		1.00866842269897	2.15203294192237	3.20449247905914	0.671567480961672	0.00364930369939121	99.1632372820709
498	2.25702334303216		3.33035481579412		1.00904226303101	2.256797961035	3.35547795447005	0.672571237736362	0.00378846060520325	99.1314684263761
496	2.40906750990509		3.54776907762069		1.00876116752625	2.40884212790793	3.57386226162046	0.674016498558542	0.00387707876205203	99.1112426299021
494	2.62156657888021		3.85233241136465		1.00816118717194	2.62134119688304	3.87878556954051	0.675814929669745	0.00394189154568074	99.0964526740303
492	2.81196355565848		4.12198586731842		1.00794267654419	2.81173817366132	4.14974010087189	0.677569704442588	0.00407681990528434	99.0656697709356
490	2.91588808405181		4.2625326929287		1.00791668891907	2.91566270205465	4.29129259989252	0.679436937515674	0.00413196113916602	99.0530924605562
488	2.94950605022607		4.30082572256084		1.00887954235077	2.94928066822891	4.33402508598233	0.68049460021998	0.00426579775704884	99.022571952117
486	3.02612219005665		4.40217851024179		1.00954282283783	3.02589680805949	4.43919443850073	0.68163196047827	0.00429830617717903	99.0151600529807
484	3.21231320493767		4.66178548918492		1.01009511947632	3.21208782294051	4.70385075760207	0.682863464098925	0.00443931504976069	98.9830165414085
482	3.42402950047841		4.95499053684146		1.01073944568634	3.42380411848125	5.00320518862893	0.684322147383186	0.00454555709323246	98.9588051544385
480	3.5368191777621		5.10199301184		1.01162850856781	3.53659379576494	5.1563179839541	0.68587581424777	0.00465848388281811	98.9330768805039
478	3.52918887994103		5.07467969651946		1.0127238035202	3.52896349794386	5.13423990915053	0.68733903370085	0.00472326217316414	98.9183213680218
476	3.57767006871215		5.13049881006594		1.01399922370911	3.57744468671499	5.1973064875594	0.688326673687262	0.00490244715771456	98.8775172071893
474	3.78302198683692		5.41142333775202		1.01552999019623	3.78279660483975	5.49043979475075	0.688978797009372	0.00501170531412956	98.8526451056681
472	4.18491811316071		5.97120654840586		1.01726651191711	4.18469273116354	6.06927697407081	0.689487849877572	0.00516681853127021	98.8173450626571
470	4.69966324293982		6.69095920177987		1.01911818981171	4.69943786094266	6.81383758790893	0.689690325064653	0.00529265369414719	98.7887172629723
468	5.17209497200911		7.34832142571568		1.02110064029694	5.17186959001195	7.4983252656308	0.689736628753309	0.00540050022744626	98.7641885194468
466	5.40324917762843		7.65135897821574		1.02326714992523	5.40302379563127	7.82432313168467	0.690542006598842	0.00560645320208302	98.7173632500094
464	5.28395520349573		7.44685508743134		1.02553856372833	5.28372982149857	7.63196467304994	0.692315812225458	0.00575010063940679	98.6847168500989
462	5.06413944997954		7.11233330654146		1.027627825737	5.06391406798238	7.30374888044986	0.693330801875882	0.00588784550726906	98.6534220527067
460	4.8833603491394		6.84620941600327		1.02919805049896	4.88313496714224	7.04101488652994	0.693527147128191	0.00601700415043213	98.6240870090083
458	4.72616485904486		6.62169715127538		1.03004312515259	4.7259394770477	6.81553894997707	0.693406568685754	0.0062036468180486	98.5817113661606
456	4.5373795009125		6.3601550624767		1.03006207942963	4.53715411891533	6.5462597778636	0.693091058539699	0.0063998688333941	98.5371804462804
454	4.33906177709556		6.09420217291439		1.02918720245361	4.3388363950984	6.26698444145555	0.69233240255032	0.00658187485180859	98.4958937084881
452	4.19755887971176		5.91555602616729		1.02735614776611	4.1973334977146	6.07230146341113	0.691226139381547	0.00673229845111365	98.4617842691899
450	4.05638087490478		5.73925521632488		1.02460694313049	4.05615549290762	5.87541295330863	0.690360920184083	0.00697457759698535	98.4068708747448
448	3.8424568987088		5.4582455152993		1.02102768421173	3.84223151671164	5.5679696919167	0.690059703861104	0.00719898484075896	98.3560355287292
446	3.51529556212545		5.01333114207709		1.01675081253052	3.51507018012829	5.09227957952012	0.690274389934327	0.00741309726437496	98.3075567668693
444	3.22597618095729		4.61989777450855		1.0121191740036	3.22575079896013	4.6708810953083	0.690608631035428	0.00768244180902343	98.2466064300654
442	3.053624943853		4.38756893754626		1.00782012939453	3.05339956185584	4.41689553358316	0.691299927435414	0.00797390523386674	98.1806933529205
440	2.99623316429717		4.31220391831616		1.0045450925827	2.99600778230001	4.32683472217817	0.692424826615932	0.0082456561433233	98.1192780043207
438	2.97106401888993		4.27758751464589		1.00285410881042	2.97083863689277	4.2848360164206	0.693337767304921	0.00849712336155968	98.0624809669709
436	2.94343136030894		4.23601813492918		1.00277864933014	2.94320597831178	4.24282871867282	0.693689557949545	0.00883288457056048	97.9866963228474
434	2.91672705865783		4.19153403598583		1.00421047210693	2.91650167666067	4.20421546600762	0.693708897710283	0.00909405198450258	97.9277887382391
432	2.89398964908072		4.15028223927566		1.00665414333344	2.89376426708356	4.17291981845029	0.693462705487168	0.00941772019376068	97.8548329325963
430	2.89547433901619		4.14123729790556		1.00962591171265	2.89524895701903	4.17610679018715	0.693289013542991	0.00975226610719066	97.7794823810631
428	2.90388637023258		4.14190395317633		1.01240730285645	2.90366098823542	4.18828636060846	0.693281389626277	0.010095179573018	97.7023074026194
426	2.90054551087093		4.12845461729257		1.01423370838165	2.90032012887377	4.18220135351367	0.693491270198425	0.010434634943895	97.6259706858656
424	2.8743653376357		4.08849639723739		1.01462960243225	2.87413995563854	4.14329103308198	0.693685269195441	0.0107702632423981	97.5505532397521
422	2.84290151696064		4.04908122649645		1.01337480545044	2.84267613496348	4.09822466548968	0.693635992897383	0.0111002577640466	97.4764585355311
420	3.32910192517413		4.75977688527775		1.01114857196808	3.32887654317697	4.80784037690394	0.692384996633484	0.0114846768333656	97.3902146809698
418	3.20070934023794		4.59961221062476		1.0079870223999	3.20048395824078	4.63136383013329	0.69104567803922	0.0119070224415083	97.2955500298637
416	3.02014917250239		4.36848295373581		1.00422537326813	3.01992379050523	4.38197444400644	0.689169649228741	0.012287616675312	97.2103223654314
414	2.83935333582247		4.13683915095048		1	2.83912795382531	4.13189306916787	0.68712522475735	0.0127143916875304	97.1148420850979
412	2.68037458889913		3.93543949843492		0.995681941509247	2.68014920690197	3.91352131618169	0.684843390483155	0.0131829119664107	97.0101303270845
410	2.56103496291114		3.78699178418433		0.991583049297333	2.56080958091398	3.75021241016938	0.682843876781454	0.0136460821193404	96.9067252702715
408	2.45807014642804		3.65781710452471		0.988153755664825	2.45784476443088	3.60959822008182	0.680919208890556	0.0141490847248701	96.7945522627134
406	2.37373721707751		3.55117362106412		0.985654711723328	2.37351183508035	3.49535588293584	0.6790472600137	0.0146875376588538	96.674617479888
404	2.30541800836613		3.46456714191799		0.98426741361618	2.30519262636897	3.40519227295153	0.676964013069045	0.0151853059494317	96.5638769702402
402	2.26705510080458		3.41795867530736		0.984128773212433	2.26682971880742	3.3588438966241	0.674883914994013	0.0156920351534893	96.4512731882555
400	2.26750136545123		3.42649372654278		0.985299050807953	2.26727598345407	3.37124764667639	0.672533204639922	0.0163772429573406	96.2992172465524
398	2.29765719540886		3.4756987776157		0.987817049026489	2.2974318134117	3.42846868589858	0.670104359669703	0.017003059569465	96.1605503926877
396	2.34147624796814		3.54140173389613		0.991658091545105	2.34125086597098	3.5069548628088	0.667602224026293	0.0176014190165039	96.0281541574346
394	2.36928447783749		3.58063312534093		0.996615350246429	2.36905909584033	3.5635845952875	0.664796648569304	0.0182962670077944	95.8746370784422
392	2.37907196314995		3.58962426788313		1.0025714635849	2.37884658115279	3.59389605551967	0.661913017072167	0.0189382766663046	95.7330120473779
390	2.37584170193239		3.57781101841862		1.0093150138855	2.37561631993522	3.60614622313178	0.658768716780459	0.0196526039554202	95.5756798751184
388	2.38302429223572		3.58064265414949		1.01699423789978	2.38279891023856	3.63646281057512	0.655251829692632	0.0203668707896992	95.4186195525129
386	2.39352488789688		3.5876881082229		1.02549052238464	2.39329950589972	3.67406799226367	0.651403161547143	0.0211260983275896	95.2519557787131
384	2.41242688733307		3.60741469749954		1.03449034690857	2.41220150533591	3.72671900800025	0.647272171622699	0.0219108516838433	95.0799945836802
382	2.43974098878643		3.64109610361496		1.04369103908539	2.43951560678927	3.79501719455657	0.642820699281263	0.0227593692211911	94.8944101823919
380	2.46449397452737		3.67189207273019		1.0526317358017	2.46426859253021	3.85994372354223	0.638420860257718	0.0235974454435931	94.7114650461236
378	2.48092317368047		3.69217947011006		1.06117713451386	2.48069779168331	3.91280776130914	0.633994293359641	0.0244423340264128	94.5273898343143
376	2.48384255843443		3.69393661609913		1.06922745704651	2.48361717643727	3.9443699680759	0.629661313857127	0.0253412742478928	94.3319312383928
374	2.47817366929693		3.68464609611672		1.07646524906158	2.47794828729976	3.96106919240209	0.625575612779708	0.0263086240102148	94.1220496421044
372	2.47250484363598		3.67686925044467		1.08239138126373	2.47227946163882	3.97445799042244	0.622041915550866	0.0273490114138229	93.8968425514309
370	2.47073613514696		3.6760814306236		1.08660447597504	2.4705107531498	3.98907210196081	0.619319653795034	0.028361568534743	93.6781771713666
368	2.47221012439888		3.68148513421529		1.08728444576263	2.47198474240172	3.99744372594896	0.618391380059989	0.0294743296542202	93.4384596375124
366	2.47965183579493		3.69714702624255		1.08414971828461	2.47942645379776	4.00289861378641	0.619407757483128	0.0306653326576997	93.1825663756171
364	2.48826990216674		3.71566912821933		1.07767069339752	2.48804452016958	3.99893747845963	0.622176398998857	0.0317641718338615	92.9470965907994
362	2.50155891578551		3.74239863250705		1.06871128082275	2.50133353378835	3.99425770249899	0.626232386614265	0.0329931451795675	92.6844452398172
360	2.52190525359484		3.7803704609686		1.05907070636749	2.52167987159768	3.99844136410157	0.630665712454255	0.0342608793203601	92.4142877471723
358	2.55048930377359		3.83155297785393		1.04836678504944	2.55026392177643	4.01168756928231	0.635708508634602	0.035600083245227	92.1297551074944
356	2.5801910199635		3.8845767422905		1.03684234619141	2.57996563796634	4.02256535639712	0.641373205748765	0.0368882987595185	91.8568823484696
354	2.61068624689243		3.9402481287868		1.02479386329651	2.61046086489527	4.03287338798808	0.647295517055043	0.0383084557933468	91.5569979486544
352	2.63300432541653		3.98489979853025		1.01273274421692	2.63277894341937	4.03062944941817	0.653193000363608	0.0397255614465921	91.2587337663457
350	2.65771419104045		4.03393887059993		1.00126516819	2.65748880904329	4.03409014233148	0.65875791449405	0.0412132642922737	90.9466561056374
348	2.67575276030431		4.0746576497341		0.990810453891754	2.67552737830715	4.03231276585054	0.663521788529417	0.04281172118331	90.6125346465104
346	2.69033068016794		4.11121394841615		0.981342911720276	2.69010529817078	4.02965686454557	0.667576766111113	0.0444498275161561	90.2713988756665
344	2.69608276510589		4.13634618220244		0.972720801830292	2.69585738310873	4.01869881836213	0.67082842107771	0.0462079540382538	89.9066976524277
342	2.69851351949071		4.15677182909348		0.964752793312073	2.69828813749355	4.00548548706315	0.673648212235054	0.0479518052072708	89.5464132029068
340	2.70058289936525		4.17775954385337		0.957048177719116	2.70035751736809	3.99358351983662	0.676174043676583	0.0496725838110657	89.1923108800573
338	2.69475426657604		4.18907720249956		0.950148642063141	2.69452888457888	3.97554650256334	0.677775717839425	0.0516024134820855	88.7968554650694
336	2.68230091701643		4.1910350809097		0.944044172763824	2.68207553501927	3.95185292629668	0.678688095189986	0.0534561317085518	88.4186476784994
334	2.66133634922911		4.183304849007		0.938558220863342	2.66111096723195	3.92163297069487	0.67857216295293	0.0555194563777314	87.999568702795
332	2.63333515061052		4.16735902875821		0.933434963226318	2.63310976861336	3.88534177609293	0.677703512420779	0.0576060022465592	87.5777932373149
330	2.58889243838577		4.12932309629301		0.928119659423828	2.5886670563886	3.82791539004286	0.676260259858988	0.0597380380233703	87.1489104736104
328	2.52737577359251		4.06908247153372		0.923022568225861	2.52715039159535	3.75128960808825	0.673675097264284	0.0620465445151027	86.6868966086221
326	2.45580368891756		3.99481785024843		0.918195605278015	2.4555783069204	3.66348272342815	0.670285215545541	0.0642783198048173	86.2425680793409
324	2.37623016872771		3.91184209618546		0.913534343242645	2.37600478673055	3.56908368463482	0.665718429903853	0.0668005364529352	85.7431557511602
322	2.2923826519729		3.8235147527884		0.908978700637817	2.29215726997574	3.47099758886712	0.660374204040823	0.0693138775293526	85.2483775960701
320	2.2130786727976		3.74088535858732		0.904343068599701	2.21285329080044	3.37857078968772	0.6549672712363	0.0719472247734111	84.7330375005754
318	2.13424934694071		3.6559386621494		0.899914681911469	2.13402396494355	3.28558182662192	0.649511738728374	0.0746902463497654	84.1995467444347
316	2.0583996231227		3.57464602819689		0.895963847637177	2.05817424112554	3.19832209889956	0.643516874624255	0.0776104113100065	83.6352941515501
314	1.99931476496035		3.51839982480836		0.892610192298889	1.99908938296319	3.13614462119547	0.637435330453975	0.0805046407594816	83.0797840961768
312	1.94845067580813		3.47595629958733		0.88999992609024	1.94822529381096	3.08919883730467	0.630657136822825	0.0836439157741494	82.4814114674229
310	1.8976495773783		3.43328986909375		0.888025283813477	1.89742419538114	3.04445596473715	0.623239165669772	0.0868400103053463	81.8766357828941
308	1.84132737545492		3.3805358653983		0.887133359909058	1.84110199345776	2.99459830641368	0.614807665360185	0.0901934088228321	81.2468610592236
306	1.78398899921919		3.32641747205985		0.887335538864136	1.78376361722203	2.94725960591347	0.605227857648857	0.0936704967056167	80.5989721234435
304	1.72328520795784		3.26528991126895		0.888603985309601	1.72305982596068	2.89715452036113	0.59474212157172	0.097283627469277	79.9312072676026
302	1.65756028878687		3.19798557804179		0.891015827655792	1.65733490678971	2.84504872949701	0.582533047538597	0.101147016929356	79.2233099133805
300	1.59040056005132		3.12717155732866		0.894482612609863	1.59017517805416	2.79277640052351	0.569388647711318	0.105265990065727	78.4754852701415
298	1.51700175175086		3.04336563969478		0.900495111942291	1.5167763697537	2.73608195992977	0.554360721632999	0.109593189605015	77.6974580034338
296	1.43829230382318		2.94808215618879		0.909423410892487	1.43806692182602	2.6765568475072	0.537282413099261	0.114132957315986	76.8895010477142
294	1.35309404732768		2.84033165124825		0.92107892036438	1.35286866533052	2.61161387914016	0.518020169878991	0.119229273193754	75.992499063578
292	1.26790996075399		2.72655918344114		0.934718489646912	1.26768457875683	2.54394208778552	0.498315030378833	0.124319878107213	75.1069492588243
290	1.17998205339049		2.60449389828436		0.948803901672363	1.17975667139333	2.46646111088074	0.478319591656588	0.129836441433287	74.1589476888435
288	1.09023868704987		2.47357893298716		0.962523102760315	1.09001330505271	2.37611615151745	0.458737383000657	0.135602279438301	73.1808956691409
286	0.993163260191672		2.32308251024867		0.97529125213623	0.99293787819451	2.26085817994128	0.439186273161238	0.141782336566514	72.1468980597046
284	0.89891526923526		2.16958756457294		0.986907541751862	0.898689887238099	2.13630100455472	0.420675684429319	0.147973027784145	71.1257685524972
282	0.808658585941123		2.01845404222762		0.996903836727142	0.808433203943961	2.00727381104828	0.402751831610738	0.154496438503506	70.0653928658606
280	0.725537479095524		1.87628799787382		1.00535523891449	0.725312097098363	1.88136339914258	0.385524719694727	0.161072805318882	69.0124101432948
278	0.649906827542261		1.74314761266363		1.00982344150543	0.649681445545099	1.75527665194429	0.370130511805907	0.167545391344691	67.9914978320908
276	0.579274168522737		1.61385405360995		1.01022160053253	0.579048786525575	1.62535358640897	0.356260195546075	0.174273608415272	66.9462710565782
274	0.513728505332496		1.49100995497972		1.00653350353241	0.513503123335334	1.49577307676203	0.343302825350311	0.181329232254995	65.8674374579293
272	0.460996282337637		1.39089997369028		0.99854451417923	0.460770900340476	1.38393665566977	0.332942189552369	0.187981090129007	64.8662676735768
270	0.418489142309733		1.31101916834541		0.988452672958374	0.418263760312572	1.290991433492	0.323986472304631	0.19460406851913	63.8845634584632
268	0.383288675531442		1.24665402181305		0.972882628440857	0.383063293534281	1.2080360844527	0.317095903395822	0.201420246975121	62.8897333042372
266	0.35399363078766		1.1925339930376		0.953488886356354	0.353768248790498	1.1323518749528	0.31241900739136	0.207856108791698	61.964634338162
264	0.32987860982689		1.14961108976673		0.931065678596497	0.329653227829728	1.06575830242441	0.309313309668644	0.214258225591642	61.0578875060309
262	0.308485870959734		1.11055491591156		0.906938552856445	0.308260488962573	1.00271927605022	0.307424516836688	0.220206474986579	60.2273181531816
260	0.288043125680091		1.07190826445466		0.883175373077393	0.28781774368293	0.94231472374086	0.305436959045204	0.226126073148744	59.4119664115082
258	0.268181871792168		1.03001951034958		0.859192788600922	0.267956489795006	0.880735697611165	0.304241659015059	0.231440685520788	58.6893520087756
256	0.247777856675944		0.982747918131239		0.834685504436493	0.247552474678783	0.816157019011589	0.303314765311438	0.236565509821721	58.0008676290486
254	0.226691421213326		0.929354718881697		0.80953711271286	0.226466039216165	0.748343099044029	0.302623274679039	0.241445886311862	57.3527324385288
252	0.205820807588225		0.872839273245705		0.784095585346222	0.205595425591064	0.68051121997826	0.302119082764913	0.246259706044762	56.7205317876852
250	0.185766331655175		0.815320491737257		0.758817315101624	0.185540949658014	0.614926133988852	0.301728840916977	0.251030616551451	56.1008425106827
248	0.166800775395509		0.757865461754434		0.735633492469788	0.166575393398347	0.553872713036864	0.300746704933378	0.255682712730492	55.5031059982324
246	0.148238578814406		0.699141603346505		0.715051770210266	0.148013196817245	0.496385736566306	0.298181808851136	0.260753779013727	54.8587895812032
244	0.130627978146249		0.640896267885882		0.697206974029541	0.130402596149088	0.44338890488659	0.294104328529471	0.266292168104086	54.1636386303708
242	0.113951921846917		0.582875129506883		0.681808710098267	0.113726539849755	0.39403705855721	0.288618893527861	0.272474100514097	53.3981116999825
240	0.0978736705683888		0.52371318333215		0.667849898338318	0.0976482885712272	0.346458556031128	0.281846953615006	0.279657223166227	52.5221840025744
